8.934161943547865192e+00
5.887397289276123047e+00
4.362001587362850152e+00
1.342767000198364258e+00
7.485793110202340062e-01
4.654438004774205662e-01
4.555718618280747423e-01
4.049133114955004720e-01
4.194750645581413750e-01
3.352463753784404310e-01
3.783238714232164401e-01
3.866321882780860419e-01
3.117458469727459880e-01
2.818794268019059190e-01
3.036301241201512791e-01
2.918018365607542020e-01
3.812110204907024347e-01
2.709272609037511326e-01
2.715816059533287530e-01
2.906634430674945868e-01
2.632979890879462714e-01
2.921929131535923041e-01
2.708507671075708889e-01
2.484028619878432265e-01
2.420564986327115309e-01
2.574442598749609457e-01
2.290458907099331143e-01
2.168238706448498976e-01
2.187086944194401028e-01
2.113580028800403354e-01
2.240913115880068529e-01
2.235390026779735806e-01
2.102178343955208306e-01
1.943774705424028415e-01
2.518892235615673991e-01
2.832370172528659857e-01
2.340734075097476719e-01
2.036259218173868402e-01
1.816029583706575412e-01
1.984616574995657912e-01
2.237439988290562398e-01
2.077943314524257901e-01
1.899805353844866984e-01
1.852634172229205844e-01
2.200771368601742994e-01
1.772521734237670898e-01
1.876753454699235935e-01
1.791815065285738695e-01
1.735903822323855150e-01
1.554475461735445041e-01
1.782452170463169339e-01
1.764342907597036825e-01
1.482961743193514093e-01
1.710366085171699524e-01
1.963788222740678324e-01
1.948325791779686456e-01
2.217215843060437452e-01
1.997312167111565118e-01
1.814141593435231459e-01
1.702145075096803684e-01
1.710337720373097670e-01
1.629458139924442051e-01
1.500951086773592014e-01
1.612320029560257439e-01
1.477243882768294325e-01
1.367340026532902486e-01
1.330122044857810493e-01
1.243331756661919946e-01
1.295467172475422146e-01
1.391831237603636251e-01
1.220441819990382426e-01
1.249779151643023722e-01
1.242795078193440206e-01
1.234086984220673089e-01
1.347642001860281935e-01
1.223278615404577857e-01
1.307268878992866035e-01
1.417591939954196689e-01
1.320924662491854418e-01
1.313166644643334879e-01
1.293714287526467333e-01
1.219319661750512956e-01
1.275415424914921048e-01
1.276139529312358134e-01
1.296931649832164524e-01
1.199708405662985450e-01
1.283405905260759372e-01
1.368779816171702135e-01
1.186730546109816542e-01
1.294124086990076083e-01
1.111718056833042867e-01
1.277186791686450718e-01
1.206877858323209401e-01
1.311443123747320638e-01
1.211618242018362990e-01
1.096149945960325361e-01
1.103930569746914975e-01
1.116209130953339929e-01
1.287054318715544210e-01
1.212696319117265581e-01
1.233356910593369493e-01
1.167725517469293955e-01
1.237023823401507266e-01
1.251148704220266805e-01
1.174002272241255751e-01
1.211069215308217401e-01
1.106156123911633260e-01
1.140626007143188958e-01
1.360218209378859511e-01
1.175744134713621741e-01
1.178636053467498057e-01
1.296781542546608934e-01
1.216741177965613013e-01
1.135395625058342461e-01
1.202664712772649885e-01
1.142633706331253052e-01
1.402240781223072774e-01
1.144298897946582072e-01
1.241865657708224185e-01
1.108789286192725654e-01
1.186231891898547885e-01
1.227926348938661455e-01
1.257266713415875203e-01
1.156820694313329817e-01
1.166177150957724562e-01
1.274385377764701843e-01
1.254313355859588142e-01
1.128888932221076002e-01
1.234776062123915663e-01
1.258756172131089701e-01
1.321417833952342746e-01
1.112654973917147627e-01
1.199607691344092841e-01
1.159292626030304918e-01
1.324346696629243869e-01
1.201481608783497579e-01
1.174638854230151408e-01
1.209558252902591946e-01
1.274388511391247036e-01
1.194591509068713420e-01
1.228852701537749281e-01
1.167325342402738692e-01
1.198046387118451711e-01
1.275332990814657674e-01
1.250011075068922506e-01
1.125500601004151696e-01
1.139322874300620070e-01
1.242734507164534458e-01
1.217973425107843760e-01
1.112177867223234778e-01
1.205149956924073812e-01
1.248369523707558160e-01
1.203845226589371209e-01
1.146907762569539663e-01
1.344815453185754794e-01
1.276324207291883450e-01
1.247915428350953454e-01
1.256501554128001685e-01
1.195900799597010844e-01
1.222406665191930891e-01
1.212042552583357802e-01
1.308844337130294078e-01
1.354515131782083048e-01
1.222680390757672902e-01
1.309823652400690097e-01
1.279823858948314907e-01
1.247691889019573452e-01
1.282784220050363078e-01
1.193158753654536136e-01
1.290453939753420098e-01
1.287633728455094828e-01
1.265206323827014201e-01
1.131284193081014272e-01
1.195041186669293515e-01
1.181830062585718516e-01
1.342019377385868795e-01
1.285573099465931179e-01
1.253581423969829800e-01
1.064744223566616299e-01
1.199787916506037944e-01
1.184570048661792996e-01
1.156145023072467082e-01
1.309160432394813056e-01
1.301193627364495287e-01
1.257411193321733012e-01
1.233473761993296031e-01
1.121373851509655240e-01
1.269385499112746229e-01
1.177385572124930030e-01
1.150236734572578912e-01
1.127495835809146640e-01
1.243006683447781674e-01
1.133530582575237033e-01
1.254124185618232246e-01
1.292413495042744886e-01
1.392409713829264872e-01
1.122701220652636417e-01
1.230151276378070591e-01
1.226051322677556149e-01
1.276774586123578803e-01
1.191990033668630239e-01
1.201661404441384667e-01
1.243227939395343540e-01
1.172966847524923445e-01
1.140730762306381707e-01
1.296266282305997830e-01
1.240361709805095913e-01
1.135099223431418891e-01
1.280717459671637526e-01
1.279582817326573863e-01
1.132743533919839257e-01
1.245497430072111250e-01
1.119427943930906416e-01
1.206175023142029290e-01
1.165511314483249905e-01
1.173228972098406681e-01
1.319557796506320713e-01
1.190034089719547994e-01
1.209529817980878469e-01
1.288648778024841790e-01
1.200760624864522091e-01
1.303603324820013509e-01
1.257996164700564135e-01
1.232359378653414134e-01
1.162721251740175127e-01
1.200465073480325578e-01
1.226160802385386356e-01
1.248572135672849776e-01
1.190650375450358622e-01
1.280167961821836453e-01
1.217983479008955122e-01
1.159759141943034061e-01
1.223763104747323388e-01
1.211078088073169468e-01
1.231105800937203759e-01
1.118897418765460727e-01
1.241544752436525706e-01
1.201606164960300205e-01
1.281791316235766642e-01
1.206905166892444370e-01
1.306787299759247789e-01
1.227923256947713732e-01
1.252574839574449317e-01
1.139870833824662560e-01
1.173072150524924750e-01
1.333608688677058451e-01
1.238071318058406589e-01
1.310197518152349250e-01
1.190371368737781765e-01
1.233213951482492327e-01
1.256141631918794854e-01
1.223639140234274031e-01
1.258726369808702006e-01
1.244719988282989021e-01
1.213579366312307478e-01
1.106707681627834561e-01
1.230496181284680135e-01
1.302251381909146077e-01
1.187338785213582631e-01
1.380534969708498705e-01
1.199635670465581533e-01
1.285230030908304233e-01
1.321347929975565660e-01
1.210115740404409529e-01
1.251062505385454882e-01
1.253756714217802992e-01
1.259149126708507538e-01
1.149104246321846490e-01
1.227321225930662757e-01
1.220695247106692305e-01
1.173284934724078410e-01
1.196803319103577623e-01
1.191923947018735525e-01
1.303498048116178976e-01
1.213162712314549557e-01
1.236952350420110341e-01
1.130555662162163744e-01
1.205721672843484277e-01
1.172754523508688917e-01
1.109534462585168718e-01
1.266832750509767069e-01
1.221264780444257375e-01
1.319817273932344659e-01
1.278235097141826870e-01
1.213860042831477054e-01
1.308328051339177622e-01
1.227479327250929481e-01
1.207880724002333289e-01
1.213977172532502286e-01
1.203535427065456631e-01
1.272850474890540595e-01
1.153324956403059126e-01
1.104147811146343472e-01
1.200654256869764930e-01
1.175606993629651903e-01
1.172822571414358500e-01
1.149847630192251807e-01
1.221760029301923872e-01
1.281865480191567430e-01
1.247748802689944980e-01
