5.098194120561375664e-01
6.654216655913521017e-02
2.610683090546551954e-02
2.027552514610921758e-02
1.383411961005014471e-02
9.568845579291091960e-03
7.162574979969684071e-03
7.045920527375796466e-03
6.122445030247464053e-03
5.720860845244982867e-03
7.376190494088565551e-03
5.500232992584214338e-03
4.318796741940519185e-03
4.225167801932376566e-03
4.788628245210822636e-03
4.905162707847707769e-03
4.758129759198602253e-03
4.202568492687800555e-03
4.222760565907639208e-03
4.596748416695524767e-03
3.924797850606196424e-03
3.692030797109884400e-03
3.581245155895457395e-03
3.452925778487149228e-03
3.508232821546056895e-03
3.433657371822525575e-03
3.329563570921035501e-03
2.715590656461084641e-03
4.102378357749651358e-03
3.305560484638109080e-03
3.309216391404762141e-03
2.515553209163686604e-03
3.567505737437921386e-03
3.694556735675124434e-03
3.469815696863567077e-03
3.047619727166260041e-03
2.634224824278670173e-03
2.297587706433499612e-03
2.423224915914675565e-03
2.824958728845505026e-03
2.401877769871669632e-03
2.872553845757947096e-03
3.202254527851062637e-03
2.979016123229966291e-03
3.098896444391678259e-03
2.602179219727130625e-03
2.238492878592189799e-03
2.490575548590106148e-03
2.505715217386536662e-03
2.099825219963403437e-03
2.143565216101706028e-03
2.140280105830992020e-03
2.472080269773655001e-03
2.295879462240811835e-03
2.120640286354019514e-03
1.995007932076559194e-03
2.492386587511967108e-03
4.203767282888293266e-03
3.070967737585306168e-03
2.326281679629841476e-03
2.738163190181640890e-03
2.855445744524545606e-03
2.461064702776424949e-03
2.552364904926541795e-03
2.080978592857718468e-03
1.843992853537201881e-03
1.778060467639828481e-03
1.993107554667136044e-03
1.972970621222082128e-03
2.547944334390408929e-03
2.134937354746986940e-03
2.399565734188346174e-03
2.333412460489746581e-03
1.861602129579028675e-03
2.292275908129180230e-03
2.516255542800268502e-03
2.468204283265068404e-03
2.698261304484570779e-03
2.376763554125586181e-03
2.406047095599420007e-03
2.046344048507949681e-03
1.951886745005407741e-03
1.916960833648986753e-03
2.082529060049530516e-03
2.102157087339197837e-03
1.803115208852378850e-03
2.028986202169428751e-03
2.101591308875118934e-03
2.024251419831724855e-03
1.768318634918507369e-03
1.839521806687116623e-03
1.910795396029510906e-03
1.672046950689571720e-03
1.789995667743770605e-03
1.758931458051152166e-03
1.502705066848327234e-03
1.469046432141433642e-03
1.537478480981115071e-03
2.000565038007848327e-03
1.957393566365627554e-03
1.981729080024011071e-03
1.842085128266583369e-03
1.681344097425394122e-03
1.361071892247042248e-03
1.587072421577485079e-03
1.682467203970779493e-03
2.364066943033215056e-03
2.905204686719705179e-03
2.518250182380571238e-03
2.563989803414134291e-03
2.295406679074992254e-03
1.851800431990448205e-03
1.810551867546404160e-03
1.819813007707981592e-03
1.933703931760700221e-03
1.893054899376104758e-03
1.747319769278606960e-03
1.795639393522458892e-03
1.697297475081594462e-03
1.257139542277025800e-03
1.503846645766102139e-03
1.906102393096422397e-03
1.671958029927576340e-03
1.756122821996755536e-03
1.980581361909999720e-03
1.775618717896149503e-03
1.844373723382459031e-03
1.679217251127257003e-03
1.417197485673515325e-03
1.230792094515088765e-03
1.260201597367139334e-03
1.552041592624257491e-03
1.823918743278173929e-03
1.673976613400394477e-03
1.817962887477787013e-03
2.081689657643437386e-03
2.013191834146923955e-03
1.627336810890804217e-03
1.812276245533105167e-03
1.975921660606913630e-03
2.108518273898345608e-03
1.861861407044617658e-03
2.072921419954475413e-03
1.615125275052645614e-03
1.608000006800626956e-03
1.517871367361615584e-03
1.789082067689913135e-03
1.702851821284960196e-03
1.494251965435550557e-03
1.768704866716528691e-03
1.890048008028636858e-03
1.593311139218070915e-03
1.918946276418864727e-03
1.609797678504358218e-03
1.289424007101093970e-03
1.147798841189154795e-03
1.383419278735185422e-03
1.275217051015180725e-03
1.289958267828778373e-03
1.232776188236825530e-03
1.434987828628543583e-03
1.192922121845185757e-03
1.567397489185061487e-03
2.187574864365160465e-03
1.648366629310390541e-03
1.312165466301581452e-03
1.195967303561594518e-03
1.335109474466127533e-03
1.472688218414345196e-03
1.612318594090859578e-03
1.487226273371454509e-03
1.415262104916002782e-03
1.381412963382899761e-03
1.333175329765414439e-03
1.649249167017200401e-03
1.385055345428340499e-03
1.413788317757494386e-03
1.288489695391891723e-03
1.637164619751274586e-03
1.887250684804337841e-03
2.038039760116268709e-03
1.783531124922720914e-03
1.491939916056306834e-03
1.858244608978138314e-03
2.223379622377893300e-03
2.062966403387048869e-03
1.580446862670428689e-03
1.244130873066537444e-03
1.846989288049585756e-03
1.666172551374663427e-03
1.738812158103374963e-03
1.678218393970061853e-03
1.478340469903367382e-03
1.305511615047340833e-03
1.725175068713724613e-03
1.285078983260866435e-03
1.172467258156222481e-03
1.504539043012568167e-03
1.392971676336053578e-03
1.668503350468681203e-03
1.867902424076900826e-03
1.718654560938696549e-03
1.763954614836941645e-03
2.289258642122149467e-03
1.623384620282141691e-03
1.546046395293053420e-03
1.387402678922037766e-03
1.345704645192360126e-03
1.308807240360799996e-03
1.437034396290340832e-03
1.507151865071671825e-03
1.683170503169736454e-03
1.593853949623949464e-03
1.456528381608864853e-03
1.444220173117868964e-03
1.336223466376609739e-03
1.429583596558693616e-03
1.235517286284662421e-03
1.134307966019739225e-03
1.349739316056537252e-03
1.512189512141048908e-03
1.426035873865818225e-03
1.239034100709592544e-03
1.442807130789493762e-03
1.539927558042109013e-03
1.382914563531384812e-03
1.476873657392228402e-03
1.718370565761099741e-03
1.584964468801284589e-03
1.384230512057376284e-03
1.374446067904286448e-03
1.513109788956011094e-03
1.274906424120725865e-03
1.289840886944576158e-03
1.093532948289066553e-03
1.346940517096834999e-03
1.433755230049000131e-03
1.499014913433176655e-03
1.487296338275293991e-03
1.426098697051844189e-03
1.244814289213322465e-03
1.192447719136800798e-03
1.286390011527520794e-03
1.265614423626924313e-03
1.438863506978925498e-03
1.309458317015977378e-03
1.214746115318335231e-03
1.195598763468511041e-03
1.414496663903050486e-03
1.405924134065999640e-03
1.512328707202173408e-03
1.128102769143879414e-03
1.587767992853461032e-03
1.498072983368354660e-03
1.421053907560075082e-03
1.612485174144453939e-03
1.735350719707853730e-03
1.979259513866375372e-03
1.562178751234622473e-03
1.454913612071643755e-03
1.546328236787196430e-03
1.499416484661838600e-03
1.280273769653457027e-03
1.315559517345665222e-03
1.712944704409250429e-03
1.363019595908768113e-03
1.412512991330860381e-03
1.921580042963957034e-03
1.805881750495994843e-03
1.642222687437692097e-03
1.389378305141101763e-03
1.242821371894987101e-03
1.190831271849353626e-03
1.005114056169986725e-03
1.061310810173916441e-03
1.183325219351579263e-03
1.491380629458409924e-03
1.370856332976152017e-03
1.413478516042232513e-03
1.330777359030702522e-03
1.249521977596861500e-03
1.337470534695860179e-03
1.531464287408572812e-03
1.373749301659272061e-03
1.342318383702898778e-03
1.146191511960590638e-03
1.171136898098184718e-03
1.390056554501985751e-03
1.084737750181161229e-03
1.226256656296112945e-03
1.211081566426026445e-03
1.240124206935219828e-03
1.108450476107571093e-03
1.456185038584996774e-03
1.292969065937487607e-03
1.329694607514230733e-03
1.280401805963586256e-03
1.229728787781341924e-03
1.483678441111217425e-03
1.371090122334220817e-03
