5.781629226709666947e-01
2.407553823370682522e-01
1.824785565075121296e-01
1.655936837196350098e-01
1.710548224417786922e-01
1.553624107649451691e-01
1.459893548959179943e-01
1.565000763849208332e-01
1.484084294030540985e-01
1.843464896082878113e-01
1.908412869823606361e-01
1.503149576877292892e-01
1.616952729068304451e-01
1.731446471653486641e-01
1.577891236857364154e-01
1.481765100830479687e-01
1.619061511990270985e-01
1.355996237773644253e-01
1.460213057304683426e-01
1.385636596303237156e-01
1.522360447990266930e-01
1.460687016185961140e-01
1.564388282989200851e-01
1.747917681932449341e-01
1.394993594210398868e-01
1.428240835666656494e-01
1.399945985329778542e-01
1.560726706918917073e-01
1.469360989959616337e-01
1.624457902814212540e-01
1.156314170282138065e-01
1.166141903714129763e-01
1.110395742090124899e-01
1.115804569501625820e-01
1.153847253636309939e-01
1.246513547865967936e-01
1.182329921345961765e-01
1.169872621172352856e-01
1.078680357650706606e-01
1.111658756670198950e-01
1.052223565547089762e-01
1.144663922880825302e-01
1.100492536237365343e-01
1.099479047483519489e-01
1.148628674839672348e-01
1.030872154392694223e-01
9.951690172678545609e-02
1.139958445963106665e-01
1.091868902899717081e-01
1.066972236884267677e-01
1.377801757894064338e-01
1.156283332721183138e-01
1.088892552805574288e-01
1.160269967819514969e-01
1.220967844128608704e-01
1.075155735015869141e-01
1.007061841848649469e-01
1.186489878516448215e-01
1.105991569102594690e-01
1.090934647149161274e-01
1.216579624696781797e-01
1.073242839621870170e-01
1.016904186261327614e-01
1.091481290365520218e-01
1.155791539502771248e-01
1.110223410160918051e-01
1.111337542533874512e-01
1.115762393333410013e-01
1.118385803542639029e-01
1.193696378093016819e-01
1.027482727444485600e-01
1.062276808446959431e-01
1.082599849293106459e-01
1.137982381409720356e-01
1.100504397365607706e-01
1.105112766748980457e-01
1.058156909911256022e-01
1.163168312295487089e-01
1.163318706186194235e-01
1.024550866139562477e-01
1.080143032105345541e-01
1.003864633017464703e-01
1.067116152691213737e-01
1.051201851744400784e-01
1.100266285632786056e-01
1.059031915899954351e-01
1.084108840870229851e-01
1.143810437305977507e-01
1.068775728344917297e-01
1.095969861275271351e-01
1.182310536111655930e-01
1.107504818784563194e-01
1.285964928959545395e-01
1.193346428243737406e-01
1.260882431739255016e-01
1.111746759791123196e-01
1.031660437583923340e-01
1.048368827292793654e-01
1.111527975452573647e-01
1.320753289680731968e-01
1.094300848873038107e-01
9.908094845320049304e-02
1.003574328987221903e-01
1.089562632535633346e-01
1.148786589895424148e-01
1.167866438627243042e-01
1.078147231356093722e-01
1.199130555124659353e-01
1.149766219681815083e-01
1.168311881391625590e-01
1.220049171855575182e-01
1.034991515702322895e-01
1.186515096771089683e-01
1.092321535474375660e-01
1.085389570186012648e-01
1.071568484369077173e-01
1.110593547162256750e-01
1.068665312701150005e-01
1.268876540033440914e-01
9.920661935680791244e-02
1.085085308081225330e-01
1.025206966227606709e-01
1.034646140117394253e-01
1.075341756406583277e-01
1.110949363363416542e-01
1.029920766228123730e-01
1.152474677288218563e-01
1.094678138431749853e-01
1.047262194517411676e-01
1.118952414314997867e-01
1.103273406624794006e-01
1.077502522813646446e-01
1.073015077333701328e-01
1.052820745267366159e-01
1.054477922030185449e-01
1.054719431619895176e-01
1.060381914047818369e-01
1.068980407557989371e-01
1.164536123213015112e-01
1.061962942935918558e-01
1.097053295295489506e-01
1.202305386725224939e-01
1.096475006718384548e-01
1.108431800415641405e-01
1.019077932364062244e-01
1.077076447637457662e-01
1.096877938038424427e-01
1.058868075671948877e-01
1.145914573418466698e-01
1.173639293563993324e-01
1.138449326941841505e-01
1.130433004153402199e-01
1.028805276084887310e-01
1.054198662505338030e-01
1.123172140827304460e-01
1.047907450089329146e-01
1.050637998667202505e-01
1.033978426927014416e-01
1.095919130664122776e-01
1.029531167525994106e-01
1.035798160653365330e-01
1.088868228620604450e-01
1.055465924896692026e-01
1.109236325872571816e-01
1.114936588626158909e-01
1.021331348701527281e-01
1.020483131471433130e-01
1.016072205414897539e-01
1.071943765212046429e-01
1.074528145162682718e-01
1.136378187098001230e-01
1.055690855964234037e-01
1.139793588142646030e-01
1.073623389789932631e-01
1.040964902525669672e-01
1.024591679635800806e-01
1.079965469084287893e-01
1.135964215193924209e-01
1.010509674486361059e-01
1.044989988992088698e-01
1.116326243469589613e-01
1.089857765718510313e-01
1.164675721604573055e-01
1.098705108620618570e-01
1.009462557144855249e-01
1.091801053599307375e-01
1.079484949770726648e-01
1.171576945405257419e-01
1.268306023588305909e-01
1.011995308493313095e-01
1.115383058786392212e-01
1.182898184970805483e-01
1.180339553638508482e-01
1.075004829387915806e-01
1.182098114176800413e-01
1.029691762830081680e-01
1.089189530987488552e-01
1.066551592789198172e-01
1.087019482725544994e-01
1.149731674476673765e-01
1.115093003762395729e-01
1.024658164303553776e-01
1.056254317885950977e-01
9.990737322521836550e-02
1.103380167562710568e-01
1.055069291277935667e-01
1.009402290770882032e-01
1.095577109801141868e-01
1.096701480840381882e-01
1.103908494114875793e-01
1.053569238436849465e-01
1.073380830256562418e-01
1.085816966859917826e-01
1.131901941017100649e-01
1.131921081166518406e-01
1.167970354619779078e-01
1.056625794031118143e-01
1.038511019004018654e-01
9.971220438417635612e-02
1.045078925396266678e-01
1.113838212270485684e-01
1.104637756943702698e-01
1.106545940825813673e-01
1.103134135666646448e-01
1.028732639786444220e-01
1.050525119430140430e-01
1.056988070669927088e-01
1.077049668682248940e-01
1.061582224149452969e-01
1.053985180823426432e-01
1.088795130582232290e-01
1.032884238581908420e-01
1.099676913336703615e-01
1.105973497033119202e-01
1.029568557676516088e-01
1.037064808371819941e-01
1.105750744280062231e-01
1.182022931936540094e-01
1.027581734876883701e-01
1.156082304292603558e-01
1.093642226371325937e-01
1.244685340084527719e-01
1.145679346824947098e-01
1.043513766244838076e-01
1.069918431733783981e-01
1.127560315163512045e-01
1.038999704546050007e-01
1.076831127467908350e-01
1.051065966879066726e-01
1.161751288332437265e-01
1.128436291688366955e-01
1.207399485926879124e-01
1.127601014940362162e-01
9.697841421553962671e-02
1.147168655144540916e-01
1.098148450255393982e-01
1.160929524584820433e-01
1.016404954226393514e-01
9.639488631173183386e-02
1.048947584472204458e-01
1.131721933029199850e-01
1.049698073613016258e-01
1.088250412752753832e-01
1.074658424446457289e-01
9.868256100698520605e-02
1.079702730241574732e-01
1.055182124439038721e-01
9.829729795455932617e-02
1.034438331660471472e-01
1.154666299882688013e-01
1.098104793774454246e-01
1.094744245668775179e-01
1.155298952209322105e-01
1.156876528341519161e-01
1.086493687410103604e-01
1.084530365310217154e-01
1.109015474978246180e-01
1.167137279714408615e-01
1.082680648879000979e-01
1.078853333662999348e-01
1.051998197248107531e-01
1.221716145151539867e-01
1.163276590799030563e-01
1.090929310180639017e-01
1.008488053553982799e-01
1.089269973729786178e-01
1.029910245224049253e-01
1.041970172602879330e-01
1.212380077493818153e-01
1.127878294179314039e-01
1.032376589351578777e-01
9.944346586340352401e-02
1.078190725100667824e-01
9.981939980858250960e-02
1.100310510710666018e-01
1.075472347438335419e-01
1.139080034274803921e-01
1.077150594639150749e-01
1.141882413312008543e-01
1.049253332771753061e-01
