8.919258266687393744e-02
6.592435340086619244e-02
6.513223201036452692e-02
6.170206516981124878e-02
6.432494123776753836e-02
7.067840372522672665e-02
5.893760671218236519e-02
5.517988130450248579e-02
5.080320859948794093e-02
4.262573930124442106e-02
4.585862656434377266e-02
4.561754601697127348e-02
4.431295270721117424e-02
4.066126172741254402e-02
4.512315106888611926e-02
5.032852602501710487e-02
4.735262393951415738e-02
4.468989310165246559e-02
3.831691381831963533e-02
4.324035346508026123e-02
3.863006283839543614e-02
3.990115759273370200e-02
4.611934870481491228e-02
4.367938451468944550e-02
3.818157166242599349e-02
3.727945846815904074e-02
3.510134393970171934e-02
4.392891575892766270e-02
3.810188298424085213e-02
4.471294966836770329e-02
4.895140665272871422e-02
5.056965077916781431e-02
4.418976729114850593e-02
4.145171691974004063e-02
3.780669085681438724e-02
3.596405225495497709e-02
3.956661485135555545e-02
4.587852011124293056e-02
4.222799353301524838e-02
3.683672969539960457e-02
4.238971099257469316e-02
3.543442885080973215e-02
3.245319686830043515e-02
3.960350292424361096e-02
3.681148762504259792e-02
3.264857182900111204e-02
3.758753711978594231e-02
3.399353002508481020e-02
3.620129128297169818e-02
3.695694853862126900e-02
3.987440752486388212e-02
3.844109661877155582e-02
3.029662867387135708e-02
3.669425932069619173e-02
3.392444203297297067e-02
2.882665072878201964e-02
2.969606257975101332e-02
3.591507561504840573e-02
3.547999324897924828e-02
3.247417422632376677e-02
3.250546157360077043e-02
3.016607382645209584e-02
3.188617452979088107e-02
3.722948680321375853e-02
3.592175332208474153e-02
3.368472643196582933e-02
3.546544462442398349e-02
2.897921241819858412e-02
2.944688995679219448e-02
3.692999755342801088e-02
2.578137672195831773e-02
3.139828915397326059e-02
2.705763267974058833e-02
3.354102261364459714e-02
3.167107154925664220e-02
2.942220605909824302e-02
3.322341423481702666e-02
3.164853950341542377e-02
3.121298613647619999e-02
3.702642917633056779e-02
4.651324078440666199e-02
3.465261943638324460e-02
3.850576753417651182e-02
3.993112643559773578e-02
3.392839059233665466e-02
3.869033617277940068e-02
4.995682785908381329e-02
4.482405781745910783e-02
3.558553134401639534e-02
3.153372916082541194e-02
2.764647665123144693e-02
2.773174811154604028e-02
2.464661219467719280e-02
3.694294095039367398e-02
3.534423820674419126e-02
3.061998834212621007e-02
2.697376285990079128e-02
3.350309804081916948e-02
3.533676564693451205e-02
3.025644558171431200e-02
3.194730319082737108e-02
2.437904328107833724e-02
3.168421611189842224e-02
2.613803893327713151e-02
2.578718215227127075e-02
3.060863415400187290e-02
2.643822294970353537e-02
2.937747364242871556e-02
3.313597987095515118e-02
3.318806576232115335e-02
2.849563136696815421e-02
2.759612544129292147e-02
2.225487213581800461e-02
3.297432549297809462e-02
3.554286758104960309e-02
2.680814911921819074e-02
3.412618140379587717e-02
3.286327831447124342e-02
3.126653445263703757e-02
2.407625777026017530e-02
2.540450679759184358e-02
2.862428842733303821e-02
3.043705535431702816e-02
2.503672987222671509e-02
2.731886990368366172e-02
3.077624539534250941e-02
3.218138838807741570e-02
3.250054505964120044e-02
3.318326038618882312e-02
2.498269217709700105e-02
3.959602204461892122e-02
2.774289535979429858e-02
3.265208577116330418e-02
2.761498180528481824e-02
3.146349315841992511e-02
2.894254885613918235e-02
2.750910495718320373e-02
2.769093128542105334e-02
3.029790682097276144e-02
2.820688150823116164e-02
3.352546847114960121e-02
3.157990432033936506e-02
3.301099302868048396e-02
3.312528940538565086e-02
2.975847249229749206e-02
2.637410747508207864e-02
2.607115463664134297e-02
2.909291436274846418e-02
2.760371925930182185e-02
3.026822234193483896e-02
3.110850732773542265e-02
3.558684041102726930e-02
3.193644831577936716e-02
2.892155659695466383e-02
2.714278424779574192e-02
3.262947661181291037e-02
3.097174782305955887e-02
2.981802237530549460e-02
2.876542260249455654e-02
2.902650286753972325e-02
2.357970972855885985e-02
2.446671053767204146e-02
2.882782754798730168e-02
3.050993407766024179e-02
3.038845819731553557e-02
3.375423029065131864e-02
3.384366352111101151e-02
2.773258437712987357e-02
2.955493604143460615e-02
2.721754858891169138e-02
2.549184945722421033e-02
2.262959585835536483e-02
2.384643778204918046e-02
3.594402993718782968e-02
3.380054334799448973e-02
3.134495690464973727e-02
2.603599578142166276e-02
2.453028808037439890e-02
2.771310353030760967e-02
2.847345868746439454e-02
2.213051505386829515e-02
2.574944123625755310e-02
2.759150468433896677e-02
2.325396786133448329e-02
3.468145603934923854e-02
3.188807417949040407e-02
2.644121299187342233e-02
2.628992038468519823e-02
3.019602031757434232e-02
3.477660485853751454e-02
2.596883128086725778e-02
2.531025732556978908e-02
2.424002798895041194e-02
2.448503486812114716e-02
4.183657765388489047e-02
2.959284832080205305e-02
2.763470485806465010e-02
2.523793342212836063e-02
2.346734721213579108e-02
2.546915293981631689e-02
2.480953869720299923e-02
2.616385379806161066e-02
2.748452828576167586e-02
2.572052404284477095e-02
2.606873686114946978e-02
2.946848695476849897e-02
3.085652788480123046e-02
2.681231051683425834e-02
2.961036538084348135e-02
2.537147719413041999e-02
2.505199940254291061e-02
2.481448017060756614e-02
2.475128819545109951e-02
3.125662958870331631e-02
3.114769955476125174e-02
2.596734821175535404e-02
2.788085242112477505e-02
3.423818312585354129e-02
3.023917935788631578e-02
2.556515547136465824e-02
2.574471384286880493e-02
2.663246641556421893e-02
2.762208419541517870e-02
2.894296497106552124e-02
2.501352416972319262e-02
2.950073393682638850e-02
3.020554048319657597e-02
2.765192625423272543e-02
3.164904688795407844e-02
2.461643132070700374e-02
2.488967161625623564e-02
2.017963317533334050e-02
2.632848179588715212e-02
2.823705089588960174e-02
2.335813591877619264e-02
2.220350988209247520e-02
2.941073824961980276e-02
3.020839889844258511e-02
2.679929236570994036e-02
2.750953435897827287e-02
2.756121220688025064e-02
3.860997793575127873e-02
2.791208097090323859e-02
3.087494385739167693e-02
4.605485685169696808e-02
2.999358226855595999e-02
2.494320503125587937e-02
2.337356209754943778e-02
2.948436016837755955e-02
3.550995637973149849e-02
2.550016952057679656e-02
3.043232709169387679e-02
1.859499576191107548e-02
2.824582314739624775e-02
2.026365436613559654e-02
2.181731226543585575e-02
2.838817418863376005e-02
2.924405150115489890e-02
2.155712650467951977e-02
2.583424169570207665e-02
3.070309795439243178e-02
4.086027232309182716e-02
2.705907424290975027e-02
2.443487240622440812e-02
2.779397579530874796e-02
2.860070442159970763e-02
3.147592830161253380e-02
2.057719044387340546e-02
2.360921179254849706e-02
2.183293321480353835e-02
2.360111878563960278e-02
2.711000467340151515e-02
2.507843412458896776e-02
2.760245576500892570e-02
2.466259536643822942e-02
2.539268874873717649e-02
2.230569651971260614e-02
2.550616829345623768e-02
2.154353354126214981e-02
2.400177313635746754e-02
2.558139724036057744e-02
2.756478550533453600e-02
2.390532363206148217e-02
2.228826296826203618e-02
2.517675409714380946e-02
2.622528932988643646e-02
2.214826693137486938e-02
2.624359733114639895e-02
2.360704913735389709e-02
2.409390689184268478e-02
2.337039231012265003e-02
2.477551779399315632e-02
2.403203447659810546e-02
2.607873814801375117e-02
2.303954040010770116e-02
2.831881033877531664e-02
2.383335015426079478e-02
2.607563640922307829e-02
2.166470990826686177e-02
2.533153084417184148e-02
