2.092259606967369553e-02
1.590595412999391486e-02
1.340248888979355540e-02
1.239616715659697804e-02
1.220381315797567333e-02
1.162193535516659396e-02
1.191463346282641174e-02
1.176017162700494084e-02
1.174193061888217926e-02
1.158809171368678330e-02
1.163392880310614927e-02
1.176458100477854353e-02
1.353084829946358918e-02
1.189279779791832005e-02
1.224213602642218283e-02
1.103079964717229230e-02
1.142058415959278789e-02
1.182526163756847382e-02
1.086104040344556231e-02
1.126329631855090517e-02
1.120890254775683097e-02
1.108029379198948589e-02
1.109713104863961457e-02
1.175439245998859475e-02
1.152975087364514588e-02
1.158117614686489036e-02
1.174677759408950840e-02
1.187530886381864617e-02
1.150089067717393297e-02
1.181816744307676893e-02
1.171759267648061174e-02
1.116283349692821433e-02
1.114726066589355469e-02
1.133186252166827439e-02
1.163813757399717944e-02
1.087786393860975913e-02
1.086269405980904920e-02
1.117083728313445976e-02
1.127151964853207247e-02
1.109045346577962159e-02
1.181512940675020183e-02
1.167317945510149002e-02
1.107070632278919255e-02
1.201427914202213287e-02
1.209559664130210876e-02
1.127050003657738449e-02
1.213726152976354021e-02
1.159191007415453535e-02
1.143439201017220838e-02
1.151373367756605183e-02
1.131127644330263103e-02
1.130150910466909409e-02
1.164295778920253037e-02
1.215637059261401483e-02
1.314906440675258671e-02
1.183672926078240158e-02
1.214938567330439874e-02
1.141623016446828912e-02
1.144958107421795504e-02
1.141000855714082753e-02
1.139268993089596373e-02
1.053180402765671424e-02
1.134402180711428267e-02
1.151721434046824692e-02
1.068481734643379928e-02
1.043612379580736126e-02
1.060461904853582382e-02
1.131947605560223308e-02
1.060246080160140957e-02
1.110098374386628457e-02
1.092397415389617307e-02
1.089585442095994915e-02
1.111580791572729793e-02
1.128398434569438322e-02
1.149415926386912652e-02
1.084046307951211895e-02
1.129847851892312391e-02
1.122874617576599156e-02
1.078102644532918930e-02
1.074301873644193002e-02
1.188696703563133818e-02
1.105125614752372129e-02
1.109397429972886970e-02
1.100541198005278859e-02
1.092658787965774571e-02
1.100846262027819870e-02
1.111855351676543577e-02
1.107520957787831543e-02
1.128481576840082747e-02
1.084845978766679764e-02
1.118639477839072568e-02
1.184548828750848701e-02
1.189320453753073964e-02
1.156479287892580102e-02
1.053496977935234648e-02
1.115678350130716937e-02
1.077848461767037629e-02
1.202547289431095054e-02
1.153993693490823133e-02
1.130154884109894377e-02
1.104147061705589364e-02
1.144169140607118572e-02
1.139779972533385040e-02
1.206810828298330272e-02
1.136339176446199417e-02
1.164300913612047877e-02
1.093406149496634755e-02
1.119566721220811162e-02
1.146621350198984146e-02
1.104536186903715134e-02
1.084149616460005489e-02
1.064286467929681165e-02
1.148869240035613366e-02
1.099434203157822337e-02
1.103900782763958012e-02
1.077257351328929184e-02
1.092971991747617756e-02
1.157960829635461091e-02
1.151000497241814850e-02
1.138962699721256938e-02
1.101051693161328622e-02
1.153009434541066476e-02
1.152826193720102310e-02
1.062247281273206133e-02
1.103539895266294514e-02
1.036835635701815334e-02
1.106504698594411133e-02
1.087262357274691206e-02
1.089317277073860099e-02
1.055125594139099190e-02
1.128342561423778534e-02
1.238471033672491721e-02
1.114745394637187310e-02
1.098023305336634330e-02
1.086279110362132344e-02
1.129027474671602180e-02
1.089165831605593340e-02
1.094744373112916877e-02
1.079513536145289797e-02
1.119717216740051882e-02
1.076721573869387355e-02
1.113249783714612313e-02
1.102656256407499348e-02
1.192119376113017458e-02
1.171366876612106936e-02
1.064059548079967533e-02
1.169869769364595413e-02
1.064257596929868085e-02
1.059448973586161850e-02
1.109475214034318959e-02
1.114240965495507003e-02
1.059143450111150672e-02
1.061141509562730720e-02
1.077622566372156074e-02
1.118754036724567413e-02
1.054528485983610188e-02
1.068731329093376876e-02
1.042500212788581918e-02
1.081586716075738294e-02
1.089083335051934005e-02
1.148655749857425620e-02
1.119574711968501432e-02
1.073849437137444802e-02
1.090014390647411381e-02
1.114708290745814595e-02
1.080955645690361705e-02
1.166666187345981667e-02
1.121527701616287231e-02
1.090314655254284552e-02
1.073359083384275471e-02
1.068534317115942683e-02
1.078589806954066005e-02
1.056897373249133382e-02
1.117526913682619777e-02
1.086884091297785418e-02
1.105830539017915726e-02
1.125274871786435468e-02
1.060634640355904816e-02
1.024005549649397578e-02
1.028666713585456131e-02
1.098859316358963625e-02
1.069968274484078136e-02
1.084097791463136708e-02
1.071338833620150838e-02
1.070106507589419637e-02
1.078075896948576043e-02
1.053475445757309607e-02
1.095886671294768640e-02
1.079242024570703506e-02
1.066801846027374233e-02
1.062885634601116146e-02
1.105423116435607332e-02
1.056132999559243439e-02
1.152016681929429395e-02
1.131629298130671160e-02
1.120269770423571246e-02
1.052048467099666630e-02
1.181386057287454536e-02
1.121725638707478899e-02
1.104136928915977478e-02
1.054308662811915057e-02
1.093352163831392936e-02
1.163437354067961386e-02
1.059118503083785433e-02
1.066130946079889980e-02
1.113334130495786597e-02
1.055144245425860064e-02
1.066824768980344056e-02
1.136425863951444695e-02
1.062910594046115841e-02
1.081513961156209229e-02
1.076393499970436027e-02
1.075084954500198434e-02
1.045327310760815927e-02
1.077627670019865036e-02
1.034201631943384818e-02
1.000059843063354562e-02
1.006552471468846049e-02
1.029935330152511631e-02
1.078083210935195345e-02
1.044485295812288932e-02
1.044954949369033236e-02
1.071470504005750043e-02
1.122454473127921376e-02
1.119590314726034812e-02
1.074801037708918335e-02
1.185246258974075387e-02
1.064942448089520148e-02
1.080701947212219308e-02
1.084605939686298336e-02
1.055157495041688341e-02
1.106695352743069377e-02
1.053522396832704509e-02
1.060473173856735229e-02
1.096897553652525018e-02
1.028667651116848061e-02
1.130942956854899713e-02
1.075973634918530805e-02
1.013966904332240342e-02
1.086791077007850069e-02
1.087043831745783569e-02
1.138953566551208565e-02
1.060199321558078119e-02
1.062457418690125090e-02
1.045140835146109344e-02
1.039186238000790359e-02
1.028678771108388831e-02
1.031010107447703598e-02
1.095267316947380783e-02
1.042628015081087725e-02
1.063558999449014733e-02
1.105982481191555671e-02
1.055073322107394525e-02
1.055438965559005703e-02
1.044064288338025434e-02
1.001719385385513306e-02
1.030211094766855275e-02
1.064351865400870595e-02
1.052820943295955727e-02
1.089143430193265268e-02
1.084785802910725322e-02
1.027999961127837487e-02
1.064477531860272101e-02
1.020165868103504146e-02
1.011650034536917993e-02
1.025069964428742750e-02
1.078663083414236647e-02
1.094599533826112747e-02
1.086569043497244598e-02
1.084941339989503248e-02
1.096877430876096009e-02
1.073245865603287934e-02
1.017828360199928353e-02
1.005356380095084531e-02
1.014414497961600541e-02
1.075828199585278887e-02
1.131129960219065360e-02
1.035414251188437190e-02
1.115440248201290778e-02
1.064922536412874800e-02
1.031115955362717392e-02
1.027500989536444392e-02
1.031163409352302621e-02
1.044767852872610127e-02
1.028988293061653715e-02
1.060022991150617530e-02
1.051925619443257708e-02
1.008002081265052183e-02
1.078035930792490583e-02
1.140920997907718046e-02
1.118691880255937542e-02
1.059324064602454492e-02
1.052162026365597962e-02
1.058869088689486267e-02
1.029478007306655271e-02
1.033217068761587212e-02
1.064083191255728485e-02
1.073077445228894609e-02
1.103293914347886970e-02
1.047852529833714214e-02
