3.721128982540808372e-02
1.798298376563348122e-02
1.512972108627620542e-02
1.391585651589067295e-02
1.311252128921057067e-02
1.381940335819595821e-02
1.444302131666948957e-02
1.570698187539451909e-02
1.441027552477623305e-02
1.382378753470747158e-02
1.378664977260326066e-02
1.531810720304125316e-02
1.384310968416301892e-02
1.369044356244175122e-02
1.424887354828809419e-02
1.496843807399272919e-02
1.431933790445327759e-02
1.431744374138744190e-02
1.305439019281613190e-02
1.221857048375041797e-02
1.302976974923359711e-02
1.391383520278491499e-02
1.375283251859639802e-02
1.352906398671238110e-02
1.297453526211412266e-02
1.212647919984240208e-02
1.478337609258137224e-02
1.633049189848335275e-02
1.370763112055627987e-02
1.448869631674728868e-02
1.216081005374067790e-02
1.351425409513084576e-02
1.439498644322156906e-02
1.248564419189566142e-02
1.360931972924031737e-02
1.600568687641306873e-02
1.557088873692248979e-02
1.479278740129972777e-02
1.259024750049177015e-02
1.451445321895574250e-02
1.315028480205096724e-02
1.266906782984733582e-02
1.292759797682887547e-02
1.285845276556516967e-02
1.216993897565101304e-02
1.202105515097316897e-02
1.229302879226835087e-02
1.454861859153760116e-02
1.473727871320749602e-02
1.345588482524219358e-02
1.337611023336648941e-02
1.458235702624446385e-02
1.330766508257702832e-02
1.322325907255473935e-02
1.422925862042527523e-02
1.243938373303727155e-02
1.342794671654701233e-02
1.364260524707405255e-02
1.336023128150325145e-02
1.356500441110447888e-02
1.348407684188140075e-02
1.372344777184097454e-02
1.316851367683787022e-02
1.420824210110463622e-02
1.315933005198052091e-02
1.286121781327222505e-02
1.315184506146531429e-02
1.448641678220347409e-02
1.418019571390591142e-02
1.300224823583113511e-02
1.232314693104279678e-02
1.439895250491405806e-02
1.629813147806807513e-02
1.465973723679780960e-02
1.451449204040201023e-02
1.355855858051463123e-02
1.383332525821108494e-02
1.374847250745484667e-02
1.229725689872315092e-02
1.354814556084181151e-02
1.326084097749308591e-02
1.367306924964252317e-02
1.306152240814346943e-02
1.288080396816918688e-02
1.393856039564860504e-02
1.370082021151718295e-02
1.292439638391921358e-02
1.229186684481407485e-02
1.207642786596950686e-02
1.313399905829053249e-02
1.322995768369812641e-02
1.353591415835054233e-02
1.468130397169213619e-02
1.449680955786454041e-02
1.367299400858188949e-02
1.288520755540383499e-02
1.319813502854422574e-02
1.192789779681908448e-02
1.251163039552538082e-02
1.252010920526165638e-02
1.241084300961933611e-02
1.194426824191683299e-02
1.375061724531023190e-02
1.457047295805655000e-02
1.352359785845405095e-02
1.394663148216511092e-02
1.211686054930875139e-02
1.360386124763049605e-02
1.224861504804146926e-02
1.218202019012288098e-02
1.404920048815639332e-02
1.320903562009334564e-02
1.224781754181573229e-02
1.271337407984231629e-02
1.192258450349694722e-02
1.271562371402978897e-02
1.300884077423497195e-02
1.278652358604104831e-02
1.345408002012654300e-02
1.367068486778359737e-02
1.191728625838693774e-02
1.359920968350611208e-02
1.235177755159766987e-02
1.412154209653013713e-02
1.301506950863097825e-02
1.334938656930860675e-02
1.261958504389775436e-02
1.255360637840471742e-02
1.249289664586907857e-02
1.210339254650630476e-02
1.429508268637092426e-02
1.354116088661708357e-02
1.330584640565671446e-02
1.432694705497277420e-02
1.371908045716975846e-02
1.210458709025069232e-02
1.309331398653356716e-02
1.326198027910370503e-02
1.452000713662097292e-02
1.497306184549080689e-02
1.635407524085358624e-02
1.345963011446752074e-02
1.203778886089199550e-02
1.312340717566640690e-02
1.336259429195993907e-02
1.313737515164048984e-02
1.241320332414225583e-02
1.248137696989272752e-02
1.344562630708280408e-02
1.289283494023900356e-02
1.366789790948754781e-02
1.268404653589976470e-02
1.273909681721737547e-02
1.201727981434056597e-02
1.200674082103528502e-02
1.159908156841993332e-02
1.307578806422258696e-02
1.416740287095308304e-02
1.524173399727595489e-02
1.280306725713767531e-02
1.248826316900943437e-02
1.243509317895299428e-02
1.257257212541605315e-02
1.379783500574137053e-02
1.308469587054691789e-02
1.291566788169898512e-02
1.313119386567881269e-02
1.527016766761478579e-02
1.308604275905772205e-02
1.209233382618741040e-02
1.348164780555587139e-02
1.338622042615162690e-02
1.284577359298342235e-02
1.221137523258987272e-02
1.207635188965421047e-02
1.268216849941956360e-02
1.149178433575128236e-02
1.335272609599326768e-02
1.465233091853166900e-02
1.354370604416257375e-02
1.318189340006364028e-02
1.232350338250398636e-02
1.273950816769348938e-02
1.217289955208176143e-02
1.465374540145459974e-02
1.248363081954027495e-02
1.209963426778191097e-02
1.130923221966153615e-02
1.216917617344542499e-02
1.281504666334704404e-02
1.256732672060790861e-02
1.373240003656399887e-02
1.313599821572240985e-02
1.277407596966153615e-02
1.233652420341968536e-02
1.228686049580574036e-02
1.213033943388022902e-02
1.211973279714584351e-02
1.244060371659303985e-02
1.141280798535597961e-02
1.266337553725430803e-02
1.267707254737615585e-02
1.261530968507653706e-02
1.400991553734791915e-02
1.302625415356535588e-02
1.178340025638279116e-02
1.184060164776287553e-02
1.283005605402745726e-02
1.239477735208837673e-02
1.207681524714356892e-02
1.219279304342834637e-02
1.476973251096512160e-02
1.412165111028834338e-02
1.286088758589405689e-02
1.329111366679793828e-02
1.391301755058138058e-02
1.344654385588671050e-02
1.394950172030611987e-02
1.337582118024951451e-02
1.372980502875227604e-02
1.372247615731076245e-02
1.330580101593544645e-02
1.180066756511989438e-02
1.219247913870372298e-02
1.154469595731873188e-02
1.194023478188012757e-02
1.151833840106662905e-02
1.259883052032244842e-02
1.281948838579027340e-02
1.233339750845181305e-02
1.287427147556292374e-02
1.470545645018941396e-02
1.295832804355182173e-02
1.352832951631985185e-02
1.359306275844573975e-02
1.217406537187726810e-02
1.218555176532582288e-02
1.198057340163933594e-02
1.250194204284956617e-02
1.214065319417338695e-02
1.228621523631246402e-02
1.183993187978079481e-02
1.201669695345979061e-02
1.421079725811356075e-02
1.335246439434980073e-02
1.304721606797293668e-02
1.246425063398323534e-02
1.216439956701115613e-02
1.239814236760139465e-02
1.284861383273413343e-02
1.275913794770052595e-02
1.267222937588628924e-02
1.219405429927926388e-02
1.270419217057918229e-02
1.230122722489269092e-02
1.232749978570561733e-02
1.274675562193519109e-02
1.267016806492680080e-02
1.293413792001573727e-02
1.454806195473984723e-02
1.344190037956363194e-02
1.248136966636306279e-02
1.207974102152021244e-02
1.395495343757303074e-02
1.357308780088236494e-02
1.261402901850248656e-02
1.203610439245638049e-02
1.206441625560584867e-02
1.176795745758633938e-02
1.228135353640506106e-02
1.234832141352327183e-02
1.210595971267474334e-02
1.161991858756855969e-02
1.177801985881830535e-02
1.220644721271176014e-02
1.224024049741657093e-02
1.286455317351378920e-02
1.282254876078743611e-02
1.252602771120636151e-02
1.162960007786750793e-02
1.238926132454683943e-02
1.246041211446649068e-02
1.174149015232136412e-02
1.257199245063882198e-02
1.239763837503759548e-02
1.323866486353309467e-02
1.479975786060094833e-02
1.261251988379578914e-02
1.276043096655293460e-02
1.139954516762181277e-02
1.228535538049120579e-02
1.257676611605443480e-02
1.184367535537795071e-02
1.305979196178285763e-02
1.177461396314595857e-02
1.259352006998501299e-02
1.208809993572925248e-02
1.253284273767157550e-02
1.305558757954522128e-02
1.225185384483713780e-02
