6.801964373965012634e-01
2.866361035328162110e-01
2.088035278414425155e-01
1.796632848287883499e-01
1.608854520477746575e-01
1.323249751799984997e-01
1.536204026717888638e-01
1.498148476606921131e-01
1.575435737245961254e-01
1.507558932429865772e-01
1.155728805614145149e-01
1.187753351895432657e-01
1.251632667293673951e-01
1.182291868485902536e-01
1.249664102337862265e-01
1.271804575073091637e-01
1.189826656329004417e-01
1.154423559966840235e-01
1.166588291525840759e-01
1.275139651016185260e-01
1.746699900219315094e-01
1.522520137460608158e-01
1.135972369658319603e-01
1.145688111060544079e-01
1.104824527313834764e-01
9.026413533444467563e-02
1.070241928100585938e-01
1.164518410437985485e-01
1.108042064465974558e-01
1.028228304103801088e-01
1.057678880660157389e-01
9.069873059266492232e-02
1.017521173742256674e-01
9.737838549833548185e-02
8.704002515265815698e-02
9.588187364371199284e-02
1.129904626623580294e-01
1.183950853975195699e-01
1.111624495763527676e-01
7.972670307284906999e-02
9.509929249945439644e-02
1.051761819735953646e-01
9.604016652232721940e-02
9.669623308275875073e-02
9.187598624511768286e-02
8.476218875301511080e-02
9.358178275196175899e-02
1.066823064496642687e-01
8.786050740041230489e-02
1.101166429488282389e-01
9.437860470069081575e-02
9.198942192290958386e-02
8.256878096022103597e-02
9.417503160473547630e-02
9.875036263838410378e-02
9.628389403223991394e-02
8.865636861638019617e-02
8.625817181248414400e-02
9.981227077935871106e-02
8.324234501311653101e-02
7.549224068459711723e-02
8.819307877044928190e-02
8.326850890329010046e-02
9.045601655778132133e-02
8.859214706248358384e-02
8.710906536955582979e-02
8.253733686318523444e-02
7.918579494090456639e-02
8.366022651132784538e-02
8.961211007676626872e-02
8.854182927232039091e-02
9.298003857073031120e-02
8.858571554485120125e-02
7.730873046736967680e-02
8.238400322826285038e-02
9.380853234937316931e-02
9.776104261216364555e-02
7.547194054840426769e-02
7.640432821292626742e-02
7.491569632762357100e-02
6.729043431972202283e-02
8.424786360640275362e-02
7.829091658717707292e-02
8.097256700459279366e-02
9.143521126947905253e-02
8.706726369104887675e-02
7.450524345040321350e-02
8.805099561026222266e-02
9.249632648731533069e-02
7.730534084533390027e-02
6.703648549553595237e-02
7.112508943598520872e-02
8.262167204367487638e-02
9.515106442727540303e-02
8.618014717572614058e-02
7.793960249737690027e-02
6.888280779515441876e-02
7.997854622571091976e-02
7.173396568549306185e-02
8.581759035587310791e-02
7.385840600258425370e-02
7.608740129753162329e-02
7.527157840760130558e-02
9.025010290114503231e-02
6.756550897108881681e-02
7.997372864108336088e-02
9.047213530069903031e-02
1.039115945367436594e-01
9.477901321492697428e-02
8.904310472701724988e-02
8.413799656064886723e-02
8.996091488944857328e-02
7.160751188271924361e-02
9.640255295916606848e-02
1.364579836004658764e-01
8.549032360315322876e-02
7.737624547199199732e-02
6.520397247942655294e-02
7.225961728315603849e-02
6.769988313317298889e-02
7.560758782844793913e-02
8.251386312277693424e-02
8.039939403533935547e-02
8.131883901200796794e-02
7.209939156707964591e-02
6.155388096445485457e-02
7.887803410228930168e-02
8.078075768916230526e-02
7.718303113391525305e-02
7.080564393024695036e-02
6.061021081711116809e-02
6.568978413155204810e-02
6.388984836245838184e-02
7.586939221149996415e-02
7.344581931829452515e-02
1.032178196075715509e-01
1.008340473237790552e-01
8.278245400441319735e-02
8.518692596178305265e-02
7.451104255099046114e-02
6.529523295007254313e-02
6.081889550152577706e-02
6.559409181538380929e-02
7.638011755127656344e-02
6.530778110027313232e-02
7.514255317418198910e-02
7.659514620900154114e-02
6.158590532447162647e-02
6.712236676953341197e-02
6.338396962536008150e-02
6.558420489493169137e-02
6.923540544353033732e-02
7.644691455521081258e-02
6.374250489630196859e-02
7.584045445056337986e-02
7.644732061185334493e-02
6.197097691658295937e-02
6.915343592041417464e-02
5.943125692245207481e-02
5.717455693765690489e-02
5.609750394758425407e-02
6.694070151761959131e-02
6.150887710483450566e-02
6.005526569328809711e-02
6.434915097136247042e-02
5.991525320630324697e-02
5.808497690840771360e-02
6.209364273634396247e-02
6.161589332317050915e-02
8.187142073323852576e-02
8.733067132140460986e-02
6.734448847802061711e-02
6.130834845335859928e-02
6.435242118804078426e-02
6.598033089386790007e-02
6.644934533458006498e-02
8.211354852506988489e-02
8.155222119469392184e-02
6.715147275673716276e-02
6.536609326538286857e-02
8.470515514674939461e-02
6.555716320872306824e-02
6.520363688468933105e-02
5.797633685563739758e-02
6.081866855291943874e-02
7.330396065586491927e-02
6.827057270627272245e-02
7.446655268339734401e-02
5.525884463598853408e-02
6.259861666905253141e-02
6.585593403954255465e-02
5.667488845555405941e-02
5.553704068848961534e-02
5.787147782546909341e-02
5.696926873765493365e-02
5.647619421544827767e-02
7.363579441842280082e-02
8.028820892305750523e-02
7.103865299569933622e-02
7.955703747115637492e-02
6.483604700157516443e-02
5.578654779023245469e-02
5.430920520111134214e-02
6.095629675607932424e-02
5.960715245945673313e-02
5.307231372908541994e-02
5.024767216098936090e-02
5.640406779160624801e-02
6.948573710887055721e-02
6.875196412989967309e-02
5.424423623634012231e-02
6.127290741393440904e-02
7.284765827812646199e-02
6.996538646911319714e-02
5.989955125474616393e-02
6.544750977895762156e-02
5.116373849542517338e-02
6.382192808546517659e-02
5.717296770920878707e-02
5.982681559888940181e-02
5.623973209999109241e-02
5.607595755473563509e-02
6.667652152674763411e-02
6.627791198460679378e-02
6.186457345948407488e-02
5.869990842122780467e-02
6.501403372538716585e-02
6.145918192832093563e-02
6.134174038705073051e-02
6.051455771452501908e-02
6.245257489775356274e-02
6.555375143101341284e-02
7.587842368765880530e-02
6.871136081846136723e-02
6.838025780100571993e-02
5.366271459742596311e-02
5.625096394827491103e-02
4.919605172778430957e-02
5.781020008419689160e-02
7.327925178565476705e-02
7.919192353361531600e-02
5.362731296765176764e-02
5.649011111573169069e-02
7.604915805553134900e-02
7.166857213566177331e-02
5.691185534784668626e-02
6.295534889948994905e-02
6.038495604144899359e-02
6.896516072906945516e-02
6.371840324841047953e-02
5.724160456539768849e-02
5.191617302204433460e-02
6.147354213814986562e-02
8.749134711136943854e-02
6.455964516652257235e-02
6.003886892607337294e-02
5.762346030065888108e-02
5.853445729927012758e-02
5.959794062532876996e-02
7.684082498675898210e-02
6.325708682599820443e-02
7.602868307577936857e-02
9.059327076140202828e-02
7.557583698316623633e-02
6.364157678265321139e-02
7.024445521988366414e-02
6.043418722325250014e-02
5.903137102723121643e-02
5.472586519624057788e-02
5.602166037026204415e-02
4.935632910775510779e-02
4.653232441724915180e-02
5.048261798526111621e-02
4.643369622920688611e-02
5.354926617521988536e-02
5.182270833144062699e-02
5.936512743171892814e-02
5.486336536705493927e-02
5.668302723451664610e-02
5.269014364794680910e-02
6.395151926890800531e-02
5.280194784465588875e-02
5.064196046441793442e-02
4.757107019816574078e-02
5.149376049245658893e-02
5.499836356428108863e-02
5.284765088244488401e-02
5.662137279777150478e-02
5.309195875337249099e-02
5.142041168322688399e-02
4.954102517742859507e-02
4.783767481383524589e-02
5.151368275676902753e-02
6.576888616147794075e-02
7.299269363284111023e-02
4.788552714805854177e-02
6.995969559801251680e-02
6.448249401230561617e-02
5.095313273762401562e-02
5.102157200637616463e-02
