2.889793624490266666e-03
1.116539262056903681e-03
9.358084507766761817e-04
8.626437047496438026e-04
1.071404556569177657e-03
9.469173674006015062e-04
8.460069666398339905e-04
8.439672365057049319e-04
8.443772949249250814e-04
7.237195259222062305e-04
7.989320151864376385e-04
7.695646124830091139e-04
7.140341658669058233e-04
1.600318919372512028e-03
1.957775037226383574e-03
1.689357111899880692e-03
1.191741956063196994e-03
9.666375954111572355e-04
7.878387723394553177e-04
8.583607959735672921e-04
1.787724890164099634e-03
1.427934828825527802e-03
1.080101103070774116e-03
1.032019212289014831e-03
1.260187516891164705e-03
2.373380606513819657e-03
1.403130547259934247e-03
9.941279322447371669e-04
7.548203675469267182e-04
8.419486712227808312e-04
1.776546945620793849e-03
1.162990668490238022e-03
9.269464935641735792e-04
2.717071318329544738e-03
2.055223896604729816e-03
1.306988000578712672e-03
1.317345544521231204e-03
1.059499139955732971e-03
8.021450257729156874e-04
9.792849632503930479e-04
1.168621845067718823e-03
1.694616523309377953e-03
1.920978626003488898e-03
1.293948748752882238e-03
9.492619865341112018e-04
8.776877593845711090e-04
7.438529255523462780e-04
6.459343585447641090e-04
7.392099723801948130e-04
8.828516292851418257e-04
7.403133640764281154e-04
7.158433577387768310e-04
6.352859600156079978e-04
8.340977037732955068e-04
8.835028834255354013e-04
7.012872483755927533e-04
8.858493292791536078e-04
6.913442725817731116e-04
8.121174450934631750e-04
1.591620439285179600e-03
1.072417304385453463e-03
1.436772807210218161e-03
1.229944500664714724e-03
9.743370137584861368e-04
1.651175800361670554e-03
1.613756390725029632e-03
9.507964932709001005e-04
8.689308288012398407e-04
8.657236321596428752e-04
6.874211376270977780e-04
6.820028520451160148e-04
9.454467217437922955e-04
9.105420322157442570e-04
1.297578404773958027e-03
7.990344529389403760e-04
7.717822318227263168e-04
6.651914736721664667e-04
5.686214835805003531e-04
6.948030495550483465e-04
1.133292629674542695e-03
1.332812087639467791e-03
7.780083924444625154e-04
9.769166426849551499e-04
1.117760690249269828e-03
1.063288937075412832e-03
8.026170180528424680e-04
6.943610424059443176e-04
8.042141944315517321e-04
1.025278401357354596e-03
1.214075793541269377e-03
8.951333293225616217e-04
9.760844659467693418e-04
1.966255273146089166e-03
1.294260524446144700e-03
1.074208506906870753e-03
7.898392914285068400e-04
9.685838958830572665e-04
1.504759355157148093e-03
1.139574787885067053e-03
4.049976309033809230e-03
3.476500678516458720e-03
1.734692574245855212e-02
2.645960132940672338e-02
1.747031501145102084e-02
5.164632311789318919e-03
3.160573367495089769e-03
1.907723104523029178e-03
1.360376560114673339e-03
1.204411459184484556e-03
1.246993520908290520e-03
1.177092258330958430e-03
1.157276379672111943e-03
1.501793736679246649e-03
1.166714402643265203e-03
1.374985036818543449e-03
3.126578492810949683e-03
1.630422833841294050e-03
1.114627226343145594e-03
9.610926372261019424e-04
1.017505128402262926e-03
1.609544935490703210e-03
1.642924646148458123e-03
1.163201940016733715e-03
1.086910902813542634e-03
1.135162725404370576e-03
9.753203280524758156e-04
8.692368101037573069e-04
7.791549887770088390e-04
8.159949347827932797e-04
6.968937668716534972e-04
7.543739338871091604e-04
9.127467055805027485e-04
9.396846944582648575e-04
8.234419510699808598e-04
6.789677236156421714e-04
8.042677400226239115e-04
8.128755234793061391e-04
8.287391028716228902e-04
6.031934071870637126e-04
6.517992387671256438e-04
5.505856256604602095e-04
6.260750033106887713e-04
5.560680287999275606e-04
6.079385644852663972e-04
7.697993260080693290e-04
1.077183642337331548e-03
1.163760338386055082e-03
1.172014069197757635e-03
8.894500824681017548e-04
1.101034467410499929e-03
7.317581066672573797e-04
7.044224871606274974e-04
6.511263218271778896e-04
5.501200253092974890e-04
6.107206427259370685e-04
6.742431842212681659e-04
6.565945577676757239e-04
5.302887657308019698e-04
6.265543288463959470e-04
5.865926432306878269e-04
6.635597092099487782e-04
5.426281804830068722e-04
6.290248948062071577e-04
6.543226718349615112e-04
5.919739342061802745e-04
6.364004702845704742e-04
5.657662927660567220e-04
6.554925203090533614e-04
5.633780683638178743e-04
6.278728287725243717e-04
9.500265532551566139e-04
1.361799475489533506e-03
1.012147189612733200e-03
9.802932536331354640e-04
7.917052425909787416e-04
1.987625892070354894e-03
1.089068036890239455e-03
7.083195373525086325e-04
6.888194475322961807e-04
6.614393732888856903e-04
6.013806250848574564e-04
6.617411740990064573e-04
6.485785647782904562e-04
4.668094841235870263e-04
7.301074456336209550e-04
1.159438614195096307e-03
9.216310281772166491e-04
8.243776028393767774e-04
9.053208959812764078e-04
6.835904341642162763e-04
6.321970377030083910e-04
6.485492012870963663e-04
5.697876640624599531e-04
5.395947332544892561e-04
5.320553282217588276e-04
6.815234301029704511e-04
7.353031869570259005e-04
8.114229622151469812e-04
8.635714657430071384e-04
7.566888434666907415e-04
9.865383326541632414e-04
1.384155206324066967e-03
1.905080986034590751e-03
2.053855452686548233e-03
1.480452119722031057e-03
1.618786527615156956e-03
1.068217647116398439e-03
8.593337242928100750e-04
7.543898864241782576e-04
7.976737815624801442e-04
7.086481309670489281e-04
7.901754024715046398e-04
7.082474721755716018e-04
6.865341492812149227e-04
8.578586403018562123e-04
8.216749965868075378e-04
6.145049740098329494e-04
6.284478199631848838e-04
5.791679259345983155e-04
5.762393893746775575e-04
4.725593239527370315e-04
5.261241985863307491e-04
5.659093294525519013e-04
6.750147367711178958e-04
5.887490879104007035e-04
7.535299173468956724e-04
1.740428098855772987e-03
1.005573603833909146e-03
7.485523410650785081e-04
1.204790918563958257e-03
1.142937304393853992e-03
9.933166379596514162e-04
7.998153441803879105e-04
8.188555439119227231e-04
1.049735190463252366e-03
8.858463424985529855e-04
9.257456658815499395e-04
6.979458175919717178e-04
6.331890626825043000e-04
6.302011988736921921e-04
7.442784972226945683e-04
8.856965650920756161e-04
8.949991515692090616e-04
7.213869496354163857e-04
6.769184819859219715e-04
6.130347651378542650e-04
5.338897735782666132e-04
6.511256888188654557e-04
8.364864170289365575e-04
2.307773189386352897e-03
1.232679158420069143e-03
8.310647917824098840e-04
7.665328357688849792e-04
8.313161752084852196e-04
9.101616524276323617e-04
6.566478950844611973e-04
7.315087168535683304e-04
7.987371084254846210e-04
7.563546787423547357e-04
6.640372209858469432e-04
6.667932890422889614e-04
6.314178499451372772e-04
6.449865807098831283e-04
5.475682669384696055e-04
5.938265130680520087e-04
9.217784278234830708e-04
6.389254385794629343e-04
6.854328803456155583e-04
1.035829991451464593e-03
7.814318873897718731e-04
7.064195187922450714e-04
6.386418626789236441e-04
6.758753434041864239e-04
6.399719495675526559e-04
5.571957472056965344e-04
5.661961586156394333e-04
5.468298295454587787e-04
5.803954827570123598e-04
6.332446610599617998e-04
5.932280710112536326e-04
7.121916196410893463e-04
7.150960100261727348e-04
9.602684549463447183e-04
7.923095417936565354e-04
8.543080984964035451e-04
7.557292051387776155e-04
6.790061570427496918e-04
5.603221466117247473e-04
6.465219103120034561e-04
6.475681757365236990e-04
8.130814021569676697e-04
1.118162434067926370e-03
8.051037311815889552e-04
7.497265319216239732e-04
7.068461618473520502e-04
8.032235109567409381e-04
1.153565575805259869e-03
1.327199999650474638e-03
1.549202894238987938e-03
1.370063067042792682e-03
