1.134355475194752216e+00
3.997514480724930763e-01
1.514521436765789986e-01
9.919934894423931837e-02
8.584449137561023235e-02
1.036804430186748505e-01
8.225802890956401825e-02
9.574733115732669830e-02
1.024549091234803200e-01
1.218214337714016438e-01
8.325179363600909710e-02
8.052074606530368328e-02
8.736620761919766665e-02
1.097774617373943329e-01
1.346427945536561310e-01
1.019636914134025574e-01
7.826751144602894783e-02
1.032054999377578497e-01
1.352900848723948002e-01
8.375131356297060847e-02
8.125305086286971346e-02
8.695203252136707306e-02
7.674787729047238827e-02
7.395377336069941521e-02
5.497460927290376276e-02
8.769902330823242664e-02
1.128663872514152899e-01
7.984557448071427643e-02
9.209123323671519756e-02
8.727708086371421814e-02
1.048191603040322661e-01
1.137949274852871895e-01
1.027576165506616235e-01
8.624086319468915462e-02
8.621047972701489925e-02
8.249609591439366341e-02
8.841513050720095634e-02
9.923213301226496696e-02
8.378728013485670090e-02
7.035596715286374092e-02
6.609490897972136736e-02
6.044724659295752645e-02
6.088002516844426282e-02
6.718197907321155071e-02
6.552771781571209431e-02
6.505840900354087353e-02
1.318898308090865612e-01
1.031123481225222349e-01
8.362112706527113914e-02
6.607550242915749550e-02
6.156934975206240779e-02
6.144480407238006592e-02
8.265031315386295319e-02
1.240341491065919399e-01
6.015361356548964977e-02
5.632750397853669710e-02
5.557991017121821642e-02
5.980054056271910667e-02
6.024710531346499920e-02
5.246665014965401497e-02
5.401785693538840860e-02
5.268012141459621489e-02
5.635640339460223913e-02
5.534797662403434515e-02
5.139760636825485562e-02
5.148598738014698029e-02
5.071857466828078032e-02
8.901543368119746447e-02
6.268978826119564474e-02
5.528595399846381042e-02
5.188666340836789459e-02
4.972036858089268208e-02
4.251858417410403490e-02
5.707943970628548414e-02
5.197269230848178267e-02
5.012802670535165817e-02
5.248041125014424324e-02
7.554121746215969324e-02
6.596480961889028549e-02
6.053111454821191728e-02
5.522834276780486107e-02
7.858574518468230963e-02
1.225012140348553658e-01
6.795530393719673157e-02
6.901043979451060295e-02
5.701905721616640221e-02
5.282980570336803794e-02
4.817883111536502838e-02
5.023204360622912645e-02
5.212613404728472233e-02
5.996426939964294434e-02
4.918186872964724898e-02
5.301314921234734356e-02
4.649404349038377404e-02
4.075184571684076218e-02
4.017133644083514810e-02
6.051008705981075764e-02
5.163707269821316004e-02
6.088512340284069069e-02
5.060227657668292522e-02
4.822046666595269926e-02
4.371349524808465503e-02
4.185885586048243567e-02
4.136382718570530415e-02
3.763631812762469053e-02
5.003426840994507074e-02
5.465322537929750979e-02
4.966304112167563289e-02
4.613431787583976984e-02
4.379325406625866890e-02
6.398974300827831030e-02
8.171991771087050438e-02
6.552601256407797337e-02
4.613417637301608920e-02
4.938410141039639711e-02
3.767363738734275103e-02
4.823032056447118521e-02
6.136837578378617764e-02
1.219605905935168266e-01
7.332261176270549186e-02
6.240867525048088282e-02
7.127957523334771395e-02
8.861539303325116634e-02
1.060171868957695551e-01
5.857657839078456163e-02
5.470980459358543158e-02
4.012505429636803456e-02
6.374443322420120239e-02
7.581815379671752453e-02
4.500782739478381700e-02
4.435651726089417934e-02
4.614931550167966634e-02
4.360031976466416381e-02
3.805506626667920500e-02
3.592147145536728203e-02
3.602153912652283907e-02
4.240558017045259476e-02
3.659321990562602878e-02
5.225457489723339677e-02
4.704789747484028339e-02
3.427680016829981469e-02
3.985570491386170033e-02
3.730793757677020039e-02
3.465583547222195193e-02
3.749634500127285719e-02
4.460967787781555671e-02
5.928388482425361872e-02
4.722080471219669562e-02
3.829406656586797908e-02
3.562462792615406215e-02
3.607849648687988520e-02
3.418141746078617871e-02
3.387879754427558510e-02
4.134368722770886961e-02
4.689180653076618910e-02
4.556833318201825023e-02
4.274423734750598669e-02
5.062178010120987892e-02
1.213197237811982632e-01
9.867216087877750397e-02
6.528896512463688850e-02
1.004925436936900951e-01
6.858971004839986563e-02
4.056451458018273115e-02
4.491239448543637991e-02
6.430784706026315689e-02
4.553715803194791079e-02
3.423202405883785104e-02
4.380904394201934338e-02
3.803620109101757407e-02
3.789082914590835571e-02
4.240580473560839891e-02
6.683880044147372246e-02
4.448345291893929243e-02
4.809310722703230567e-02
4.468597518280148506e-02
3.515181678812950850e-02
3.518815543793607503e-02
3.512672963552176952e-02
3.662867558887228370e-02
3.608738805633038282e-02
4.056026448961347342e-02
3.742793900892138481e-02
3.345003788126632571e-02
3.485719376476481557e-02
4.176917392760515213e-02
6.692256242968142033e-02
6.123339058831334114e-02
5.914845474762842059e-02
5.426735357468714938e-02
6.732568203005939722e-02
4.861141811124980450e-02
3.523015929386019707e-02
4.093494405969977379e-02
4.549743700772523880e-02
4.413161438424140215e-02
4.464325978915439919e-02
3.433575591770932078e-02
3.477913292590528727e-02
3.689947108296109946e-02
3.699167660670354962e-02
3.426786023192107677e-02
5.110341834370046854e-02
6.349587463773787022e-02
4.910453426782623865e-02
4.661188622412737459e-02
3.752709773834794760e-02
3.537674504332244396e-02
3.843770019011572003e-02
4.023380041780910688e-02
3.167323477100580931e-02
3.027972565905656666e-02
3.175948871648870409e-02
3.295939392296531878e-02
3.447934026189614087e-02
3.805879561696201563e-02
3.362208348698914051e-02
4.926825407892465591e-02
5.299688922241330147e-02
3.258161855046637356e-02
3.392556571634486318e-02
3.411897485420922749e-02
2.769521105801686645e-02
3.377054639167909045e-02
3.462469711666926742e-02
4.100213362835347652e-02
3.610126755665987730e-02
3.873199620284140110e-02
3.478600158244660179e-02
3.425771411275491118e-02
3.542487080267164856e-02
3.616351820528507233e-02
8.430352644063532352e-02
7.166118739405646920e-02
5.744692689040675759e-02
5.125017190584912896e-02
6.613740010652691126e-02
6.760232057422399521e-02
4.996274155564606190e-02
5.101586610544472933e-02
5.599577003158628941e-02
7.077053259126842022e-02
4.911274183541536331e-02
5.502702881494769827e-02
4.113963735289871693e-02
5.066404593526385725e-02
3.682068538910243660e-02
4.011541757790837437e-02
3.567598818335682154e-02
3.127166972262784839e-02
5.279215332120656967e-02
6.850380015930568334e-02
5.444069544319063425e-02
5.532898048113565892e-02
5.266042973380535841e-02
6.226555816829204559e-02
7.581820618361234665e-02
5.497916672175051644e-02
4.251850623404607177e-02
3.317156546836486086e-02
3.611511539202183485e-02
3.567733165982645005e-02
3.060500090396089945e-02
3.600294965508510359e-02
4.680181414414619212e-02
4.910614050459116697e-02
7.851866353303194046e-02
3.612181643256917596e-02
3.993387497030198574e-02
8.144466183148324490e-02
1.301081341225653887e-01
5.618436669465154409e-02
4.622540483251214027e-02
5.366049532312899828e-02
4.526304500177502632e-02
4.707052039157133549e-02
4.650048929033800960e-02
1.377503004960090038e-01
1.074676632274531585e-01
7.635842263698577881e-02
6.294407986570149660e-02
5.094675528016523458e-02
5.654025555122643709e-02
5.230077868327498436e-02
4.820372315793974849e-02
4.246054511168040335e-02
3.426266072382588845e-02
3.522374577005393803e-02
3.551340417470782995e-02
3.414377113222144544e-02
3.338616959354112623e-02
3.332441649399697781e-02
4.306069703307002783e-02
5.223042912984965369e-02
4.419747172505594790e-02
4.116315647661394905e-02
3.445794981962535530e-02
3.588433848926797509e-02
4.029332686877751257e-02
3.337744728196412325e-02
