2.924344350894292344e-01
2.439978559811910030e-01
2.020425513386726324e-01
2.002275064587593079e-01
1.757485345005989075e-01
2.032179246346155765e-01
1.959216286738713619e-01
1.756879736979802542e-01
1.828855027755101614e-01
2.007741669813792040e-01
2.032573893666267395e-01
1.669930557409922411e-01
1.691464175780614254e-01
1.660728638370831678e-01
1.648773431777953991e-01
1.678822120030721010e-01
1.698093146085739025e-01
1.649312724669774466e-01
1.618371710181236156e-01
1.502363751331965147e-01
1.255645205577214651e-01
1.466707587242126465e-01
1.440318758289019230e-01
1.353916659951210077e-01
1.385867605606714847e-01
1.292892485857009832e-01
1.424828037619590704e-01
1.279562031229337093e-01
1.398109729091326359e-01
1.433735539515813284e-01
1.728917757670084543e-01
1.600115035971005628e-01
1.256072948376337761e-01
1.222007766366004916e-01
1.222781988481680543e-01
1.088426972428957612e-01
1.208939358592033414e-01
1.123815779884656252e-01
1.110835502545038794e-01
1.058686695992946680e-01
1.075697253147760990e-01
1.119201322396596310e-01
1.086662366986274747e-01
1.082978005210558509e-01
1.219016874829928071e-01
1.227503324548403357e-01
1.046561176578203883e-01
1.118661681811014830e-01
1.137524440884590121e-01
1.136338571707407596e-01
1.159817109505335425e-01
1.105945562322934450e-01
1.272762839992841177e-01
1.094276348749796540e-01
1.052415271600087437e-01
1.133068243662516267e-01
1.162041723728179932e-01
1.064782450596491459e-01
1.135965734720230103e-01
9.981528446078299921e-02
1.197128708163897187e-01
1.048034369945526068e-01
1.081944709022839846e-01
1.044009119272232000e-01
1.034742186466852815e-01
1.128230144580205235e-01
1.086414515972137507e-01
1.130241418878237397e-01
1.119099011023839269e-01
1.073213679095109258e-01
1.028459802269935663e-01
1.081426650285720881e-01
1.175783390800158174e-01
1.134595940510431944e-01
1.161441087722778348e-01
1.049392119050025912e-01
1.042239536841710473e-01
1.092964137593905177e-01
1.014807177086671230e-01
1.043346762657165472e-01
1.050043841203053829e-01
1.062902107834815951e-01
1.087212776144345638e-01
1.105975439151128115e-01
1.042020827531814631e-01
1.105015913645426423e-01
1.116751839717229217e-01
1.063626483082771301e-01
1.077741290132204627e-01
1.071147789557774926e-01
1.029341081778208378e-01
1.137379288673400907e-01
1.082351376612981225e-01
1.093028202652931158e-01
1.109108532468477820e-01
1.106173738837242099e-01
1.057270119587580409e-01
1.112094933787981660e-01
9.667830392718315680e-02
1.064912512898445185e-01
1.143868108590443966e-01
1.116273517409960420e-01
1.150833835204442407e-01
1.128509069482485500e-01
9.963348855574925833e-02
1.089276820421218872e-01
1.075037991007169041e-01
1.089853073159853664e-01
9.587003216147423068e-02
1.008134270707766178e-01
1.062574625015258734e-01
1.080416493117809240e-01
1.080930898586908995e-01
1.175113707780837957e-01
1.203733573357264192e-01
1.107897087931632996e-01
1.125850295027097103e-01
1.084846903880437169e-01
1.035674964388211550e-01
9.943028936783472604e-02
1.063466628392537444e-01
1.072107230623563084e-01
1.062761609752972958e-01
1.038096005717913245e-01
1.066807126005490658e-01
1.101537774006525611e-01
1.107506379485130310e-01
9.690785457690556659e-02
1.121467808882395389e-01
1.095458388328552218e-01
1.121582296987374688e-01
1.100259085496266692e-01
1.059032186865806607e-01
1.033221033712228148e-01
1.074127455552418980e-01
1.003966500361760522e-01
1.143779819210370419e-01
1.045307174324989347e-01
1.098699857791264889e-01
1.081588993469873999e-01
1.117239286502202389e-01
9.943547348181407119e-02
1.095975110928217588e-01
1.107390130559603308e-01
1.040362929304440853e-01
9.807971368233363296e-02
1.094723418354988098e-01
1.008393009503682491e-01
1.019518762826919500e-01
1.086672956744829804e-01
1.108821513752142607e-01
1.043778369824091556e-01
1.026250792046388000e-01
1.062489380439122499e-01
1.095421319206555666e-01
1.136933878064155523e-01
1.095930472016334589e-01
1.076744789878527342e-01
1.162280534704526330e-01
9.802344242731729496e-02
1.004489113887151036e-01
1.120381827155749049e-01
1.072167058785756383e-01
1.065858816107114193e-01
1.147902607917785645e-01
1.021602983276049259e-01
9.948155830303827274e-02
9.858461221059162949e-02
1.073093886176745143e-01
1.213478669524192810e-01
1.065859377384185819e-01
1.038302732010682461e-01
9.877645323673883704e-02
1.117101301749547360e-01
1.070228776584068869e-01
1.009817813833554651e-01
9.824912200371424542e-02
1.067734286189079285e-01
1.118594259023666382e-01
1.001784751812617030e-01
1.100027079383532197e-01
1.193466357886791285e-01
1.073836565017700223e-01
1.018640580276648222e-01
9.531341195106506070e-02
1.076828524470329340e-01
1.105596601963043241e-01
1.053673143188158662e-01
1.047511239846547482e-01
1.109794442852338192e-01
9.640493293603261127e-02
1.127051606774330111e-01
1.041568214694658934e-01
1.111308644215265873e-01
1.111782997846603449e-01
1.160228813687960298e-01
1.049858435988426236e-01
1.033767049511273711e-01
1.101040656367937715e-01
9.855856945117315304e-02
1.133277396361033057e-01
1.120670129855473873e-01
1.050102002918720245e-01
1.064492439230283055e-01
1.041782359282175663e-01
1.226829181114832551e-01
1.081174095471700014e-01
1.033387782673041017e-01
1.031989594300588009e-01
1.209563101331392887e-01
9.992787589629491263e-02
1.135795598228772491e-01
1.101736446221669580e-01
1.049917454520861299e-01
1.043934861818949372e-01
1.078725039958953885e-01
1.094036584099133819e-01
1.067228016753991454e-01
1.089007248481114742e-01
1.033006881674130711e-01
1.206138593455155644e-01
1.132669158279895755e-01
1.068078746398290063e-01
1.080832237998644446e-01
1.135707442959149743e-01
1.151035477717717442e-01
1.145716895659764645e-01
1.184583654006322179e-01
1.126030931870142665e-01
1.129078278938929203e-01
1.093799119194348718e-01
1.021855051318804469e-01
1.069406981269518525e-01
1.082239722212155614e-01
1.157449831565221104e-01
1.109537199139594976e-01
1.168479765454928099e-01
1.099691793322563199e-01
1.084456612666448022e-01
1.020567595958709745e-01
1.081917556623617771e-01
1.039240861932436560e-01
1.116709515452384976e-01
1.090337087710698399e-01
1.092303896943728064e-01
1.076022336880366054e-01
1.107237587372462001e-01
9.875900348027547015e-02
1.043971056739489284e-01
1.082391614715258327e-01
1.043171316385269193e-01
1.092962848643461854e-01
1.044035822153091403e-01
1.058692221840222686e-01
1.069738551974296625e-01
1.109324480096499088e-01
1.037940859794616727e-01
1.074891279141108186e-01
1.139055644472440065e-01
1.020914321144421877e-01
1.010760595401128115e-01
1.002465690175692176e-01
1.154864509900410952e-01
1.103312889734903990e-01
1.078369195262591090e-01
1.179801732301712092e-01
1.126143092910448645e-01
1.073780874411265074e-01
9.420209278662999841e-02
1.113140915830930083e-01
1.127969339489936773e-01
1.045051460464795495e-01
1.067828843990961674e-01
1.035141319036483737e-01
1.002770543098449735e-01
1.053280537327130617e-01
1.090666085481643705e-01
1.106573174397150611e-01
1.099204237262407929e-01
9.924719333648682196e-02
1.080023815234502221e-01
1.026969090104103144e-01
1.088526929418245914e-01
1.142312740286191286e-01
1.129622509082158360e-01
1.087635998924573327e-01
1.128059913714726803e-01
1.080621644854545538e-01
1.071059063076972989e-01
1.140887856483459445e-01
1.045718441406885829e-01
1.072701377173264775e-01
9.707035273313521784e-02
1.151507650812466921e-01
1.080321331818898528e-01
1.165421490867932647e-01
1.076388776302337619e-01
1.182739694913228362e-01
1.184878547986348424e-01
1.078536217411359133e-01
