1.000000000000000021e-03
9.999970367484411777e-04
9.999987967323250692e-04
9.999992774609772674e-04
9.999994807869620056e-04
9.999997233145721965e-04
9.999997504502946850e-04
9.999998152712080788e-04
9.999998068697950500e-04
9.999998832599002289e-04
9.999998543739347778e-04
9.999998557579374992e-04
9.999998500715364964e-04
9.999998592688482454e-04
9.999998997883004052e-04
9.999998603500519483e-04
9.999998810119124087e-04
9.999999214063363256e-04
9.999998928145411616e-04
9.999999029358171577e-04
9.999999157391042340e-04
9.999998980990535725e-04
9.999998977230195162e-04
9.999999019566592137e-04
9.999998593160659005e-04
9.999999226427602663e-04
9.999999362449432314e-04
9.999999295454546112e-04
9.999999365928715148e-04
9.999999392467249972e-04
9.999999352783459864e-04
9.999999473922689154e-04
9.999999219200063783e-04
9.999999127264902043e-04
9.999999216458424402e-04
9.999999396583048386e-04
9.999999234289167795e-04
9.999999265298748548e-04
9.999999169019399038e-04
9.999999140663342386e-04
9.999999251316192116e-04
9.999999014895298403e-04
9.999999126050205297e-04
9.999999269808314013e-04
9.999999295946604763e-04
9.999999191628149847e-04
9.999999410789924079e-04
9.999999197144663742e-04
9.999999337982996492e-04
9.999999378320950823e-04
9.999999245369078655e-04
9.999999596865590673e-04
9.999999463502992365e-04
9.999999164799944391e-04
9.999999401871441807e-04
9.999999471918333271e-04
9.999999353668444224e-04
9.999998999865814669e-04
9.999999274615000745e-04
9.999999409973715000e-04
9.999999353972033843e-04
9.999999474525110912e-04
9.999999283383286322e-04
9.999999291155409111e-04
9.999999453984547305e-04
9.999999584581478144e-04
9.999999466310549069e-04
9.999999279703968187e-04
9.999999461112803623e-04
9.999999073087057107e-04
9.999999314777383713e-04
9.999999539658688697e-04
9.999999469704236310e-04
9.999999383309434407e-04
9.999999240180362445e-04
9.999999463682017996e-04
9.999999642896846737e-04
9.999999487301184514e-04
9.999999518843099861e-04
9.999999317656044565e-04
9.999999579660310504e-04
9.999999075553447914e-04
9.999999102438281249e-04
9.999999145629263723e-04
9.999999349852976317e-04
9.999999482357554374e-04
9.999999068276083439e-04
9.999999395191329615e-04
9.999999437844092447e-04
9.999999459492266152e-04
9.999999311372247297e-04
9.999999333545992342e-04
9.999999670184647662e-04
9.999999214386249505e-04
9.999999336338469963e-04
9.999999607012068515e-04
9.999999207684548679e-04
9.999999338824968383e-04
9.999999315965818914e-04
9.999999563008487354e-04
9.999999350946099305e-04
9.999999537736233447e-04
9.999999592595180693e-04
9.999999474789742979e-04
9.999999516939704885e-04
9.999999346481573768e-04
9.999999639868934614e-04
9.999999598293422051e-04
9.999999626976719107e-04
9.999999497065062588e-04
9.999999563830600999e-04
9.999999576137395037e-04
9.999999570617366159e-04
9.999999594108312760e-04
9.999999398227459989e-04
9.999999454523144250e-04
9.999999561236638627e-04
9.999999629262629284e-04
9.999999480850157735e-04
9.999999605014590811e-04
9.999999601842616409e-04
9.999999382494090521e-04
9.999999643917414915e-04
9.999999496558065800e-04
9.999999307416685291e-04
9.999999594952017207e-04
9.999999640170737468e-04
9.999999641588947635e-04
9.999999598614317704e-04
9.999999510510364318e-04
9.999999482813847363e-04
9.999999478203390382e-04
9.999999541745070979e-04
9.999999483688113300e-04
9.999999256755421912e-04
9.999998958067273045e-04
9.999999373414157535e-04
9.999999576891917350e-04
9.999999690256447787e-04
9.999999392337726844e-04
9.999999515101277471e-04
9.999999510797055562e-04
9.999999527987915842e-04
9.999999559232748952e-04
9.999999519827843832e-04
9.999999544729586826e-04
9.999999680981236979e-04
9.999999426827826422e-04
9.999999433926609789e-04
9.999999453211244442e-04
9.999999239335877373e-04
9.999999225765827341e-04
9.999999229499724213e-04
9.999999460443475749e-04
9.999999529657480936e-04
9.999999609679969138e-04
9.999999530720955331e-04
9.999999645534387530e-04
9.999999514223648339e-04
9.999999426262529915e-04
9.999999421760436772e-04
9.999999555939105382e-04
9.999999618273455303e-04
9.999999611406515561e-04
9.999999565859819806e-04
9.999999429714679505e-04
9.999999617042515040e-04
9.999999672617178835e-04
9.999999596682922123e-04
9.999999556184501533e-04
9.999999617143324158e-04
9.999999438487039514e-04
9.999999683800130101e-04
9.999999536826418688e-04
9.999999627737846380e-04
9.999999541997466740e-04
9.999999556040758009e-04
9.999999573312779496e-04
9.999999496753768629e-04
9.999999612162915712e-04
9.999999435796112605e-04
9.999999651799011766e-04
9.999999564451785960e-04
9.999999576419764651e-04
9.999999390826496467e-04
9.999999457986628090e-04
9.999999560904365356e-04
9.999999578336640597e-04
9.999999742283777714e-04
9.999999531195224393e-04
9.999999740596687576e-04
9.999999494130105623e-04
9.999999520124006665e-04
9.999999544932033392e-04
9.999999358987531409e-04
9.999999364434740932e-04
9.999999442448425854e-04
9.999999438018460345e-04
9.999999535578458620e-04
9.999999470675438595e-04
9.999999660468314022e-04
9.999999650535705900e-04
9.999999473245539845e-04
9.999999615572855143e-04
9.999999637856707424e-04
9.999999699345490239e-04
9.999999646193189970e-04
9.999999571062923379e-04
9.999999523811517032e-04
9.999999556682885420e-04
9.999999650967840697e-04
9.999999419770019393e-04
9.999999567275870242e-04
9.999999571326848545e-04
9.999999424992235281e-04
9.999999568296048108e-04
9.999999424978001875e-04
9.999999491049110963e-04
9.999999680651296911e-04
9.999999572546400348e-04
9.999999626983046511e-04
9.999999594312680533e-04
9.999999581727266051e-04
9.999999692003446600e-04
9.999999547723730387e-04
9.999999700720425561e-04
9.999999559635699194e-04
9.999999544095831625e-04
9.999999729016992040e-04
9.999999639757845091e-04
9.999999628283959014e-04
9.999999595116056995e-04
9.999999624313081568e-04
9.999999458254122450e-04
9.999999706159666199e-04
9.999999591215745932e-04
9.999999584182981804e-04
9.999999592937573907e-04
9.999999649655338073e-04
9.999999599918558708e-04
9.999999590995665901e-04
9.999999662965188257e-04
9.999999613464333453e-04
9.999999539136090240e-04
9.999999731849843181e-04
9.999999529966446029e-04
9.999999579018313198e-04
9.999999671692827094e-04
9.999999669047892042e-04
9.999999628756031482e-04
9.999999638142245077e-04
9.999999650918568045e-04
9.999999702340544531e-04
9.999999334430039952e-04
9.999999327504828679e-04
9.999999298209807409e-04
9.999999507887544822e-04
9.999999395321444717e-04
9.999999578907592303e-04
9.999999656132047433e-04
9.999999699756162170e-04
9.999999557678577664e-04
9.999999494377579106e-04
9.999999535156296315e-04
9.999999548469789418e-04
9.999999666133773443e-04
9.999999722935947084e-04
9.999999697386965751e-04
9.999999471177985818e-04
9.999999695659354641e-04
9.999999436307027700e-04
9.999999513896546711e-04
9.999999587801935898e-04
9.999999633353540921e-04
9.999999539948175014e-04
9.999999570635381262e-04
9.999999506267493073e-04
9.999999469449630946e-04
9.999999453320466969e-04
9.999999630961610951e-04
9.999999579339518933e-04
9.999999408530806707e-04
9.999999666197112533e-04
9.999999672185785633e-04
9.999999516317754477e-04
9.999999656483426515e-04
9.999999474942032184e-04
9.999999472268255186e-04
9.999999586374624938e-04
9.999999529719616562e-04
9.999999649456710066e-04
9.999999679932904551e-04
9.999999600682309749e-04
9.999999648615553495e-04
9.999999700457888174e-04
9.999999457776939053e-04
9.999999747475904824e-04
9.999999617088021174e-04
9.999999634063493851e-04
9.999999612186993674e-04
