3.317063404392683705e-03
1.285372680285945535e-03
5.666582903359085755e-04
3.334295266540721276e-04
1.949116427567787414e-04
1.356158107228111584e-04
1.038002592395059764e-04
1.066979173629078987e-04
1.218041310494300032e-04
1.104690090869553387e-04
1.045160097419284284e-04
7.712826263741589541e-05
6.659360478806774792e-05
6.367473688442259485e-05
6.362586682371330058e-05
6.988930217630696094e-05
7.176513718150090155e-05
1.097584732633549666e-04
1.425409820512868356e-04
9.229434290318750116e-05
9.428715857211500677e-05
8.308429969474672729e-05
7.157358850236050514e-05
6.104349959059617871e-05
7.919661802588962561e-05
8.554405612812843716e-05
8.295490479213186150e-05
7.478093502868432010e-05
1.063291390892118188e-04
1.232969938428141231e-04
7.680992857785894925e-05
7.541554296039976722e-05
6.590584307559765604e-05
6.305043862084858662e-05
6.237956185941583866e-05
5.690105899702757597e-05
4.319937252148520066e-05
4.516059016168583184e-05
4.466063983272760835e-05
4.686217871494591101e-05
3.966491603932808949e-05
3.498754758766153692e-05
4.233690488035790893e-05
3.429598473303485662e-05
3.469861821940867501e-05
3.535961550369392945e-05
3.787068835663376647e-05
3.653017229225952449e-05
3.309123367216671157e-05
4.072619158250745657e-05
3.621489086071960764e-05
3.528608267515665191e-05
3.466735852271085334e-05
3.353708125359844145e-05
3.350501247041392800e-05
3.392126545804785293e-05
3.826892279903404550e-05
3.163435249007306857e-05
3.667708569992101091e-05
3.398202970856800404e-05
3.744794448721222444e-05
3.521479247865499658e-05
3.375158012204337594e-05
3.895385198120493713e-05
3.886908161803148958e-05
3.262832124164560945e-05
3.255314277339493856e-05
3.368440229678526521e-05
3.429982680245302482e-05
3.792723509832285345e-05
3.274091559433145313e-05
3.130076929664937508e-05
3.123334045085357502e-05
3.310404918011045083e-05
3.129383821942610666e-05
3.311148793727625161e-05
3.147125025861896710e-05
3.071882802032632889e-05
2.794636457110755213e-05
2.885238245653454214e-05
3.078109475609380887e-05
2.928485409938730435e-05
3.000702599820215255e-05
2.862158635252853855e-05
3.128426396870054305e-05
3.372006322024390237e-05
3.299547443020855737e-05
3.379540303285466643e-05
2.829211407515685870e-05
2.952015511255012893e-05
3.020155181729933111e-05
3.195773588231532174e-05
2.946236909338040142e-05
2.903900858655106412e-05
3.166391798004042357e-05
3.370164013176691058e-05
2.661049165908480063e-05
3.074672367802122879e-05
2.959041503345360844e-05
2.828317592502571710e-05
3.195181670889724046e-05
2.802710241667227820e-05
3.089039564656559649e-05
2.798873483698116480e-05
2.889382813009433448e-05
3.128631105937529084e-05
3.246653977839741856e-05
3.397857399249915305e-05
3.482404099486302584e-05
3.330260042275767638e-05
2.721913424466038258e-05
3.293620502518024160e-05
3.016387854586355320e-05
3.146429899061331661e-05
3.275170311098918183e-05
3.410603021620772508e-05
2.884115019696764648e-05
2.861780922103207558e-05
2.849150550900958614e-05
3.185376226610969752e-05
3.032055992662208087e-05
2.944138777820626206e-05
3.096688778896350685e-05
3.166439510096097501e-05
2.911890260293148458e-05
2.897274025599472292e-05
3.092513597948709638e-05
3.368198777025100115e-05
3.549645880411844972e-05
2.689144112082431025e-05
3.016079135704785653e-05
3.019232372025726363e-05
2.996558214363176376e-05
2.829291115631349453e-05
3.314785717520862682e-05
2.965444073197431727e-05
2.963549559353850782e-05
3.248043467465322600e-05
2.716855578910326585e-05
3.197627647750777853e-05
3.089613637712318721e-05
3.052951742574805258e-05
3.249457731726579504e-05
2.835041068465216018e-05
2.775926823233021355e-05
3.253611612308304757e-05
3.317840237286873433e-05
2.990125849464675276e-05
3.303859757579630512e-05
2.848785625246819041e-05
3.288823882030555978e-05
3.176278387400089103e-05
3.465201334620360421e-05
3.378273577254730937e-05
3.005140697496244548e-05
3.280445125710684942e-05
3.190485003869980709e-05
3.218444744561566311e-05
2.948742876469623365e-05
3.201974832336418466e-05
2.872508575819665634e-05
3.025816840818151832e-05
2.963469778478611328e-05
3.377068624104140597e-05
2.917050915129948407e-05
3.090681129833683236e-05
3.206055043847300112e-05
4.149048363615293327e-05
3.076830125792184845e-05
3.150784650642890619e-05
3.336326917633414133e-05
3.298056581115815924e-05
3.149373951600864259e-05
3.191168034391012178e-05
2.931268118118168854e-05
3.205748580512590571e-05
3.140931075904518230e-05
2.952586619358044050e-05
3.154302303300937773e-05
3.119721404800657318e-05
3.074594915233319761e-05
2.913508160418132320e-05
2.951250226033152877e-05
2.763047032203758000e-05
3.139286527584772421e-05
2.545301176724023981e-05
2.582026481832144646e-05
3.015959955519065125e-05
2.513489271223079481e-05
3.616149042500183257e-05
3.390226156625430760e-05
3.120281035080551830e-05
3.063186668441631035e-05
3.130305449303705110e-05
2.896932055591605671e-05
2.796442477119853652e-05
2.710501339606707780e-05
2.696707488212268664e-05
3.078995014220709252e-05
2.834181996149709584e-05
3.009288539033150165e-05
3.096330383414169909e-05
3.662718718260294098e-05
3.004966292792232775e-05
2.954719366243807599e-05
3.157514893246115981e-05
3.514944564813049781e-05
2.929614274762570994e-05
2.746777245192788474e-05
2.596532813186058707e-05
3.283900514361448586e-05
3.108722867182222991e-05
3.112074809905607118e-05
2.996654402522836016e-05
3.487396643322426961e-05
2.753496701188851012e-05
3.239138968638144569e-05
2.855783386621624096e-05
3.539919489412568374e-05
3.146634462609654021e-05
3.188639293512096357e-05
3.301231372461188314e-05
2.847878149623283981e-05
2.775761349766980924e-05
3.142762070638127489e-05
3.133818227070150626e-05
3.192039766872767223e-05
2.979896435135742717e-05
3.067183370148995620e-05
2.839749104168731855e-05
3.222837312932824716e-05
3.412005207792390138e-05
3.092054994340287793e-05
3.716501450981013612e-05
3.023314711754210361e-05
3.294959133199881491e-05
3.010028940479969538e-05
3.164983063470571962e-05
3.130675340798916160e-05
3.152691242576110837e-05
2.842757839971454814e-05
2.952527847810415551e-05
2.988441137858899378e-05
2.556535473559051820e-05
2.958658369607292183e-05
3.065975706704193591e-05
2.986765048262896016e-05
3.154226051265141266e-05
3.079847756453091550e-05
3.204694348823977634e-05
2.964266423077788204e-05
2.551915495132561909e-05
2.640820748638361625e-05
2.996366438310360400e-05
3.046735619136597826e-05
3.578371688490733233e-05
3.037121568922884830e-05
2.902431715483544327e-05
3.145736009173561159e-05
3.121508798358263719e-05
2.768823851511115141e-05
3.078110094065777822e-05
2.787767607514979318e-05
2.871780352506902865e-05
3.416794934310019152e-05
3.366204000485595180e-05
2.852438155969139121e-05
3.026855374628212371e-05
3.195624685758957639e-05
3.329427308926824345e-05
2.817477288772351904e-05
3.078435984207317369e-05
3.328921357024228065e-05
3.099890873272670568e-05
3.001054574269801378e-05
3.134425096504855765e-05
2.991340970766032182e-05
2.911001174652483179e-05
2.820054323819931529e-05
3.205181365046882731e-05
2.853290679922793128e-05
2.968169119412778081e-05
3.792919324041577056e-05
3.226482713216683032e-05
3.273908696428406713e-05
3.659414905996527387e-05
3.088268258579773964e-05
2.614896166051039337e-05
2.865175265469588272e-05
3.040624251298140667e-05
2.900561648857547106e-05
3.216794666514033316e-05
2.777548361336812309e-05
3.212086157873272625e-05
2.865759179258020459e-05
3.644250409706728533e-05
3.144101792713626948e-05
3.067292818741407516e-05
3.109804329142207551e-05
3.002580051543191143e-05
