5.479420151095837702e-03
3.491655108518898487e-03
2.705707424320280639e-03
2.293627883773297071e-03
1.674338604789227204e-03
1.590115518774837342e-03
1.368098717648535967e-03
1.398863189388066617e-03
1.087577379075810400e-03
1.214701856952160597e-03
1.208915928145870566e-03
1.232514914590865374e-03
1.194112538360059218e-03
1.007649162784218832e-03
1.189516653539612889e-03
1.097998832119628830e-03
8.923678193241358020e-04
1.042120816418901129e-03
9.916984534356742664e-04
9.239812730811536529e-04
1.016106532188132449e-03
1.017979619791731195e-03
9.966878977138548656e-04
1.193912199232727202e-03
8.853206934873014255e-04
8.037249499466270208e-04
8.448986976873129389e-04
8.015288796741515832e-04
7.845759275369346575e-04
8.097947109490632577e-04
7.300875062355771444e-04
8.894468832295387766e-04
9.403539530467242219e-04
8.910070813726633570e-04
7.819138118065893650e-04
8.808105922071263194e-04
8.627908333437517502e-04
9.175834595225751834e-04
9.331077628303319649e-04
8.709622925380244851e-04
9.990594466216863069e-04
9.410081314854323647e-04
8.601388719398528771e-04
8.446036052191629572e-04
9.050148888491094329e-04
7.726542797172441645e-04
9.019215882290154912e-04
8.190015127183869264e-04
7.936577254440635660e-04
8.744146616663783789e-04
6.391091941623016975e-04
7.372822583420202136e-04
9.199101070407778458e-04
7.784798945067450404e-04
7.314770016819238229e-04
8.092408766970038631e-04
1.006651791976764885e-03
8.573031460400670984e-04
7.731892575975507931e-04
8.090507995802909353e-04
7.296693685930222707e-04
8.521059527993202643e-04
8.474725647829473452e-04
7.437938766088336706e-04
6.487734353868290782e-04
7.353505818173289733e-04
8.542906318325549798e-04
7.389227946987375183e-04
9.691022627521306059e-04
8.332320692716165943e-04
6.829518824815750122e-04
7.330088352318853357e-04
7.904670725110918500e-04
8.774156769504771070e-04
7.371592335402965112e-04
6.015157065121457198e-04
7.207444199593737505e-04
6.982219376368448572e-04
8.314799983054399274e-04
6.526048993691802459e-04
9.678120783064514615e-04
9.536352474242449240e-04
9.304077422711998658e-04
8.116259443340823488e-04
7.242109248181804581e-04
9.716139815282076380e-04
7.828149944543838067e-04
7.547072484157979922e-04
7.400330010568723299e-04
8.352998294867575602e-04
8.217415073886513493e-04
5.780768318800255439e-04
8.921844942960888364e-04
8.200181298889219327e-04
6.310150783974677324e-04
8.959818165749311664e-04
8.184805337805300951e-04
8.325091854203492620e-04
6.654058757703751542e-04
8.109433460049330971e-04
6.843764509540051439e-04
6.424853228963911967e-04
7.294856128282845237e-04
6.996016134507953687e-04
8.137276076013222120e-04
6.040604785084724426e-04
6.379763828590512709e-04
6.147776904981583791e-04
7.138484710594638965e-04
6.647796661127358241e-04
6.553339713718742349e-04
6.595874263439327045e-04
6.412910937797277949e-04
7.808476628269999786e-04
7.434269413352012417e-04
6.667535053566098213e-04
6.128910987172275998e-04
7.252646231791004322e-04
6.326167058432474732e-04
6.351517775328829451e-04
7.909894498880021491e-04
6.006555544445290945e-04
7.142081885831430554e-04
8.376954268896952055e-04
6.406242406228557446e-04
6.038073130184784748e-04
6.026162329362705784e-04
6.377215147949754758e-04
7.042419339995831685e-04
7.238916645292192481e-04
7.271110720466822169e-04
6.814024702180177407e-04
7.232795614982023835e-04
8.677927311509847424e-04
1.027471950510516719e-03
7.967836630996316455e-04
6.547504279296844764e-04
5.602105287835001729e-04
7.846595573937520818e-04
7.009316177573055029e-04
7.040356678771786825e-04
6.915549427503719492e-04
6.682743463898077390e-04
6.975070748012513356e-04
6.791799300117417953e-04
5.685363576048985124e-04
7.620661664986983375e-04
7.573323382530361414e-04
7.443203940056264400e-04
8.779031340964138508e-04
8.856992993969470046e-04
8.835609885863959356e-04
7.393815438263117833e-04
6.903308007167652032e-04
6.288695265538990064e-04
6.895499187521636703e-04
5.992902122670784159e-04
7.015656476141885357e-04
7.624418707564472935e-04
7.654274493688717051e-04
6.707665481371805506e-04
6.219082395546137853e-04
6.274771090829745152e-04
6.632314645685255961e-04
7.601446239277720018e-04
6.229101563803851604e-04
5.759411025792360739e-04
6.392539740772918084e-04
6.705811829306185246e-04
6.228281621588393829e-04
7.542755396571010134e-04
5.660189519403502779e-04
6.850496050901710770e-04
6.141501653473824263e-04
6.812147941673174934e-04
6.706897693220525980e-04
6.575139152118936615e-04
7.140693574910983660e-04
6.268661178182810762e-04
7.560807280242443085e-04
5.939708469668402834e-04
6.643061147769913294e-04
6.551156489877030470e-04
7.856346579501405575e-04
7.410630030790343447e-04
6.670059228781610727e-04
6.536316344863734923e-04
5.110001249704510407e-04
6.892013887409120364e-04
5.126699805259704156e-04
7.159283297369257049e-04
6.972919363761320710e-04
6.790289073251188235e-04
8.059041108936070962e-04
8.024725888390093825e-04
7.516101817600428841e-04
7.545901928097010092e-04
6.859718734631315307e-04
7.323372992686927319e-04
5.865300743607803746e-04
5.950473627308383367e-04
7.305572275072335980e-04
6.241042690817266269e-04
6.057457183487712903e-04
5.519299884326756001e-04
5.987330383504741111e-04
6.592451216420158310e-04
6.946076697204262235e-04
6.702045619022100730e-04
5.946793418843299584e-04
7.667436962947249629e-04
6.621489388635382273e-04
6.590422737644985752e-04
7.632854540133848786e-04
6.613679463043809371e-04
7.632949011167511778e-04
7.181051973020657680e-04
5.688302815542555912e-04
6.581041350727900429e-04
6.147724750917404456e-04
6.411296286387369254e-04
6.509983795695006847e-04
5.586284591117873571e-04
6.769428902771324353e-04
5.506665154825895591e-04
6.679688085569068789e-04
6.796524889068677805e-04
5.239877791609615088e-04
6.041536398697644472e-04
6.136995158158242919e-04
6.404945044778287844e-04
6.169687490910291889e-04
7.408801146084442301e-04
5.456395389046520212e-04
6.435721035813913183e-04
6.490845320513471744e-04
6.422152859158813737e-04
5.957964109256863811e-04
6.366845831507816694e-04
6.437453208491206386e-04
5.843694583745673082e-04
6.258134846575558619e-04
6.833394290879368782e-04
5.212417047005147176e-04
6.901040265802294233e-04
6.531030812766402960e-04
5.767536011262563555e-04
5.790721857920289256e-04
6.133096991106868007e-04
6.055068661225959659e-04
5.947213154286146381e-04
5.491740041179582910e-04
8.211963082430884459e-04
8.254574990132823370e-04
8.432450093096121712e-04
7.061261741910130219e-04
7.827307854313403368e-04
6.531889608595520475e-04
5.902635719394310875e-04
5.515529104741289995e-04
6.694514973787591078e-04
7.157531916163861318e-04
6.862835783977061293e-04
6.763843295630068021e-04
5.816160381073131724e-04
5.298344854963943579e-04
5.537247605388983650e-04
7.319895725231617472e-04
5.553031136514618776e-04
7.557383156381547668e-04
7.018018106464297013e-04
6.462537916377186558e-04
6.095002347137779431e-04
6.827371107647195458e-04
6.595735903829336166e-04
7.072875159792602062e-04
7.331847824389115193e-04
7.442460511811078028e-04
6.114851334132253907e-04
6.528538768179714246e-04
7.741340959910303354e-04
5.815608659759163640e-04
5.763204360846429630e-04
7.000518438871949694e-04
5.899619165575132208e-04
7.293798436876386838e-04
7.312346133403480053e-04
6.473717105109245019e-04
6.902852008352055712e-04
5.959652800811455087e-04
5.694697290891781016e-04
6.360765808494761153e-04
5.966798838926479004e-04
5.509079928742721677e-04
7.412063365336507776e-04
5.058264563558622978e-04
6.228731450391933539e-04
6.089098489610478716e-04
6.268466589972376607e-04
5.622270866297185855e-04
