8.737085823399516615e-02
4.865737006856271814e-03
3.632772824941919287e-03
3.367168639894001746e-03
2.858073318090576485e-03
2.718812682164403229e-03
2.264893418536163220e-03
3.151735519238102728e-03
2.349489869979711713e-03
2.815480976222226300e-03
2.392801124817476623e-03
1.934659732684779632e-03
2.794168283356926810e-02
4.238643396932344903e-03
2.505128323816909180e-03
2.320935261937287931e-03
2.041110975775294392e-03
1.887860019297267445e-03
1.805468731506082881e-03
1.737536891596391797e-03
1.673928390328700659e-03
1.615127226642261438e-03
1.469572580670221477e-03
1.558910535039523476e-03
1.734390642601423612e-03
1.523041924407992145e-03
1.868769796923375973e-03
2.182285521680918904e-03
1.697273448539467948e-03
1.533772182973244932e-03
1.654501251715163749e-03
1.750151712286214523e-03
1.490755809041170070e-03
1.542240582281150440e-03
1.533230125026490906e-03
1.557828438056346222e-03
1.722716925164254889e-03
1.543947577458591519e-03
1.431307807349814758e-03
1.735192972074191091e-03
1.718948042700783538e-03
1.694384927395731124e-03
1.429309799837378322e-03
1.505799134387276420e-03
1.370885426429315325e-03
1.519390347395808754e-03
1.476305392749894044e-03
1.651890031420267472e-03
1.503726869123056444e-03
1.398341862323622224e-03
1.464752639787128378e-03
1.468558362326942987e-03
1.509992673975200667e-03
1.490284065501048085e-03
1.382764925410111256e-03
1.589418971427501368e-03
1.366351015167310791e-03
1.443274796922476176e-03
1.269423700600432695e-03
1.523439158560134987e-03
1.310395785661127742e-03
1.345503589478679474e-03
1.347644039644644827e-03
1.422876343489266329e-03
1.354015586324609170e-03
1.492232294269622579e-03
1.315257714864296462e-03
1.294554813424698535e-03
1.269891358410509810e-03
1.245324612738421327e-03
1.321390395213921463e-03
1.355589765947885338e-03
1.329702245465551411e-03
1.251182312038368874e-03
1.311843110642467447e-03
1.329732005699322877e-03
1.457000470970972253e-03
1.273923187713640144e-03
1.193012180738151030e-03
1.177040214399592338e-03
1.221863357708431134e-03
1.276405664751879398e-03
1.252869693472838169e-03
1.288209697948052230e-03
1.501368256196236421e-03
1.297875675551879828e-03
1.195405007680304822e-03
1.240175119780290549e-03
1.263104582903906703e-03
1.231651017979647125e-03
1.272722609036673743e-03
1.199140352680562720e-03
1.224385136111567907e-03
1.170257560443133159e-03
1.338869639529058526e-03
1.216244363100626178e-03
1.262796309758694229e-03
1.169235367650309524e-03
1.194297826777283985e-03
1.194840051287498518e-03
1.208088701017774168e-03
1.282610072611043046e-03
1.246135422171881649e-03
1.160339118751625535e-03
1.128138283428807651e-03
1.182562105644207641e-03
1.133957386124306030e-03
1.174088121087361923e-03
1.098836134098327014e-03
1.263755560816767027e-03
1.192969359153021880e-03
1.099948346829758171e-03
1.174145576526196061e-03
1.122412403884272096e-03
1.168258863393790417e-03
1.131808670918242393e-03
1.120088473768331627e-03
1.117444663004089987e-03
1.142576835655535620e-03
1.259807473084387794e-03
1.119449714091248164e-03
1.152931727791348289e-03
1.122197436947877094e-03
1.163669219330096391e-03
1.099941142512342101e-03
1.077026616817770063e-03
1.159437877896170180e-03
1.083732781430276617e-03
1.123190204200979515e-03
1.320907994746588774e-03
1.095533512908822065e-03
1.113779289209140648e-03
1.101621277988530092e-03
1.116081685400926223e-03
1.114990571603322348e-03
1.082006968163813599e-03
1.084730081940786300e-03
1.108200805566202009e-03
1.078552868253049952e-03
1.106110605178400874e-03
1.097939080612447306e-03
1.156199427966315063e-03
1.157761720689730106e-03
1.093473385732907609e-03
1.096056416057623450e-03
1.118703375015264474e-03
1.209340172891433529e-03
1.087442499388439118e-03
1.073420273874384819e-03
1.128008523329089487e-03
1.091783018693184620e-03
1.010617495586092675e-03
9.787979517848445152e-04
1.022014663277122370e-03
1.018189714075280966e-03
1.242301443394703457e-03
1.038744798503242993e-03
1.039058269144823871e-03
1.164524608667796618e-03
1.059518301805767839e-03
1.024374106110861622e-03
1.106039056769357294e-03
1.013586201812498918e-03
1.045991365950053051e-03
1.090831648056896780e-03
1.022094659632645031e-03
1.005403181681266151e-03
1.004572572240319383e-03
1.039401884190738114e-03
1.070413516404537064e-03
1.097201700814856356e-03
1.043921760552061389e-03
1.103421334454861421e-03
1.026335210190154525e-03
9.955709074767162600e-04
1.065770313233280414e-03
1.026322552934288935e-03
1.057552231941372156e-03
1.075587855974355659e-03
1.039276163254936047e-03
1.086038918359778305e-03
1.065319347141597053e-03
1.026206768046204754e-03
1.061096997224152735e-03
1.155812585672650120e-03
1.038684342683364546e-03
1.074590047266191012e-03
1.018072208479190149e-03
1.055562492155541487e-03
1.049551317163814656e-03
9.522814543183463157e-04
1.047435324961462893e-03
1.119465644632537714e-03
1.015404229446385852e-03
1.004380651284009175e-03
1.002286375688317280e-03
9.895518999725866609e-04
9.619136721504709196e-04
9.518768210769988636e-04
1.061710129187513982e-03
1.018157563745402359e-03
9.505123168659897551e-04
1.014458262719787097e-03
1.121937805482258084e-03
1.023225389116515270e-03
1.058020866073023205e-03
1.063186274796652699e-03
9.552737641990041804e-04
1.075395853527320042e-03
9.364370596953309599e-04
1.080371699152657535e-03
9.930413252172561826e-04
1.029001352995132564e-03
1.093959168960841879e-03
9.995595415463098734e-04
1.008099774256921745e-03
1.004491637174326690e-03
1.070414869061026486e-03
1.014916712077907745e-03
1.101437008653122739e-03
1.086624208703422176e-03
1.021054660668596625e-03
1.011279690562962410e-03
9.766663617203727877e-04
1.032056505433641934e-03
1.028372190641955617e-03
1.029348918774093506e-03
9.940728173555375604e-04
1.068868117783075338e-03
9.492556586897430261e-04
9.929088405512560139e-04
1.006085832173434641e-03
9.568975557788060712e-04
1.043449101808409255e-03
1.012910736160567730e-03
1.001900364197074204e-03
9.616522825896166521e-04
9.475409619671364527e-04
9.755400466159558880e-04
9.831894712988287210e-04
9.810896870196582700e-04
9.739011297754656543e-04
9.610111149063764110e-04
1.088393600926233036e-03
1.018966594263194915e-03
9.921256860252469778e-04
9.845354560708912631e-04
1.023367112905431819e-03
9.991721687793659115e-04
9.859187210587640367e-04
9.615138408172732229e-04
1.017910588864022123e-03
9.549930145462545098e-04
1.081706962297455683e-03
9.792999839051985157e-04
9.458251557169625092e-04
1.034427880613993057e-03
9.577340334474753825e-04
9.551596491991613553e-04
9.920920742353281450e-04
9.819412015181464178e-04
9.797148292329019813e-04
9.506690535300339360e-04
9.509120161125722602e-04
9.488485328172548009e-04
1.002886804053559986e-03
9.369470819365233617e-04
9.537043043215257584e-04
9.284018639636297272e-04
9.419945659689031798e-04
9.746212798815507205e-04
9.914408066274168867e-04
1.004511391511187001e-03
1.125282833191494549e-03
9.291144701329848241e-04
9.358119098648715311e-04
9.579578801864184912e-04
9.487787740699087048e-04
9.206370179666779245e-04
9.907786868727551724e-04
9.238718328281090393e-04
9.045564204615612293e-04
1.033678964505760096e-03
9.072129695246425492e-04
9.520775081070426181e-04
9.012961630315448596e-04
9.968067467875348434e-04
9.387108938356574428e-04
9.912376280856102784e-04
9.074127856785288741e-04
9.514455464131270747e-04
8.707408358951887343e-04
9.788428457865778771e-04
8.748219375355312157e-04
9.434109934283277680e-04
9.161395175257124480e-04
9.225046302442654021e-04
9.612980291981679422e-04
9.820319584552914417e-04
9.088554262864188956e-04
