5.592339073910432834e-01
5.189007915118161451e-02
1.179883957785718591e-02
7.883767706944662390e-03
6.512256284408709378e-03
6.024615702164524099e-03
6.004254032364662701e-03
5.940556416616719904e-03
5.821625839042312602e-03
5.814637139658717854e-03
5.726329133133678181e-03
5.656181916813640340e-03
5.437952931970357895e-03
5.182251827243496492e-03
6.974866367219125472e-03
8.217383340439376321e-03
5.498550613136852540e-03
4.257639185251558579e-03
2.895772580386084694e-03
6.407886236796484121e-03
4.411200828412000126e-03
3.012801794444813601e-03
1.910117139820666785e-03
1.541295842103221824e-03
1.543583646279704947e-03
8.492431233582250702e-04
7.600475407397264561e-04
5.408868635319830868e-04
3.786447949310326497e-04
3.325680710772490581e-04
3.433750637615208957e-04
2.921839973971467031e-04
3.844824883237700475e-04
2.506414911134497272e-04
3.980721590136561579e-04
1.925985801362377836e-04
2.397696388310150252e-04
2.792362681836547348e-04
3.360601438223110530e-04
2.312351237325107462e-04
1.461466308683156967e-04
1.665246262050726930e-04
2.936874507748357481e-04
2.533739855554064248e-04
2.107785266536452346e-04
1.523486468667054766e-04
1.533676622784696519e-04
1.574177812846541875e-04
1.800673438564819528e-04
1.501586944761905114e-04
1.479975073701044527e-04
2.119218530852402316e-04
1.133120407329817411e-04
8.348908158950507641e-05
8.229257689569803244e-05
7.852267898509607117e-05
7.768947141491534477e-05
7.241699623752057154e-05
7.381972532397519020e-05
7.475027814507484436e-05
8.429765961516429715e-05
7.663464566576294601e-05
7.838464936118244727e-05
7.526929873753996855e-05
7.395626102259163790e-05
7.303161841906224223e-05
7.274091801852645642e-05
7.347734593649340106e-05
6.799135649891789026e-05
6.300028561621301274e-05
6.805058514788363906e-05
6.566741306896266772e-05
7.499550338252447546e-05
7.642443832831785481e-05
6.466457360896610122e-05
6.787557546939591434e-05
6.474772924454609221e-05
6.746528507552712758e-05
6.936459719915600783e-05
6.638898155549267596e-05
7.349106111659613682e-05
6.806585267494323220e-05
5.912205212071592675e-05
6.547087896786466042e-05
6.432429590324104031e-05
6.085355134393252631e-05
6.308887746212455598e-05
6.120189744465546772e-05
6.109031164669431746e-05
6.275929948006866012e-05
6.313465949942303134e-05
6.371229071245419350e-05
6.223458010080161061e-05
5.911253153017776774e-05
5.896398472353158907e-05
6.227693430606878896e-05
6.151142310152542822e-05
5.934201416333534899e-05
6.248305940329480139e-05
6.316993055995280212e-05
5.952784254879909523e-05
6.123752545510582825e-05
6.094255428144927092e-05
5.706559750251471996e-05
6.522201018764034312e-05
6.651574821101829808e-05
6.143100322600837020e-05
6.318629418862710065e-05
6.538304638953002857e-05
5.814369476009982195e-05
5.931812997647177528e-05
6.347840034697368940e-05
6.271540790775736107e-05
6.439210547421894768e-05
6.101633591563715057e-05
6.633564236621810033e-05
6.242879274342318509e-05
5.966782405534211447e-05
6.098907975041691114e-05
6.299199359251789350e-05
6.486031484468291668e-05
6.181473744457915824e-05
6.377394460929174753e-05
6.026349664727390012e-05
6.210963478866581651e-05
6.311784797135795223e-05
6.121515595141852962e-05
6.747123295687796837e-05
6.165420221377109421e-05
6.332302419811158974e-05
6.362593579551150335e-05
6.164284315994282895e-05
7.247526809806004167e-05
6.382849267752403483e-05
6.458928178557577697e-05
5.885128399206544228e-05
6.099823718507061667e-05
6.075980619404136059e-05
6.119765962734270064e-05
6.149289787144345475e-05
5.956606636412770632e-05
6.113829573116484053e-05
6.360283570008024175e-05
6.477720265084987018e-05
6.291988885256133575e-05
5.753875516615260293e-05
6.039230784688912133e-05
6.180012475370484160e-05
6.159449934356791211e-05
6.237864534555496738e-05
5.893182734486318049e-05
6.083905613837380062e-05
5.963421255514463997e-05
6.259388186770272486e-05
6.160758151535821391e-05
6.325191070038058063e-05
6.102230797884711607e-05
5.939286604509963111e-05
6.404518160921083853e-05
6.197300963857047061e-05
6.306082950151689550e-05
6.458338269594070746e-05
5.679619425791315734e-05
6.528867721927406954e-05
5.819112629978917539e-05
5.577922146424980047e-05
6.125264682101688881e-05
5.940403378404238605e-05
5.792932065292809258e-05
5.919735571403768890e-05
6.384399389122229847e-05
6.484694441657185156e-05
6.519216228351818886e-05
6.116680207710219457e-05
6.102481604423648135e-05
6.321777062326232061e-05
6.409854904632084072e-05
5.709297564702437404e-05
6.369649396647753881e-05
6.028862373889698104e-05
6.043349768493926939e-05
6.152692987919127280e-05
6.136845781036433809e-05
5.917656573514892376e-05
5.988524636075667838e-05
6.218830779235919449e-05
6.489507701617720293e-05
6.027991249164402286e-05
6.213132698629873362e-05
5.835202104850288580e-05
6.033190627075622346e-05
6.405126281178501679e-05
6.091387245653415985e-05
6.633771002217305336e-05
6.119169847806915641e-05
6.401571269688087072e-05
6.247176882906762196e-05
6.266612442285644379e-05
6.417024141067967217e-05
6.048740033293142915e-05
6.010986416025416139e-05
6.196631468757165108e-05
5.961969380972304526e-05
6.016039889586596406e-05
6.520746469237458738e-05
6.126774207908002371e-05
6.491551090114037461e-05
5.967397972948246780e-05
6.392052926136838561e-05
5.922584151609471855e-05
6.078815311090746506e-05
5.801842202987138281e-05
6.383717760293031998e-05
6.353297430905513465e-05
6.234305243090013928e-05
6.161646717159515157e-05
6.073956340996493829e-05
5.979200902990722640e-05
6.371306602993761234e-05
5.792413717512424936e-05
5.985937219948562549e-05
6.333094471997087731e-05
6.257877954768071638e-05
6.239822922746979098e-05
6.265474482514786091e-05
6.028353335055084311e-05
6.214815777425160542e-05
5.894036075915209949e-05
6.668278215596835283e-05
5.972109390902058764e-05
6.563641406554619338e-05
6.127704353489475415e-05
6.295015255626126925e-05
6.108640167547171049e-05
6.033481408581685374e-05
5.886374085949843261e-05
5.817573550944764267e-05
6.241491000229656895e-05
6.281544954296859270e-05
6.372322134077822501e-05
6.251679459477171700e-05
6.347286312923054166e-05
6.026108124334474537e-05
6.188598383553599650e-05
6.233178004656699531e-05
6.253885080428411099e-05
6.581528963151333166e-05
5.960356215569738398e-05
5.955702641478958495e-05
5.975102826863910903e-05
5.782879987450809562e-05
6.165260300108725295e-05
5.629244483048644016e-05
6.197279906379716760e-05
6.231847531607319845e-05
6.425441760631442269e-05
5.808705057407838736e-05
5.685376527253538370e-05
6.555122330182177259e-05
6.614535403273562059e-05
5.856428469996899366e-05
6.526220557348365054e-05
5.940122804638710849e-05
6.084157404770581639e-05
6.201338392737157444e-05
6.172953148694326016e-05
5.765229284674312820e-05
6.490948041627074149e-05
6.054444662261041768e-05
5.927603278370738229e-05
6.312282322837477460e-05
6.368135911864502066e-05
6.632175277713137833e-05
6.074881864204893377e-05
6.209274515105575522e-05
6.206364196259528399e-05
6.095311041195493291e-05
5.916905416490728922e-05
6.644431564114604922e-05
6.181462552323115501e-05
6.435256428256466786e-05
5.667472942150197923e-05
6.024804080131134805e-05
5.857921667698332452e-05
6.287635872414445016e-05
5.564855339745169017e-05
6.319055725779274967e-05
6.169469034990898867e-05
5.736929147935691245e-05
6.730566768537220789e-05
6.083514424116241302e-05
6.230783722404499981e-05
6.220600227928062612e-05
5.842552384231513755e-05
6.210980855565354029e-05
6.668241514810634488e-05
5.770683813299161825e-05
6.092108592651236703e-05
6.538646844359497694e-05
6.673007802044808665e-05
