1.000000000000000021e-03
9.867945219149049964e-04
9.974690879144369748e-04
9.989185130769280638e-04
9.990931990942796340e-04
9.991629477927562245e-04
9.991785399592518786e-04
9.992334626715622826e-04
9.992370888995780621e-04
9.992938453189698263e-04
9.993357565971641102e-04
9.993702152733465339e-04
9.994381782691429995e-04
9.994993254099238805e-04
9.995946640812185344e-04
9.996835310433567663e-04
9.997490112428962343e-04
9.998371355981053917e-04
9.998997487095674912e-04
9.999382613421863020e-04
9.999567165341776732e-04
9.999672811336359456e-04
9.999754680810883818e-04
9.999813312953228193e-04
9.999843393202023471e-04
9.999866801502833337e-04
9.999877070264217085e-04
9.999883297457264324e-04
9.999886519278453068e-04
9.999894848187244022e-04
9.999909973107685545e-04
9.999911323738570890e-04
9.999920746703258069e-04
9.999920927490173455e-04
9.999912914823133169e-04
9.999923876598260097e-04
9.999929893087214274e-04
9.999936634488512145e-04
9.999940942281959188e-04
9.999934432182915143e-04
9.999938531962389385e-04
9.999945388572809880e-04
9.999945591051566298e-04
9.999939589454885733e-04
9.999951282888335999e-04
9.999946624289132984e-04
9.999950925084727209e-04
9.999949373317620471e-04
9.999955446102707767e-04
9.999950986444266620e-04
9.999959091648389503e-04
9.999949801833035896e-04
9.999956922628918093e-04
9.999954618265427704e-04
9.999962019789883968e-04
9.999954678365787723e-04
9.999955998175741323e-04
9.999958327337121148e-04
9.999956609135099515e-04
9.999943763894874292e-04
9.999966812384766118e-04
9.999963714688920625e-04
9.999960243101150767e-04
9.999959863333117340e-04
9.999971513163419170e-04
9.999950743045525788e-04
9.999957118629642424e-04
9.999955313993971924e-04
9.999961555615993671e-04
9.999964630523524960e-04
9.999968550867819380e-04
9.999964737328404570e-04
9.999966767183729194e-04
9.999961524839787435e-04
9.999963856697285328e-04
9.999964182414483767e-04
9.999970909427855024e-04
9.999971946483333408e-04
9.999967822167986700e-04
9.999970482001700658e-04
9.999971566549575343e-04
9.999970639331112743e-04
9.999964396544152624e-04
9.999970895947234324e-04
9.999969081835092567e-04
9.999965441316528876e-04
9.999969791045517330e-04
9.999969851476875598e-04
9.999967434689742765e-04
9.999970113689590247e-04
9.999968265437812927e-04
9.999973321505504185e-04
9.999972770699922485e-04
9.999971300339322716e-04
9.999970679633266718e-04
9.999976187779256818e-04
9.999972350801446686e-04
9.999974625949643696e-04
9.999967787764269846e-04
9.999976214055176192e-04
9.999973317278238946e-04
9.999965378831329570e-04
9.999967418416256301e-04
9.999957332704337894e-04
9.999966663380766875e-04
9.999968875537077872e-04
9.999972450017451022e-04
9.999978057667082126e-04
9.999964150344761455e-04
9.999971686840726515e-04
9.999974805624679396e-04
9.999973368039218567e-04
9.999972247660736738e-04
9.999966258385038081e-04
9.999972750123200735e-04
9.999974806510600507e-04
9.999973316226781848e-04
9.999970252070231828e-04
9.999958777324232523e-04
9.999955372838023517e-04
9.999971374539937986e-04
9.999977202878695785e-04
9.999969594001033735e-04
9.999975156453515864e-04
9.999975929784194872e-04
9.999971596425425401e-04
9.999975012817431935e-04
9.999974289210344057e-04
9.999974877155891340e-04
9.999976932460305414e-04
9.999978071298389580e-04
9.999975471190812419e-04
9.999980161871659633e-04
9.999974220661531597e-04
9.999976253261904334e-04
9.999979311085312877e-04
9.999977997674012586e-04
9.999978992664747355e-04
9.999979663067007536e-04
9.999979863371528770e-04
9.999971886946806224e-04
9.999965407053487253e-04
9.999967442701365814e-04
9.999979795606898057e-04
9.999977369278469520e-04
9.999979794575247164e-04
9.999973830662511106e-04
9.999975157860998935e-04
9.999975989305185439e-04
9.999977984245208076e-04
9.999975622346016224e-04
9.999968156005941810e-04
9.999977745919555461e-04
9.999975564280248318e-04
9.999980493538484713e-04
9.999976331950097448e-04
9.999979653557717479e-04
9.999975224760499198e-04
9.999979503486574901e-04
9.999976101573823835e-04
9.999982963455529041e-04
9.999973419154250913e-04
9.999973986331300597e-04
9.999971864218598020e-04
9.999975121592283040e-04
9.999979552027544322e-04
9.999978395346014251e-04
9.999977968398784511e-04
9.999964829257013393e-04
9.999979096901882771e-04
9.999980925929153122e-04
9.999977676020447258e-04
9.999962622159511670e-04
9.999972330729032903e-04
9.999970638905121036e-04
9.999976978766328666e-04
9.999977289313203340e-04
9.999978628913259657e-04
9.999980856373572209e-04
9.999979326047602098e-04
9.999979306947119184e-04
9.999977420019512831e-04
9.999973614077067949e-04
9.999983379483509335e-04
9.999980137121371009e-04
9.999977990591936775e-04
9.999973921657608848e-04
9.999976962855898141e-04
9.999978572501153767e-04
9.999983910569812742e-04
9.999976565628761974e-04
9.999977286646564729e-04
9.999976823283896182e-04
9.999979528141820194e-04
9.999969392561979496e-04
9.999960668019424077e-04
9.999969483331992530e-04
9.999971547879353724e-04
9.999976017588745828e-04
9.999977998752219120e-04
9.999977082420343291e-04
9.999980335364043287e-04
9.999979176901023763e-04
9.999976539310051309e-04
9.999976837123700051e-04
9.999979920212362892e-04
9.999975356771602635e-04
9.999978087801243351e-04
9.999978243327323647e-04
9.999977042757293971e-04
9.999971241595362499e-04
9.999978891484420217e-04
9.999969552571190239e-04
9.999977122213750576e-04
9.999977439747404027e-04
9.999980668349843678e-04
9.999977010376815464e-04
9.999973111401042145e-04
9.999979394008803001e-04
9.999980042450261949e-04
9.999975921291071133e-04
9.999980981154573713e-04
9.999980598739189631e-04
9.999977625254007595e-04
9.999975229879301715e-04
9.999978826926096253e-04
9.999980176599954172e-04
9.999977647454944430e-04
9.999984175485924793e-04
9.999965902753782301e-04
9.999974152322928592e-04
9.999979751225561344e-04
9.999980824960256250e-04
9.999979754765281944e-04
9.999980727977114247e-04
9.999976355045410003e-04
9.999961949222954932e-04
9.999980358697754552e-04
9.999974942833914256e-04
9.999980125148192484e-04
9.999976971082449092e-04
9.999980617715115063e-04
9.999978487169921670e-04
9.999979539017068379e-04
9.999977201063533182e-04
9.999982641225920593e-04
9.999979383061975789e-04
9.999980090279916682e-04
9.999976255211083000e-04
9.999983252036795129e-04
9.999981217895337424e-04
9.999983544291921479e-04
9.999979514090872289e-04
9.999979396943736113e-04
9.999978037835608423e-04
9.999971803613741383e-04
9.999976898968120694e-04
9.999979580533032222e-04
9.999981398539740940e-04
9.999981391402232040e-04
9.999973925139439557e-04
9.999980100640012710e-04
9.999980441724632026e-04
9.999982612946347899e-04
9.999982295775991081e-04
9.999980613531436920e-04
9.999979175903616312e-04
9.999983160139114258e-04
9.999982155629476895e-04
9.999979502298785884e-04
9.999973762448929621e-04
9.999958697094447034e-04
9.999977895588385308e-04
9.999983804905489965e-04
9.999982723675857228e-04
9.999981657661787676e-04
9.999982409966052567e-04
9.999980184751859971e-04
9.999967471168392727e-04
9.999971489953504277e-04
9.999979794999946502e-04
9.999983801436726060e-04
9.999981635382352435e-04
9.999984497807317459e-04
9.999980502937229516e-04
9.999979950100100143e-04
9.999974350294376854e-04
9.999980225709503064e-04
9.999977119771491941e-04
9.999981568503217826e-04
9.999983101734155871e-04
9.999981729175307608e-04
9.999979544725607489e-04
9.999982926161934179e-04
9.999983412684381942e-04
9.999983032992416140e-04
9.999985229830405439e-04
9.999980082636900688e-04
9.999979807670388455e-04
9.999980862315982402e-04
