3.665959799990934354e-01
1.602035077179179423e-01
1.046981662511825562e-01
9.586757859762977396e-02
9.210580587387084961e-02
9.124368692145627679e-02
8.813984472961987338e-02
8.793106456013287386e-02
8.459626225864186333e-02
8.204683705287821316e-02
7.988988301333259379e-02
7.545535529361051263e-02
7.123019765405093351e-02
6.408951957436169466e-02
5.662896111607551575e-02
5.043075036476640099e-02
4.062328137019101393e-02
3.187149018049240112e-02
2.501112277455189506e-02
2.094181287376319783e-02
1.820755454108995489e-02
1.576585990979391047e-02
1.375335241284440617e-02
1.259669360211666811e-02
1.161718094611869159e-02
1.116039308116716436e-02
1.087404513622031513e-02
1.072289350935641539e-02
1.032189104486914283e-02
9.550737490987075765e-03
9.478823939228759807e-03
8.961059673524954944e-03
8.950833149035187022e-03
9.393401306999079811e-03
8.782330407377551482e-03
8.428126710521824730e-03
8.012666339602540419e-03
7.735508822781198522e-03
8.150719818385207538e-03
7.891785024720080269e-03
7.438618498032584063e-03
7.424815859207335896e-03
7.823605473865480678e-03
7.025726605206727982e-03
7.353978395900305325e-03
7.051479728782878049e-03
7.162097485407310782e-03
6.718824535389156596e-03
7.047070025959435886e-03
6.438080659684012816e-03
7.131722235285183759e-03
6.606554694692878468e-03
6.780957173117820209e-03
6.203389973105753220e-03
6.776465568691492081e-03
6.677067811217378066e-03
6.497945362592444547e-03
6.630550618009532250e-03
7.548456408959978124e-03
5.798803478041116184e-03
6.063394358052927313e-03
6.346827071598347240e-03
6.377068320837090895e-03
5.372450782862656614e-03
7.064546074937371953e-03
6.591507726732422426e-03
6.728778319323763975e-03
6.241182166644755787e-03
5.986385759623611726e-03
5.644879659966510477e-03
5.977340398685020151e-03
5.802751080516506746e-03
6.243679823134751575e-03
6.051517680616062822e-03
6.024188320974216589e-03
5.429082851418677753e-03
5.331433364464079581e-03
5.709903259925982327e-03
5.468822056975434706e-03
5.367414258858736568e-03
5.454228300710811488e-03
6.006153985200559341e-03
5.430340629947536489e-03
5.597024471225107468e-03
5.917373359860742844e-03
5.532458862837623045e-03
5.526922396658097945e-03
5.744179108125322362e-03
5.502835053074008921e-03
5.670438082340885713e-03
5.199133623939226553e-03
5.252530264175113255e-03
5.392482148154693899e-03
5.450483616989324973e-03
4.911908290951567946e-03
5.292874555486966684e-03
5.070434883236885071e-03
5.712954888996832868e-03
4.909197484855265872e-03
5.199545515043770515e-03
5.922720521031057082e-03
5.745614166645442687e-03
6.575033876716214476e-03
5.811806494260535368e-03
5.615666207364376598e-03
5.283369573161882105e-03
4.715108449625617960e-03
6.026884636786931058e-03
5.356048466637730598e-03
5.052450962145538585e-03
5.194597370812997945e-03
5.302737466990947723e-03
5.847002831561600410e-03
5.254514515399932861e-03
5.052362130407024934e-03
5.199647960526978217e-03
5.490080549326890012e-03
6.462767240865265571e-03
6.724346511285094960e-03
5.385506720117786555e-03
4.806072273127296596e-03
5.550472887561601343e-03
5.017150207148755349e-03
4.938445820966187901e-03
5.364593666265992863e-03
5.031632957980036736e-03
5.103968919309622744e-03
5.045273464501780214e-03
4.834492964779629580e-03
4.713643629870870738e-03
4.985268309931545003e-03
4.483329091111526617e-03
5.110768368467688560e-03
4.905149861074546008e-03
4.578456912627991253e-03
4.721549901125185987e-03
4.613555639105684260e-03
4.539343035396407530e-03
4.516933031161041515e-03
5.337087684037054337e-03
5.920306012472685391e-03
5.743472480817753134e-03
4.524526939563015132e-03
4.788499996613930151e-03
4.524642450954107983e-03
5.149282049387693405e-03
5.017008084584684627e-03
4.932336125741986974e-03
4.722990547580754005e-03
4.969884066239875497e-03
5.680206505691304079e-03
4.748485489364932463e-03
4.975799498531748369e-03
4.445693483028341844e-03
4.897016155369141727e-03
4.540404181598740874e-03
5.010248161852359772e-03
4.557117970441193835e-03
4.920791355235611640e-03
4.154712783501428308e-03
5.189609946683049202e-03
5.133943892467547968e-03
5.339244654511704317e-03
5.020669086233657541e-03
4.551718559335260136e-03
4.678686450728599018e-03
4.724689992144703865e-03
5.969543941318988800e-03
4.602095303947434553e-03
4.396144519833957397e-03
4.755937042372191705e-03
6.154000129112426228e-03
5.294795435688951640e-03
5.454267868224312379e-03
4.829638117157360883e-03
4.796952584429699240e-03
4.653327139642308638e-03
4.404152729822432243e-03
4.576801034786245198e-03
4.578914780936697154e-03
4.783128758015877703e-03
5.170546677511404440e-03
4.103670718477052393e-03
4.486124948872362815e-03
4.722309723386869558e-03
5.140321794897317886e-03
4.831306759596747102e-03
4.659464664976386769e-03
4.037574748508632183e-03
4.872781635426422925e-03
4.797234199941158295e-03
4.845920059939517847e-03
4.554376266348887994e-03
5.568828433752059937e-03
6.312818745808566369e-03
5.560564781155656264e-03
5.369176170514786996e-03
4.929430228110183790e-03
4.721434211687129678e-03
4.818753024344058292e-03
4.463681773118236690e-03
4.593280417954220644e-03
4.875517135266871707e-03
4.844472990097368516e-03
4.510553416741245290e-03
4.996882148963563940e-03
4.711869624717270576e-03
4.695118131006465086e-03
4.822921090047149403e-03
5.397998138933497725e-03
4.624652731067994266e-03
5.554253016324604310e-03
4.814567633301895799e-03
4.781038815374760373e-03
4.425728118375819864e-03
4.826321184416027324e-03
5.219566183822119988e-03
4.569272209397133404e-03
4.496803205898579174e-03
4.939317004755139351e-03
4.389775793670731840e-03
4.433689187006915368e-03
4.761341657927807385e-03
5.009730551939676688e-03
4.631719360237612597e-03
4.481664516360443773e-03
4.758978892556007916e-03
4.004196976037586488e-03
5.877735339762533463e-03
5.117537974215605884e-03
4.529493545894236819e-03
4.407764700077036052e-03
4.529097624232663981e-03
4.418897401431903967e-03
4.894626313163077079e-03
6.209150230621590487e-03
4.461032721926183955e-03
5.038674277089098125e-03
4.487476845764938778e-03
4.830444053582409053e-03
4.431520410649040370e-03
4.668733200934880277e-03
4.553166396148940892e-03
4.806263605132699013e-03
4.193819922340267202e-03
4.570485750103697904e-03
4.491411519291645983e-03
4.904948544743306139e-03
4.119374227764851550e-03
4.362368928816388533e-03
4.083274096688803249e-03
4.555938957149491438e-03
4.568946794332826890e-03
4.717238726751769341e-03
5.344991969382937962e-03
4.838001339093726816e-03
4.548544790047933176e-03
4.341339815736693086e-03
4.342172637253123579e-03
5.139978629920412614e-03
4.490242805331945419e-03
4.451593986767179469e-03
4.197234657647854784e-03
4.235344130874556245e-03
4.431998658487025684e-03
4.593390423585386531e-03
4.130660474081249492e-03
4.252074573955991893e-03
4.557250012807986111e-03
5.155988804557744450e-03
6.469053284758154339e-03
4.732490674702122084e-03
4.050811067880953110e-03
4.183848251533859273e-03
4.310995888184098943e-03
4.221663303563699850e-03
4.480742931585101826e-03
5.740960977752418773e-03
5.374638966339475611e-03
4.524594898719121530e-03
4.051244858761920802e-03
4.313613260712693617e-03
3.963207442532567723e-03
4.444622325108331384e-03
4.507195300367825529e-03
5.097902270362657251e-03
4.476109738735591613e-03
4.814824609852889209e-03
4.321460653206004969e-03
4.137817373061005062e-03
4.302583771812564829e-03
4.552531193065292338e-03
4.159257706145153173e-03
4.099569954525898383e-03
4.146225106738069682e-03
3.868503331699791898e-03
4.492273526814053938e-03
4.523176001384854317e-03
4.403469125356744215e-03
4.078946048941682265e-03
