2.324732167956729614e-03
1.011714737008636124e-03
7.438199555811782606e-04
8.004447290052969744e-04
7.462367493038375666e-04
6.326885059631119678e-04
6.882501998916268566e-04
6.734085055844237335e-04
6.542729369054238074e-04
6.200094571492324562e-04
8.332308808652063139e-04
9.160878563610215910e-04
6.717181260076661832e-04
6.263904719768713207e-04
7.716707710642367818e-04
7.312283928816516905e-04
7.386962766759097793e-04
7.010456291027366681e-04
7.495783579846222906e-04
5.912251498860616973e-04
6.947655153150359428e-04
5.715953574205438368e-04
6.278118700720370250e-04
7.737286854535341046e-04
6.676508870441466787e-04
7.341935493362446337e-04
6.040491435366372773e-04
5.500358645804225965e-04
6.768304156139492989e-04
6.404005980584770441e-04
7.645263879870375359e-04
7.654443325009196997e-04
7.070287965082873395e-04
6.334153877105563879e-04
5.428824360327173760e-04
5.644591952053208857e-04
6.515197970050697236e-04
5.887451115995645523e-04
6.868509808555245399e-04
5.944601958617568233e-04
6.422020106886823900e-04
8.124668655606607668e-04
7.437268524275471695e-04
5.180305995357533441e-04
8.505919424351305203e-04
6.915681879036128521e-04
5.801997884797553294e-04
7.719692987545082822e-04
5.418458584851274960e-04
6.588266211717078722e-04
6.451863504480570338e-04
8.556999731808900616e-04
6.160829138631622286e-04
8.198599563911557631e-04
6.082019555227210052e-04
6.889118871185928366e-04
1.007190397164473873e-03
9.574776806402951913e-04
7.807227782905101342e-04
8.214647687661151597e-04
7.087748090270906687e-04
5.464406742248684602e-04
5.745331000071018934e-04
6.308070228745539694e-04
4.936632971900205107e-04
6.919726030901074843e-04
7.717897242400795221e-04
7.173805594599494970e-04
6.779344364379843221e-04
6.847958972988029466e-04
7.370278704911470630e-04
6.681241366701821992e-04
6.370716747672607429e-04
5.720505296873550126e-04
7.380142225883901553e-04
7.819367786093304410e-04
6.455351346327612436e-04
7.649227433527509010e-04
6.398406869266182618e-04
6.627881297996888847e-04
5.946273469210912712e-04
6.655473456097146237e-04
5.429617478512227969e-04
6.475043308455496593e-04
9.706730605103075071e-04
8.757955666321019838e-04
7.804752366306881182e-04
6.753553170710802078e-04
5.477106004642943613e-04
5.877571539410080025e-04
5.237976865222056201e-04
6.249072980911781101e-04
7.108332763891666694e-04
7.819148187991232114e-04
6.694136420264840560e-04
5.760528186025718703e-04
5.324477873121699059e-04
6.550168017080674641e-04
5.621661645515511072e-04
7.344152467946211786e-04
6.233991667007406264e-04
5.771736090537160418e-04
5.688139547904332840e-04
5.375850286024312251e-04
6.047193077392875931e-04
5.184743825035790458e-04
6.256991182453930378e-04
5.865262782511611274e-04
6.212153918265054262e-04
6.545474364732702935e-04
5.311973693702990666e-04
7.273224201829483039e-04
6.312025866160790415e-04
6.104445550590753338e-04
6.798641445736090198e-04
6.761768988023201263e-04
8.303975375990072742e-04
6.968540993208687017e-04
6.122617691289633296e-04
6.094256590586155436e-04
5.893184822828819499e-04
6.852829072158783241e-04
5.750557912203173349e-04
5.385386699344963052e-04
6.185774186936517267e-04
6.903157647078235872e-04
6.669379537925124602e-04
6.197611199847112172e-04
5.524003955846031435e-04
5.964204474973182389e-04
6.813871208578347943e-04
5.699043666633466952e-04
5.760533715753505483e-04
4.943616368109360337e-04
6.260414995873967662e-04
5.051467063215872013e-04
5.251316082042952740e-04
5.778245220426469608e-04
5.408432645102341898e-04
5.488761021600415020e-04
5.455528909806162553e-04
5.518453059873232877e-04
6.070814987954993537e-04
5.441497060625503967e-04
6.527543281360218995e-04
5.699370987713337378e-04
6.056141050066798709e-04
6.155043607577681758e-04
6.594565250755598509e-04
5.957589931009958043e-04
5.235404338842878378e-04
5.643210373818874142e-04
6.336604555447895816e-04
7.335281135359158046e-04
7.953266380354761860e-04
5.641705453551063574e-04
5.273942292357484789e-04
5.841815921788414681e-04
5.175792864368607745e-04
7.337264813637981884e-04
6.142395781353115819e-04
7.014965599713225870e-04
7.679282648799319773e-04
5.256480440342177658e-04
4.877577603717024092e-04
5.118320734860996261e-04
6.028898564788202734e-04
6.853406201116740270e-04
6.139546729779491894e-04
6.345278428246577942e-04
5.699911407039810708e-04
6.180273058513800809e-04
6.203219333353141582e-04
5.272006227945287516e-04
5.558496379914382949e-04
4.758864553878083717e-04
6.359088574148093155e-04
6.682422458349416942e-04
5.181827834652116046e-04
5.068183876574039242e-04
5.030556834147622549e-04
5.436782405013218956e-04
6.367748350991557331e-04
6.613089004531502941e-04
6.659460312221198840e-04
6.638970517087727785e-04
6.445591735731189377e-04
6.357670053451631954e-04
6.331137497909367301e-04
5.920294148381799676e-04
7.605230726767331579e-04
7.384850410744548061e-04
4.697354364907368801e-04
6.326931548149635105e-04
6.613244515998909726e-04
5.588448664639144702e-04
5.661065612609187401e-04
7.311298356701930509e-04
6.893362384289503314e-04
6.753503752406686328e-04
7.582468989615638979e-04
5.765374808106571436e-04
5.757236368178080032e-04
6.256353556333730474e-04
5.292326134319106593e-04
6.077158051387717254e-04
5.490904926167180502e-04
5.735018193566550305e-04
5.877912655705586509e-04
6.015100982040167289e-04
5.817482247948646762e-04
6.650004943367093801e-04
6.097879415998856082e-04
6.443974620196968100e-04
7.210757428159316525e-04
6.016812539504219582e-04
6.316713988780975342e-04
6.237142835743725734e-04
5.059099600960811124e-04
4.355697582165400259e-04
5.174747871933505156e-04
4.741427488625049808e-04
5.879523756448179700e-04
8.351675816811621623e-04
1.127290613173196655e-03
8.543769906585415349e-04
7.694168870026866667e-04
5.508583407693852475e-04
5.287047999445349412e-04
6.573586831412588701e-04
6.525575998239218755e-04
6.509538662309448430e-04
6.599328092609842980e-04
6.081331889921178131e-04
6.285555389088889108e-04
4.878341074800119021e-04
5.572371922122935309e-04
4.705395956989377845e-04
5.038993986090645194e-04
5.580806037566314647e-04
6.200775892163316698e-04
7.126006317169715672e-04
8.248307780983547659e-04
6.858410042089720061e-04
6.598618774053950599e-04
6.534349231515079737e-04
6.759380184424419692e-04
6.071686628274619146e-04
5.081072905644153483e-04
6.044432229828089476e-04
5.783992334424207247e-04
5.751236613529424379e-04
5.421250224268684857e-04
4.636369509777675253e-04
5.037155167277281628e-04
4.696587692402924173e-04
5.020144026881705234e-04
5.635767825879156806e-04
6.108682660851627805e-04
4.999001335818320730e-04
5.136195162776857398e-04
4.710917555106182929e-04
5.616881050324687994e-04
4.538005586558332082e-04
4.883351793978363276e-04
5.395678415273626790e-04
6.265449725712338722e-04
5.977562298843016588e-04
6.262305076234042211e-04
7.611231936607510068e-04
8.935495745390654044e-04
6.812722499792774229e-04
5.927681884107490525e-04
5.514034361112863042e-04
5.640249408315866752e-04
5.637725155490139976e-04
6.455539919746418505e-04
6.156358557442824118e-04
6.576260086148977713e-04
6.732424022629857280e-04
7.790341119592388182e-04
5.888664202454189315e-04
7.027367207532127843e-04
6.409139061967531695e-04
6.436066391567389459e-04
6.677498264859119690e-04
6.419380001413325758e-04
6.798870861530303521e-04
5.945077476402124131e-04
6.364751025103032589e-04
5.949908382414530227e-04
6.256379293821131117e-04
6.659818405751139142e-04
4.772819491336122264e-04
5.336971759485701359e-04
4.995561185448120544e-04
5.004560148033003301e-04
5.608434420234213345e-04
5.485161712082723632e-04
5.355875163028637640e-04
