1.886675387620925792e-01
1.065225263436635345e-01
7.472150375445683890e-02
6.862905770540236872e-02
5.911386236548423628e-02
6.347697377204894464e-02
8.441030532121658603e-02
6.625735250612099780e-02
6.213412458697954721e-02
5.921335344513257298e-02
5.728777647018432756e-02
5.244967552522818155e-02
5.408980399370193204e-02
5.593769376476605965e-02
5.906033938129742755e-02
5.319116935133934299e-02
5.298930828770001544e-02
6.553268680969874527e-02
7.186760008335113525e-02
5.920205973088741441e-02
5.842644199728965620e-02
4.691432503362496370e-02
5.139874120553334508e-02
5.139927094181378359e-02
6.268708954254785526e-02
5.740880792339642796e-02
5.257439886530240053e-02
4.983140652378400398e-02
4.540858194231987138e-02
5.471074456969896721e-02
5.453998185694217821e-02
5.462782432635625296e-02
5.611952766776084900e-02
4.656958182652791434e-02
4.754898821314176155e-02
4.915537238121032992e-02
4.416440476973851337e-02
5.260074014465013909e-02
5.231729273994763924e-02
5.716342255473137041e-02
4.861277788877486905e-02
4.076359992225964818e-02
4.063468724489212314e-02
4.545826961596807075e-02
4.613399505615234375e-02
4.225344931085904532e-02
4.884045595924059457e-02
4.459258466958999911e-02
4.230177166561285840e-02
4.614439258972803659e-02
4.888163122038046565e-02
4.685532748699187955e-02
4.154995903372764310e-02
4.124655574560165405e-02
4.038077661146720343e-02
4.643660436073938913e-02
3.759450813134511404e-02
4.520592813690503531e-02
4.399915834267933978e-02
3.994257164498170309e-02
4.652331347266833173e-02
4.116124734282493314e-02
4.089058476189772612e-02
4.532754980027675629e-02
3.763120770454406877e-02
3.569842179616292133e-02
3.546908181160688539e-02
3.976873941719531735e-02
4.783248280485471321e-02
4.436001777648925642e-02
4.559183095892270499e-02
3.476658531775077277e-02
3.942866300543149127e-02
4.118793929616610533e-02
6.116638481616974016e-02
4.852409996092319627e-02
5.238366201519965848e-02
4.292698365946610861e-02
4.249910706033309393e-02
3.753878834346930510e-02
3.675551849106947766e-02
4.640259966254234314e-02
3.415680167575677051e-02
3.442866938809553690e-02
3.865047730505466461e-02
4.088223241269588193e-02
3.456133939325809618e-02
4.095884549121062146e-02
4.357169928650061336e-02
4.413102616866429462e-02
4.537726808339357515e-02
3.775880026320616728e-02
4.089903235435485979e-02
3.673112007478872981e-02
4.757192047933737206e-02
3.740170287589231896e-02
3.650676036874453412e-02
4.386811504761378017e-02
3.960636816918849945e-02
3.561231121420860291e-02
3.375378648440043039e-02
3.360389793912569451e-02
3.522285756965478493e-02
3.631395076711972647e-02
3.492849661658207344e-02
3.599102534353733340e-02
4.076093100011348586e-02
3.672794637580712590e-02
4.083468007544676509e-02
3.593529102702935213e-02
3.595329361657301909e-02
3.754188592235247618e-02
3.288403141001860347e-02
4.239393323659897128e-02
3.604945850869020058e-02
3.779941561321417676e-02
3.779040748874346739e-02
3.478711446126302176e-02
2.733158003538847108e-02
3.082176956037680285e-02
3.216504516700903482e-02
3.331221739451090819e-02
3.256576154381037036e-02
3.143306449055671692e-02
4.550674731532732692e-02
3.855235651135444780e-02
3.949426797529061867e-02
3.863166396816571785e-02
3.285956134398778511e-02
3.187816919138034000e-02
3.311375801761944765e-02
3.423272036015987535e-02
3.228661256531874246e-02
3.610546340545018468e-02
3.215828935305277414e-02
2.477834026018778391e-02
2.439810199042161468e-02
2.773922548318902628e-02
2.585121188312768797e-02
2.811365618060032365e-02
2.911965083330869675e-02
3.498933576047420779e-02
3.662059431274732046e-02
2.676406595855951309e-02
2.911339302857716971e-02
2.662509909520546433e-02
2.374819964170455863e-02
2.950394072880347524e-02
3.533374816179275790e-02
3.566369215647379604e-02
2.998537520567575929e-02
2.826976068317890028e-02
2.625122374544541087e-02
2.667209928234418395e-02
2.940530404448509286e-02
2.569517033795515673e-02
3.025658049931128843e-02
2.701381631195545058e-02
3.046554233878850937e-02
2.702471762895584245e-02
2.876358944922685623e-02
3.273744285106659074e-02
3.077248173455397404e-02
2.793682018915812082e-02
3.154818682620922493e-02
2.780490082999070509e-02
2.362855741133292400e-02
2.334627620875835349e-02
3.291117623448371748e-02
2.867204565554857393e-02
2.742842795948187418e-02
2.276475659261147089e-02
3.004882298409938812e-02
2.470227101196845534e-02
2.548133345941702363e-02
2.251691433290640629e-02
2.892337317268053529e-02
2.296373421947161403e-02
2.832262280086676395e-02
3.044159126778443747e-02
2.854380191614230497e-02
3.886593965192635530e-02
5.720201221605141634e-02
6.718781950573125827e-02
5.050028525292873244e-02
5.037446990609169284e-02
4.671548791229725162e-02
5.605346212784449028e-02
4.406276121735572954e-02
4.546705385049184395e-02
4.403243909279505597e-02
4.504320528358220915e-02
4.233391794065634317e-02
4.053804228703181134e-02
5.160714884599049840e-02
5.493834627171357426e-02
4.657178682585557533e-02
3.601134407023588724e-02
3.670898117125034193e-02
3.791585788130760054e-02
4.345818087458610396e-02
4.206327584882577075e-02
4.101553832491238588e-02
3.656730577349662920e-02
3.493042600651582313e-02
3.816255070269107541e-02
3.927506816883882118e-02
3.355178572237491746e-02
3.518287291129430089e-02
3.517901549736658640e-02
3.744713366031646867e-02
4.146813924113909589e-02
4.174515828490257124e-02
3.946902814010778970e-02
3.956935542325178828e-02
3.581882839401562962e-02
4.449686867495377535e-02
3.944108995298544612e-02
3.805537708103656769e-02
3.646670232216517316e-02
3.572318026175101691e-02
3.868170330921808647e-02
4.542045940955479616e-02
4.151988414426644597e-02
3.322046262522538457e-02
2.900749618808428493e-02
3.579315418998400139e-02
3.692754233876863884e-02
3.772398345172404965e-02
3.381701000034809113e-02
3.258636842171350884e-02
3.111801979442437374e-02
3.452076856046915054e-02
3.104979805648326943e-02
3.147868936260541511e-02
3.797684820989767618e-02
4.342550424238045964e-02
4.385564563175042146e-02
4.333121217787265500e-02
3.613663626213868552e-02
3.649010894199212346e-02
3.031565379351377348e-02
3.448735040922959461e-02
3.237694706767797748e-02
4.173166130979855809e-02
4.032394277552763667e-02
3.866861201822757721e-02
3.607131683578093662e-02
4.300343741973241402e-02
4.199832162509362088e-02
3.753959238529205183e-02
3.096058921267589095e-02
3.502395624915758537e-02
3.159301771471897946e-02
3.076829047252734387e-02
3.174582620461782051e-02
3.163413753112157001e-02
2.784045636653900008e-02
2.980007932831843856e-02
2.772412865112225053e-02
3.245123090843359676e-02
4.269647399584452357e-02
3.299928046762943407e-02
3.275854351619879312e-02
3.086527722577253954e-02
2.716028951108455727e-02
3.414471962799628391e-02
3.039981145411729813e-02
4.186518155038356642e-02
3.430186298986275667e-02
3.494762598226467537e-02
2.816061563789844582e-02
3.021069293220838073e-02
3.283003854254881726e-02
2.532333601266145706e-02
2.505452620486418522e-02
2.683496065437793870e-02
2.602188729991515570e-02
2.572395503520965437e-02
2.698289025574922631e-02
2.770757724841435912e-02
2.849433198571205139e-02
2.915093737343947208e-02
2.577242391804853913e-02
2.806713835646708691e-02
4.223574486871560507e-02
4.852348671605189595e-02
3.218019561221201891e-02
3.614354953169822415e-02
4.382305641969044818e-02
3.863995348413785252e-02
4.600854131082694060e-02
4.229353976746400012e-02
3.544742763042450090e-02
3.434402681887149811e-02
3.150688099364439693e-02
3.286909821132819043e-02
3.331287590165932927e-02
2.836740377048651424e-02
3.040686262150605473e-02
