5.156577694065430650e-01
8.258436707889332817e-02
5.437570284394657033e-02
4.101236548055620795e-02
2.620698511600494385e-02
1.914705434704528156e-02
1.185960076091920577e-02
1.061381109277991647e-02
8.660505416200441065e-03
8.087135687032166037e-03
7.410106112194412252e-03
6.700220463030478329e-03
5.711846149471753141e-03
4.395577303298255772e-03
4.456534625633674918e-03
3.943571177146890788e-03
3.932825234882971616e-03
3.743935540756758700e-03
3.141262691796702523e-03
3.021274433087776587e-03
3.228894722483614116e-03
3.120106507969253127e-03
3.341840306187377103e-03
3.046488361980985091e-03
3.645463120740126059e-03
3.253677120322690137e-03
3.500373061636791357e-03
5.505306824274799199e-03
4.850126542698810980e-03
3.457839340519379065e-03
2.957186647964750968e-03
2.809135366559905190e-03
2.438439679441645018e-03
2.861899433328824859e-03
3.164957250084947035e-03
3.473908777403480943e-03
2.527184263967415662e-03
2.518829108928056452e-03
2.906209734432837338e-03
4.019082962151835844e-03
3.152301891104263443e-03
3.001113655045628548e-03
2.511170583174509186e-03
2.134339116951998721e-03
2.418699646916459486e-03
2.356373739209683630e-03
2.484487506615765031e-03
2.222850973553517490e-03
2.378697198925211302e-03
2.238389851032372962e-03
2.446785945828785017e-03
2.682259847300455698e-03
2.833351876367541048e-03
2.405879909501356263e-03
2.337851349319167073e-03
2.262996454887530179e-03
1.910878865815260818e-03
2.078780952347990523e-03
2.086015733178047445e-03
2.104290699421921401e-03
1.888879780274103568e-03
2.232642604640739780e-03
1.783736550030024523e-03
1.866720219635788170e-03
2.357768812490736686e-03
2.062809735755709913e-03
2.051406163338790820e-03
2.167281598838813241e-03
1.730932326823034694e-03
2.085443592959028859e-03
1.475442502209368912e-03
1.570641364463988511e-03
1.896705868763520373e-03
2.087329452693024306e-03
1.675270737477523465e-03
1.532458077075288640e-03
1.972278066472533693e-03
1.770012847640935151e-03
1.767045469023287296e-03
2.201292869251440451e-03
1.857710913207162931e-03
1.961852492326322545e-03
1.812825308126561705e-03
1.491968930863282273e-03
1.563247690415557655e-03
1.846548998454476155e-03
2.223954097751308992e-03
1.663698725785841062e-03
2.317791770431486872e-03
2.458474044140209272e-03
2.236880286706282965e-03
1.674498397144762998e-03
2.334234989522134505e-03
1.815416904933312347e-03
2.240172320264665392e-03
2.459828488473944728e-03
1.529241443666465132e-02
2.320858259849688521e-01
1.168310050578678372e-01
3.759798845824073588e-02
1.631148959345677177e-02
9.770405944436788559e-03
6.820206913877935664e-03
8.503834388273604286e-03
6.183071034576962874e-03
5.177931558779057079e-03
4.664038472315844112e-03
4.477565313744194010e-03
3.712966216399389129e-03
3.261293421554214891e-03
3.189762328367899344e-03
2.839076764169422892e-03
3.001360921189188957e-03
3.230251508819706376e-03
3.197602325064294402e-03
2.579995115999789927e-03
2.949555938625160207e-03
2.967928947113892407e-03
3.121124457239228111e-03
3.159211578724138800e-03
3.037032096044105667e-03
2.691742251901065551e-03
2.325890900786308554e-03
2.548465635353589810e-03
2.542847582577344428e-03
1.982265994336237028e-03
2.079288529999116092e-03
2.276417847229715834e-03
2.124323804095825524e-03
2.341427162344403203e-03
2.083093229242983808e-03
2.122273031786522240e-03
2.183562904760679574e-03
1.971292706644710551e-03
2.031468882170670096e-03
2.077172975987195969e-03
2.561227082932258405e-03
2.242744879742317263e-03
1.993345644544152525e-03
2.109773778904448435e-03
2.108806853785234314e-03
1.795796821277369573e-03
1.559140044264495373e-03
1.772866584360599518e-03
1.557636978652547285e-03
1.451587150393820937e-03
1.653927481075858318e-03
1.664614174788927280e-03
1.726672621717786037e-03
1.648717306499533717e-03
1.643373829531757360e-03
1.898234614225871499e-03
1.780665445360629087e-03
1.998293823014725759e-03
1.856551245402763770e-03
1.574956068960840262e-03
1.666586448931518761e-03
1.776516416986637179e-03
1.847132581614834446e-03
2.068994792780893665e-03
1.723265323294874462e-03
1.753526007044403081e-03
1.653424121768159050e-03
1.707258668509037966e-03
1.537452020463259692e-03
1.550902550875702312e-03
1.841150364592014079e-03
2.315917723428677008e-03
2.108402892618494850e-03
2.121452296919682651e-03
1.690201118917149681e-03
1.416808716706274276e-03
1.613440307076363092e-03
1.451934783664696280e-03
1.452139256905545309e-03
1.610910458325901439e-03
1.407411360346219132e-03
1.216684721465058263e-03
1.319882846848272149e-03
1.360790495870306148e-03
1.343028154224157333e-03
1.436439548235605643e-03
1.454628428772968430e-03
1.398040598039241309e-03
1.539212179041522365e-03
1.624963807818644110e-03
1.631244613022050450e-03
1.409628010793205532e-03
1.348614363985903199e-03
1.454326954177197250e-03
1.434004413621390618e-03
1.354441430200548644e-03
1.788490527199910031e-03
1.764091950676896980e-03
1.449939288089380609e-03
1.347585324444534058e-03
1.327255624346435070e-03
1.477387589950333521e-03
1.284937586580567424e-03
1.388851395698593007e-03
1.513456227257847786e-03
1.305551240768502638e-03
1.350803978686385218e-03
1.274653662489179341e-03
1.707926604842000071e-03
1.520364709636744293e-03
1.424211782731992382e-03
1.238069038235527653e-03
1.296694301452268674e-03
1.212698126704815594e-03
1.345001797958770206e-03
1.321223468574531015e-03
1.482530072440995826e-03
1.312481711947304387e-03
1.433471745044431278e-03
1.566445482346941545e-03
1.283708353773416752e-03
9.688855429618235642e-04
1.242621877121136533e-03
1.521261573276098998e-03
1.399075790472766945e-03
1.290535869295982843e-03
1.093617554836194203e-03
1.391034210374688350e-03
1.534694757805589406e-03
1.484540030908058569e-03
1.655765836510588243e-03
1.940151436857002597e-03
1.688397715470808368e-03
1.510756329961997647e-03
1.397739476113415893e-03
1.497067148139809810e-03
1.423102971303331476e-03
1.478497206014307017e-03
1.334041261168963845e-03
1.186179709346855439e-03
1.434456156429779906e-03
1.510965576231041363e-03
1.418813802849720404e-03
1.879648832768640110e-03
1.706011141376460351e-03
1.333497711183393754e-03
1.211907961131895341e-03
1.712293268236167367e-03
1.567710149923668252e-03
1.371349481975330962e-03
1.472232877002919472e-03
1.442979076219832145e-03
1.768466845319113323e-03
1.482384039691704136e-03
1.492263263036661212e-03
1.302254940930972979e-03
1.249497718698180850e-03
1.329529181341914659e-03
1.428007381036877632e-03
1.530851846944321706e-03
1.707590890445691723e-03
1.634630545809426716e-03
1.567865971831933604e-03
1.255631987827227460e-03
1.357252469888943058e-03
1.412156089345979314e-03
1.174223616116625447e-03
1.080872083548456430e-03
1.228891436339301247e-03
1.238456088364781613e-03
1.352217055254561085e-03
1.603405231007320065e-03
1.409725847599260871e-03
1.500097582774127282e-03
1.350293302333311187e-03
1.541373799281085290e-03
1.607645059908356698e-03
1.624032834489994113e-03
1.842569210566580296e-03
1.437521820394870075e-03
1.171458423521150663e-03
1.359972979544716697e-03
1.135203086853246376e-03
1.354702327208703004e-03
1.107279173618949588e-03
1.304883468786583291e-03
1.250235100194592788e-03
1.453941516742548535e-03
1.726441530455999438e-03
1.738002955201355939e-03
1.820639655788374323e-03
1.352390575715724198e-03
1.263939830310204437e-03
1.223612617810859336e-03
1.622702316928873942e-03
1.376271586837794813e-03
1.274860251749701436e-03
1.368394775507862128e-03
1.209165579091538503e-03
1.314332585453110557e-03
1.309186179081306802e-03
1.549893312210984166e-03
1.270081464420346742e-03
1.165931472582194773e-03
