9.396635055541992188e+00
6.401995855219223763e+00
3.892041725270888541e+00
1.824795442468979845e+00
2.013359953375423839e+00
1.694450069876278109e+00
1.398453081355375494e+00
1.652174577993505089e+00
1.346119712380801969e+00
1.305392854353960796e+00
1.142193071982439800e+00
1.096234756357529649e+00
1.037460071199080458e+00
9.310354380046620415e-01
9.240644924780901937e-01
9.063673334963181505e-01
8.613291768466725395e-01
8.107860929825726481e-01
8.767729752203997640e-01
8.436174638131085368e-01
6.986754045766943033e-01
6.989339274518630019e-01
7.656034686986137316e-01
9.403010186027077610e-01
1.025149091201670082e+00
8.527510166168212891e-01
6.222555356867173204e-01
5.083890364450567301e-01
5.316857923479640924e-01
5.276130385258618327e-01
7.006240311790915554e-01
4.349663152414209866e-01
4.425909606849445788e-01
7.075953395927653267e-01
6.286284625530242920e-01
5.500826239585876465e-01
4.704036326969371351e-01
3.842035821255515571e-01
3.849928370293448920e-01
2.928180571864633097e-01
3.078627533772412272e-01
3.469192876535303616e-01
3.542085596743752007e-01
3.143008535399156589e-01
2.882479061098659479e-01
2.715943026192048082e-01
3.401682148961460150e-01
2.939237286062801324e-01
2.853204134632559286e-01
2.896822945160024143e-01
2.670539801611619968e-01
2.588645964860916138e-01
2.670819207149393582e-01
3.302038846647037951e-01
3.079846746781292888e-01
3.128050495596492730e-01
3.160988434272654080e-01
3.468051096972297187e-01
2.869346553788465481e-01
2.538604661822319031e-01
2.440729623331743259e-01
2.466475034461301785e-01
3.103684160639257894e-01
4.012725458425633884e-01
3.063620521741755032e-01
3.222012344528646932e-01
2.556304502136567125e-01
2.759166333605261312e-01
2.640689103042377917e-01
3.046696589273564792e-01
2.891145620275946126e-01
2.749676800826016398e-01
2.375035838169210212e-01
2.072801660088931797e-01
2.149406066712211127e-01
2.308890056960722914e-01
1.938835426288492425e-01
2.050018117708318488e-01
1.992120457922711141e-01
2.070339479867149834e-01
2.082488598192439311e-01
1.925377828233382216e-01
2.077918902916066901e-01
2.038623006904826396e-01
1.993770827265346768e-01
2.042209891711964376e-01
2.001745201209012281e-01
2.137963719227734816e-01
2.139629647135734558e-01
2.027380207882207852e-01
2.087086991352193610e-01
1.875449966858415141e-01
1.941279348205117716e-01
1.908428607618107564e-01
1.969675684676450711e-01
2.021767944097518921e-01
2.128959534799351461e-01
1.980163384886348965e-01
2.093478458769181261e-01
1.892696583972257596e-01
1.972610407015856493e-01
1.962704172029214877e-01
1.882094609386780748e-01
1.975595372564652452e-01
1.960523742086747179e-01
2.028663465205360894e-01
2.083062257836846842e-01
1.897606354425935282e-01
1.994749693309559591e-01
2.056154218666693678e-01
1.965370108099544766e-01
1.979577418635873332e-01
1.986523424001301052e-01
2.018933769534616007e-01
1.961747521863264065e-01
1.892861548592062459e-01
1.944822686560013780e-01
1.938555543037021878e-01
2.104652927202337043e-01
1.946996709003168124e-01
1.978747428340070502e-01
1.953154973247472059e-01
1.865370799513424160e-01
1.979117884355432733e-01
1.925915335031116726e-01
1.963002725559122308e-01
2.025270532159244297e-01
2.004579927991418375e-01
1.990561196032692437e-01
1.912080943584442139e-01
2.072404193527558336e-01
1.881666437667958991e-01
1.945267806158346158e-01
2.107053951305501716e-01
1.988372298724511156e-01
2.084247206940370578e-01
2.014300402473001017e-01
1.963624976137105238e-01
1.888186721240772969e-01
2.012916996198541864e-01
1.851446440114694614e-01
1.973870370317907796e-01
1.995599944801891568e-01
1.967187900753582241e-01
1.915692586232634054e-01
1.969622925800435798e-01
1.876811437747057665e-01
2.147952305043444865e-01
1.931121007484548346e-01
2.083596876438926215e-01
1.866401508450508118e-01
2.083754377330050700e-01
1.863866571117849813e-01
1.917511614806511888e-01
1.963828232358483805e-01
2.010278885855394382e-01
2.070315883440130011e-01
2.002805217224008782e-01
1.928263762417961602e-01
1.971965002662995348e-01
1.949972817126442437e-01
1.890268325805664062e-01
2.038509968449087606e-01
1.965013181462007541e-01
1.928742238703896050e-01
1.987431636627982612e-01
1.905268785708090773e-01
1.960165430517757656e-01
1.960895368281532769e-01
2.154668648453319790e-01
2.051734884872156162e-01
1.897880040547426927e-01
1.965123704251121040e-01
1.875811872236868849e-01
1.953753728200407491e-01
2.040749244830187548e-01
1.948944939409985311e-01
1.946683675050735474e-01
1.987204306265887011e-01
1.965032609946587572e-01
2.062333278796252001e-01
1.992685246993513570e-01
2.005578678320436015e-01
2.014640709933112617e-01
1.965892354355138760e-01
1.888238480862449165e-01
2.037296707139295560e-01
2.001204898252206821e-01
1.890662899788688178e-01
2.001672904281055210e-01
2.043819445021012315e-01
2.026214003562927246e-01
1.972337093423394694e-01
1.933617105378824252e-01
2.001655794241849196e-01
1.916223803863805752e-01
2.147058248519897461e-01
2.017998230807921400e-01
2.056008551050634847e-01
1.942193876294528720e-01
2.041621716583476298e-01
1.802403462283751479e-01
2.009031921625137329e-01
1.875239737770136583e-01
2.004987474750070109e-01
1.914261811796356683e-01
2.072585277697619188e-01
1.971081626765868178e-01
2.078997895998113410e-01
2.049124310998355625e-01
1.928439596120049004e-01
1.897345873362877855e-01
2.062952991794137492e-01
2.010210322983124742e-01
2.011273823240224135e-01
1.950633210294386854e-01
2.082714806584750888e-01
1.974547873525058506e-01
1.990825665347716322e-01
1.890903338789939880e-01
1.977634973385754835e-01
1.939133861485649590e-01
2.054837915827246175e-01
1.880124000942005880e-01
2.095558029763838759e-01
1.933670188574229953e-01
1.961617176147068264e-01
1.962624630507300849e-01
1.976675268481759562e-01
2.027498474892447944e-01
1.860807993832756524e-01
1.940220007125069146e-01
1.871160628164515727e-01
1.994036541265599982e-01
1.958117406157886264e-01
2.018210931735880120e-01
1.971681328380809062e-01
2.063708655974444139e-01
2.023961508975309354e-01
2.115164241370032783e-01
2.015954247292350288e-01
1.996309336493997111e-01
2.062346681075937493e-01
1.927178721217548130e-01
1.910636205883587124e-01
1.861558113904560330e-01
1.973809310618568902e-01
2.161366659052231798e-01
2.022059384514303670e-01
1.978115316699533000e-01
1.951212637564715136e-01
1.911242542897953756e-01
2.124373220345553148e-01
2.006013857967713365e-01
1.841554650489021783e-01
2.066857709604150994e-01
2.066534481504384291e-01
1.991654744043069858e-01
1.983822496498332255e-01
1.959223440464805122e-01
2.130983498166589274e-01
1.911333488190875285e-01
2.060204086934818990e-01
2.011720257646897325e-01
2.009629449423621650e-01
2.029907308957155931e-01
1.880211637300603644e-01
1.960399676771724942e-01
1.954199417549020990e-01
2.097253448822919142e-01
1.874595350202392097e-01
1.951084417455336562e-01
1.992268176639781230e-01
1.981667924453230367e-01
2.021837593878016703e-01
1.827345082865041714e-01
1.968618254451190708e-01
2.015513172921012397e-01
1.982533291858785407e-01
2.045223300947862644e-01
2.018729544737759840e-01
2.004671587663538201e-01
2.012089149040334479e-01
2.006456698564922092e-01
1.965710757409825094e-01
1.966503823504728299e-01
1.982491340707330241e-01
1.888178551898282986e-01
2.019892646109356649e-01
2.120982084204168783e-01
2.024063958841211541e-01
1.912359783754629117e-01
1.843406189890468838e-01
1.966037837898030050e-01
1.998281952212838664e-01
1.962379751836552388e-01
1.906058586695615065e-01
2.011816300013486158e-01
2.049163663211990838e-01
2.011827326872769606e-01
