4.667477083525487652e-02
3.339208768946783784e-02
2.601799089461565018e-02
1.982152861143861647e-02
2.093704377434083344e-02
1.974176695304257628e-02
2.116860475923333998e-02
2.111855388752051713e-02
1.867714444441454652e-02
1.991289800831249832e-02
1.994811703584023835e-02
2.046183776110410690e-02
2.055561063545090911e-02
1.870701195938246492e-02
2.045478365783180361e-02
1.998726238629647614e-02
1.899986527860164642e-02
2.336188192878450517e-02
2.534093321966273543e-02
2.568879244582993743e-02
2.258080829467092390e-02
2.244613492595298049e-02
2.255542869014399293e-02
2.013528998941183090e-02
1.966518509600843553e-02
2.035071620983736757e-02
2.109951166702168229e-02
2.020696989659752016e-02
1.771503992910896177e-02
1.822428937469209795e-02
1.899150413061891432e-02
2.117432986519166352e-02
1.994630414992570877e-02
2.058511546679905532e-02
1.992434609149183397e-02
2.051993605813809754e-02
1.930219919553824784e-02
2.001215810222285035e-02
2.129706700465508820e-02
2.249860178147043352e-02
2.039837331644126298e-02
2.058013954332896592e-02
2.111882729721920732e-02
1.813340905521597032e-02
1.777251144605023619e-02
1.967964161719594832e-02
1.928907686046191575e-02
1.809808811438935044e-02
1.961759145238569854e-02
1.850268424355558036e-02
1.861814662281955843e-02
1.775161842150347474e-02
1.801843848079442978e-02
1.839888415166309951e-02
2.043953923774616960e-02
2.049765802387680177e-02
1.863090986652033570e-02
1.817593404224940659e-02
1.940181798168591140e-02
2.007042789565665480e-02
1.895238552242517471e-02
1.744318939745426178e-02
2.015631433044160967e-02
2.065506644014801149e-02
2.384856981890542266e-02
2.741573870714221831e-02
3.167466566498790270e-02
2.492803893983364105e-02
2.131517896694796327e-02
1.982066993202482100e-02
1.911631532545600767e-02
1.944450315620218153e-02
2.138656125004802580e-02
2.035215417189257386e-02
1.854300352611712097e-02
2.019024813281638381e-02
1.887132413685321808e-02
1.770980962152992125e-02
1.772835717669555070e-02
1.814702791827065703e-02
1.763234793075493453e-02
2.001232041844299911e-02
1.912196871957608582e-02
1.670942236004131082e-02
1.894280274531670930e-02
1.820223698658602479e-02
1.738752444673861627e-02
1.781922246196440338e-02
1.832824985363653778e-02
1.689217638756547804e-02
1.836188337100403550e-02
1.893635859180773859e-02
1.975766742335898635e-02
1.862456543104989287e-02
1.741826135132993822e-02
1.798000878521374343e-02
1.837162394076585770e-02
1.833950887833322649e-02
1.777943509763904931e-02
1.599150510238749739e-02
1.977395798478807573e-02
1.894629813198532228e-02
1.842846096094165678e-02
1.992351721440042620e-02
2.209517865308693527e-02
2.058940567076206207e-02
1.826948339917830108e-02
1.641661593956606630e-02
1.749367007453526621e-02
1.942609968994344835e-02
1.840180038873638277e-02
1.720220795167343858e-02
1.808720467878239396e-02
1.932181564292737366e-02
1.859441865235567093e-02
1.774249545165470718e-02
1.695502509496041657e-02
1.873349079063960435e-02
1.714021260184901002e-02
1.639406469517520545e-02
2.064196552549089556e-02
1.854745205491781235e-02
1.991480056728635664e-02
1.716952624597719787e-02
1.890700323773281816e-02
1.824463797467095610e-02
1.639028059850846167e-02
1.736280415207147598e-02
1.696001312562397598e-02
1.806015534592526200e-02
1.816117557297860022e-02
1.688669089760099287e-02
1.667749436040009622e-02
1.661215489730238914e-02
1.619623162384544249e-02
1.739611210567610505e-02
1.746529633445399049e-02
1.635857405407088044e-02
1.679640283275927667e-02
1.655819546431303024e-02
1.628056694088237527e-02
1.648397976532578468e-02
1.576084364205598831e-02
1.633970313040273431e-02
1.743317614974720237e-02
1.748055073299578308e-02
1.657397499574082139e-02
1.878600727234567766e-02
1.950118145240204576e-02
2.096411053623472090e-02
1.986987196973391892e-02
1.804179831274918197e-02
1.692733940269266005e-02
1.731386740825005890e-02
1.668186725250312211e-02
1.727698523817317727e-02
1.741010409646800636e-02
1.820168590971401809e-02
1.905929137553487654e-02
1.816088120852197771e-02
2.074971036719424483e-02
1.905729940959385513e-02
1.967008904154811735e-02
2.031937175031219359e-02
1.776568139238016847e-02
1.621118154642837289e-02
1.913007202425173400e-02
2.015394012310675262e-02
1.900689589924045922e-02
1.654029757316623564e-02
1.706187799572944641e-02
1.763733143785170196e-02
1.718131812023265120e-02
1.656672385122094984e-02
1.725056022405624390e-02
1.710779911705425857e-02
1.734863846961940889e-02
1.643222424068621276e-02
1.610667098845754500e-02
1.752240184162344103e-02
1.860879614417041902e-02
1.997838222554751755e-02
1.794764106827122924e-02
1.818158371107918975e-02
2.016360685229301453e-02
1.803317652749163863e-02
1.643938943743705750e-02
1.668867196089455010e-02
1.654483830290181395e-02
1.755982058654938574e-02
1.835164374538830398e-02
1.674223890794174913e-02
1.725608496261494401e-02
1.722987408616713165e-02
1.627628777974418281e-02
1.519400759467056869e-02
1.521723324965153397e-02
1.722261841808046465e-02
1.807714606236134405e-02
1.709387810634715316e-02
1.545205326484782281e-02
1.829137905899967317e-02
1.684760588354297997e-02
1.739206051986132498e-02
1.842366358531372789e-02
1.685493293085268615e-02
1.700471720791288735e-02
1.533123458336506546e-02
1.495964658845748245e-02
1.594252837821841240e-02
1.722338183649948715e-02
1.675566791423729537e-02
1.502084066825253549e-02
1.600543975031801583e-02
1.559949466692549767e-02
1.745981004621301527e-02
1.772798491375787017e-02
1.760918939752238038e-02
1.605398434081247924e-02
1.728050131350755692e-02
1.615808072632976891e-02
1.602008466475776313e-02
1.607872918248176575e-02
1.612259647143738511e-02
1.717705133238009094e-02
1.572011757109846239e-02
1.649573185880269174e-02
1.654679740646055816e-02
1.543033562068428337e-02
1.650287816300988197e-02
1.557359046169689773e-02
1.640029278184686537e-02
1.488221623003482819e-02
1.804652131561721926e-02
1.714515060718570585e-02
1.573618414944836022e-02
1.640306233561464669e-02
1.813862512686422943e-02
1.928891421162656425e-02
1.583712960460356353e-02
1.629810075142553924e-02
1.914288223321948881e-02
2.044950771544660692e-02
2.380616976214306596e-02
2.134430235517876390e-02
1.863368906612907286e-02
1.775163771318537947e-02
1.731343194842338562e-02
1.743113449109452012e-02
1.735275125663195486e-02
1.740908769092389466e-02
1.634122284927538513e-02
1.506560382300189613e-02
1.591236284002661705e-02
1.772416941821575165e-02
1.594458254320280793e-02
1.591569657570549370e-02
1.583676539095384833e-02
1.512731112805860458e-02
1.632804549964411017e-02
1.572570377694709060e-02
1.714480249211192131e-02
1.589167044897164469e-02
1.539560021566493096e-02
1.595588567267571325e-02
1.554561519463147461e-02
1.624897614653621550e-02
1.649010720263634558e-02
1.614702645955341104e-02
1.548805107761706649e-02
1.421935763210058212e-02
1.535033434629440308e-02
1.527215733325907113e-02
1.567020280552761796e-02
1.756396596985203978e-02
1.822425132351262328e-02
1.805233675986528397e-02
1.886855185564075346e-02
1.703972209777150984e-02
1.999093405902385712e-02
2.001489166702543135e-02
2.752100144113813276e-02
1.254187742514269732e-01
1.205384752580097724e-01
5.871226532118661162e-02
3.610913774796894321e-02
2.546512362148080702e-02
2.438920736312866211e-02
2.429930918983050706e-02
2.273758620555911894e-02
2.185807297272341493e-02
1.998262785907302733e-02
1.789912621357611297e-02
1.743508037179708481e-02
2.118120488843747498e-02
2.130018121429852127e-02
1.856320777109691025e-02
1.754792646637984635e-02
1.770705789593713525e-02
2.087831044835703614e-02
