6.589025364202611978e-01
2.116471476414624464e-01
1.066056730992653856e-01
7.883956677773419630e-02
6.825220321907717047e-02
6.631588694803855488e-02
5.385645194088711785e-02
4.685575076762367452e-02
4.005834964268347592e-02
3.764324142214130198e-02
3.923988583333352237e-02
4.118646977140622695e-02
3.823367133736610413e-02
3.571622446179389954e-02
4.468743393526358049e-02
3.802711538532201063e-02
3.306451680905678897e-02
3.159880912040963219e-02
3.052807402084855432e-02
3.168243115000864835e-02
3.158590767313452369e-02
3.177156649968203295e-02
3.157825998085386776e-02
2.918140995590125936e-02
3.210143920253304833e-02
3.638940096339758623e-02
3.205646344405763126e-02
2.995439049075631494e-02
3.196280296234523671e-02
2.953061198487001368e-02
2.927942091927808813e-02
3.089339439483249766e-02
2.948381554554490441e-02
3.227945559603326298e-02
3.809331686181180454e-02
3.686736918547574293e-02
3.427288747009109293e-02
2.978949906194911304e-02
2.740134901421911739e-02
2.949790919528287939e-02
2.843589215155909941e-02
2.859707505387418247e-02
2.780868036343770930e-02
2.834958243457710164e-02
2.705338060417596113e-02
2.476585141437895321e-02
2.711594553993028692e-02
2.909906624871141934e-02
2.818197099601521191e-02
2.722646460375365007e-02
2.840963718207443339e-02
2.738785130136153420e-02
2.800745023962329314e-02
2.691877414198482615e-02
3.022193010239040273e-02
2.986411651705994305e-02
2.579866623615517315e-02
2.655832480420084601e-02
2.836721259004929344e-02
2.708755061030387878e-02
2.589267196462434820e-02
2.681274843566558083e-02
2.577988299376824180e-02
2.762860530877814594e-02
2.753503149484886822e-02
3.106447561260531828e-02
2.870961410157820901e-02
2.590689435601234436e-02
2.628392167389392853e-02
2.823950503678882701e-02
2.797178672078777864e-02
2.621430596884559081e-02
2.853361955460380003e-02
2.778285424060681144e-02
2.773948134306599214e-02
2.448179090724271825e-02
2.577680174042196876e-02
2.537298947572708130e-02
2.637008095488828710e-02
2.734072342076722395e-02
2.695909624590593287e-02
2.568883898065370611e-02
2.548262476921081543e-02
2.944967150688171387e-02
2.942830806269365260e-02
2.830767401439301945e-02
2.993124843958546236e-02
2.488856149070403298e-02
2.907630888854756054e-02
2.957323850954280200e-02
2.575116955182131517e-02
2.911073725451441413e-02
2.810948418782037786e-02
2.694316690458970973e-02
2.846176790840485374e-02
3.165226659792311215e-02
2.913195409757249332e-02
2.508204452255193007e-02
2.626465732122168842e-02
2.684973673347164705e-02
2.528183983967584661e-02
2.315474509754601729e-02
2.635851776336922345e-02
2.452755927601281416e-02
2.515301480889320374e-02
2.364669159493025530e-02
2.392155918128350059e-02
2.482235102969057583e-02
2.627138300415347502e-02
2.821849505690967458e-02
2.625247825156239861e-02
2.479723391725736567e-02
2.419406296137501314e-02
2.413019165396690369e-02
2.354684691218768972e-02
2.500197806340806461e-02
2.600705525016083416e-02
2.952872523490120485e-02
2.409415692090988159e-02
2.387951665064867723e-02
2.462580230306176537e-02
2.593700138523298213e-02
2.342766063178286853e-02
2.573085148983142098e-02
2.830623057396972758e-02
2.939218808622921092e-02
2.721214294433593750e-02
2.504545209162375649e-02
2.502404186217224019e-02
2.663284814094795880e-02
2.532289703102672679e-02
2.384602333254673759e-02
2.478489444098051775e-02
2.631360971752335146e-02
2.594507770503268543e-02
2.309146457735230043e-02
2.597136674996684477e-02
2.348875199608943184e-02
2.357824574060299674e-02
2.614504712469437400e-02
2.556505415807752007e-02
2.253897016977562603e-02
2.482105068424168837e-02
2.709704747094827601e-02
2.634883770609603229e-02
2.647859208724077928e-02
2.352642596644513584e-02
2.396679943537010846e-02
2.424014162491349572e-02
2.593898948501138085e-02
2.648485550547347370e-02
2.405807419734842800e-02
2.423094015787629479e-02
2.546579577028751373e-02
2.434183207943159052e-02
2.633595302262727034e-02
2.617864869534969330e-02
2.559866942465305328e-02
2.409539470339522663e-02
2.364132301334072664e-02
2.385474292232709834e-02
2.405473809031879323e-02
2.208071925184305895e-02
2.567725179388242671e-02
2.699462203856776640e-02
2.779228043030290002e-02
2.730198807137854122e-02
2.563861965694848311e-02
2.655338813715121468e-02
2.442257347352364341e-02
2.488840973990805172e-02
2.346002518692437422e-02
2.432686528738807127e-02
2.297228859627948108e-02
2.124199238331878764e-02
2.307130812722094082e-02
2.268329043598735911e-02
2.438903534237076356e-02
2.509417834089082769e-02
2.375831082463264465e-02
2.370759373640312848e-02
2.453558661920182682e-02
2.670928660561056739e-02
2.647164157208274290e-02
2.394772397682947210e-02
2.774754802093786291e-02
2.635558486423071611e-02
2.435075425926376894e-02
2.343292161822319031e-02
2.555927163099541363e-02
2.579621992567006361e-02
2.619372998528620919e-02
2.548492217765134862e-02
2.635064995025887188e-02
2.619124642189811156e-02
2.945910218883963233e-02
2.626645378768444061e-02
2.596952130689340540e-02
2.324716034619247335e-02
2.190027879003216341e-02
2.359822392463684082e-02
2.408091866356484867e-02
2.398307709132923779e-02
2.283043326700434986e-02
2.544411994955118883e-02
2.489127514555173823e-02
2.400993807789157317e-02
2.352484852513846147e-02
2.353780508479651201e-02
2.287029836545972222e-02
2.315338722923222792e-02
2.304402300540138795e-02
2.395735516705933821e-02
2.390074017731582540e-02
2.182249571470653432e-02
2.212126980371334831e-02
2.385410447331035716e-02
2.189268533359555596e-02
2.258295708281152225e-02
2.369978530880282805e-02
2.402654859949560767e-02
2.599625508574878591e-02
2.712248868363745236e-02
2.369429488830706795e-02
2.421857822029029744e-02
2.287683296291267293e-02
2.597124644500367618e-02
2.383006320280187107e-02
2.215652518412646044e-02
2.248263961690313839e-02
2.291799851638429142e-02
2.297207910348387366e-02
2.332619139376808717e-02
2.500037542160819456e-02
2.354357621687300228e-02
2.241248999010114068e-02
2.374906016185003230e-02
2.226544346879510278e-02
2.092371913878356832e-02
2.414698975489419988e-02
2.514822540037772378e-02
2.361016742446843397e-02
2.438445465967935613e-02
2.397105985266320682e-02
2.627235760583597132e-02
2.540700236225829425e-02
2.408597837476169484e-02
2.419404773151173291e-02
2.415806876824182561e-02
2.449241598301074227e-02
2.227025632472599131e-02
2.262803309542291141e-02
2.214888362761805937e-02
2.395753869239021852e-02
2.527720755075707135e-02
2.277382287909002906e-02
2.535246838541591746e-02
2.738427370786666870e-02
2.548755650572917184e-02
2.291294603663332485e-02
2.420328798539498130e-02
2.268830369062283317e-02
2.249455320484497825e-02
2.397501402918030336e-02
2.368185877361718428e-02
2.256803137852865168e-02
2.187197918401044897e-02
2.128970688756774352e-02
2.194578890853068551e-02
2.363814577898558367e-02
2.041718922555446625e-02
2.062272411935469826e-02
2.160759193494039485e-02
2.490199149093207109e-02
2.357596487683408237e-02
2.183150763020795873e-02
2.392244393772938529e-02
2.330225870451506365e-02
2.340152585769400898e-02
2.083298333865754581e-02
2.234478809815995670e-02
2.326203838867299534e-02
2.316570917473119787e-02
2.347194315756068531e-02
2.332999546299962396e-02
2.279854763080092078e-02
2.221315704724367845e-02
2.420020377372994122e-02
2.339307689929709735e-02
2.340053098604959539e-02
2.382991835474967957e-02
2.346573331776787355e-02
2.594076940680251422e-02
2.626023408682907206e-02
2.298682095373378101e-02
2.328214531435686060e-02
2.387502910021473482e-02
2.239347567014834603e-02
2.218401453950825941e-02
2.409517019987106323e-02
