8.403650367961210677e+00
5.790327969719381684e+00
4.129801343469059027e+00
2.079422705313738629e+00
1.969855133224936106e+00
1.530006906565497982e+00
1.395178703700794998e+00
1.301177024841308594e+00
1.204854186843423269e+00
1.078050199676962473e+00
1.031719635514652067e+00
1.031953383894527621e+00
1.122129492899950787e+00
9.473911909496083306e-01
9.397283266572391547e-01
8.128279868294211452e-01
1.142808482927434532e+00
8.240229347172904895e-01
8.507826258154476129e-01
8.391524553298950195e-01
6.896196603775024414e-01
6.694462755147148059e-01
6.952928269610685330e-01
7.229423365172218396e-01
6.467175571357502983e-01
6.167681357439827039e-01
8.181633002617779704e-01
1.004975161131690609e+00
7.505329584374147434e-01
4.716967291691723796e-01
3.739936509553123956e-01
3.917563662809483982e-01
4.373918789274552354e-01
4.860112640787573324e-01
3.629767211044536146e-01
4.068312680020051975e-01
4.750335672322441583e-01
3.979164002572788683e-01
3.253303319215774536e-01
3.428778902572743870e-01
3.406659259515650295e-01
3.118123920524821791e-01
3.392333607463275946e-01
3.218432770055882908e-01
3.545481466195162801e-01
3.634894586661282512e-01
3.048276760998894219e-01
2.700110147981082953e-01
2.914362803978078342e-01
2.896680402405121812e-01
2.839096723233952013e-01
2.912118338486727742e-01
2.981872830320806966e-01
3.766097838387769681e-01
3.115076676887624241e-01
2.659936941721859904e-01
5.161810517311096191e-01
4.589413194095386950e-01
2.890147014575846218e-01
2.678654185112784858e-01
2.705081070170682889e-01
2.648912405266481418e-01
2.706784452585613288e-01
2.689323004554299845e-01
2.734669087564243761e-01
2.339121673037024007e-01
2.484730920370887275e-01
2.615165386129827962e-01
2.615336390102611097e-01
3.353345578207689304e-01
2.633618090082617269e-01
3.998444360845229140e-01
3.273942496846704020e-01
2.494095309692270501e-01
2.333635109312394151e-01
2.361409111934549554e-01
2.492701525197309476e-01
2.253662321497412191e-01
2.106106894857743272e-01
2.177045669625787272e-01
2.007952314965865126e-01
2.027616825173882975e-01
2.121498488328036058e-01
2.052113641710842373e-01
2.106460262747371914e-01
1.945771890528061876e-01
2.085861467263277758e-01
1.938614551635349514e-01
2.010844507638145928e-01
1.934144225190667643e-01
1.889215322101817363e-01
1.945238691918990126e-01
2.054064002107171549e-01
1.950945161721285570e-01
1.981701246079276557e-01
1.891333890311858168e-01
2.038639985463198412e-01
1.865010866347481255e-01
1.959591323838514310e-01
1.898926768232794271e-01
1.967419175540699727e-01
1.969301367507261258e-01
1.960267332546851149e-01
1.922532889772863851e-01
1.739084773203905809e-01
2.129759770982405653e-01
2.045092985910527961e-01
2.166410307673846958e-01
1.877962898682145609e-01
1.933217815616551649e-01
1.995939187267247450e-01
1.917296170311815484e-01
1.861488880480036967e-01
1.915423256509444228e-01
1.947711701778804538e-01
1.920037558850120063e-01
1.979034358964246731e-01
1.821820288896560669e-01
1.826609565931207879e-01
1.908984955619363322e-01
1.882612231899710165e-01
1.876343203818096883e-01
1.936641791287590508e-01
1.888651129077462687e-01
1.913840240415404792e-01
1.877410964054219977e-01
1.873005067600923557e-01
1.895189846263212186e-01
1.801277004620608080e-01
1.968790134962867255e-01
1.835799331174177151e-01
1.825800204978269559e-01
1.899992420392877801e-01
1.842703950755736342e-01
1.906752073589493279e-01
1.827133245327893507e-01
1.744711372782202230e-01
1.790809802272740614e-01
1.740749241674647563e-01
1.811521877260769131e-01
1.857425640611087558e-01
1.895545431796242242e-01
1.887302126954583659e-01
2.054524824899785773e-01
1.820960623376509657e-01
1.931132959092364543e-01
1.878875371287850871e-01
1.814120416255558255e-01
1.938651300528470289e-01
1.915752852664274197e-01
1.861116268178995836e-01
1.894293033024843920e-01
1.916936145109288947e-01
1.840196330757702115e-01
1.812640174346811517e-01
1.841170989415224779e-01
1.922555386143572076e-01
1.958180104984956760e-01
1.909871066317838650e-01
1.841216481783810865e-01
1.924827265388825426e-01
1.941207112634883158e-01
1.917367919402963861e-01
1.753152867450433749e-01
1.943311857826569566e-01
1.929600628859856615e-01
1.941863088046803243e-01
1.743407543091212986e-01
1.849302211228538995e-01
1.760074224542169108e-01
1.904024762265822401e-01
1.804609057657858839e-01
1.815140615491306064e-01
1.821696416420095221e-01
1.865617229658014520e-01
1.859254609136020420e-01
1.881073038367664096e-01
1.817923166296061266e-01
1.911003458149292955e-01
1.836225811172934042e-01
1.952264624483445177e-01
1.863080491037929776e-01
1.744759560507886664e-01
1.872764071997474189e-01
1.756989920840543729e-01
1.893536615021088609e-01
1.932266731472576382e-01
2.053391705541049717e-01
1.786233800299027452e-01
1.855851652867653856e-01
1.841963043107706088e-01
1.864467618219992628e-01
1.937957406044006348e-01
1.996053698308327684e-01
1.863331724615658047e-01
1.891620807787951219e-01
1.829493821543805854e-01
1.804892328732153883e-01
1.917718236937242526e-01
1.835007606183781392e-01
1.759755155619452949e-01
1.879252563504611728e-01
1.818264678997152106e-01
1.724415395189733968e-01
1.896109765066820163e-01
1.931015923619270325e-01
1.824186921996228949e-01
1.905567041214774604e-01
2.032572530648287523e-01
1.802069746396120775e-01
1.954079283510937459e-01
1.806186950382064338e-01
1.853803317336475132e-01
1.976428084513720262e-01
1.769332162597600233e-01
1.876375570016748651e-01
1.957185914849533803e-01
1.904359565061681525e-01
1.881801236201735006e-01
1.949225182042402249e-01
1.838346084251123447e-01
1.868378708467763882e-01
1.767473996562116401e-01
1.865828550037215705e-01
1.911213091191123481e-01
1.873946886728791728e-01
1.814035659327226657e-01
1.910976894638117540e-01
1.940843918744255547e-01
1.909033397541326504e-01
1.867338778341517680e-01
1.898606060182347066e-01
1.856281078037093635e-01
1.825580824823940518e-01
1.918059096616857306e-01
1.809607538230278978e-01
1.878310967894161465e-01
1.825307134319754110e-01
1.741508705651058919e-01
1.937827586251146539e-01
1.940544352811925666e-01
1.865928181830574517e-01
1.797532386639539015e-01
1.837809567942338962e-01
1.854899034780614631e-01
1.911668356727151408e-01
1.791878872934509759e-01
1.924943196422913561e-01
1.872108245597166043e-01
1.859574747436186781e-01
2.070203822325257792e-01
1.799633489812121623e-01
1.902680958018583279e-01
1.946808494189206373e-01
1.786638717440997837e-01
1.851634641780572910e-01
1.956972795374253282e-01
1.846539194093030911e-01
1.878239091704873576e-01
1.926920006380361539e-01
1.844044029712677002e-01
2.017770882915048136e-01
1.852717934285893209e-01
1.826143650447621114e-01
1.821363279048134332e-01
1.908694382976083292e-01
1.996005138053613681e-01
1.873069931479061367e-01
1.876420825719833374e-01
1.918532769469653843e-01
1.811727513285244229e-01
1.805612786727792962e-01
1.914973346626057393e-01
1.732454334988313693e-01
1.962846386082032213e-01
1.798649075276711473e-01
1.844643854043062914e-01
1.863387709154802341e-01
1.909152808434823045e-01
1.895907139953444953e-01
1.881435307509758958e-01
1.891588726464439874e-01
1.820995386909036173e-01
1.897391028263989698e-01
1.877558695919373521e-01
2.042317017912864685e-01
1.960167630630380853e-01
1.790990825085078952e-01
2.054305764682152757e-01
1.917416225461398838e-01
1.910428382894572008e-01
1.917283390374744656e-01
1.754164187347187764e-01
1.911289227359435072e-01
1.920514448600656732e-01
1.813519579522749892e-01
1.939900789190741048e-01
1.924107092268326769e-01
1.813548996168024285e-01
1.916348022573134413e-01
