1.149950825310952496e-02
2.783279007417149842e-03
1.051495783030986786e-03
4.886762162641389295e-04
5.213172771618701518e-04
6.976829236009507440e-04
6.512846986879594624e-03
4.539696354186162353e-03
2.903586544562131166e-03
1.141381799243390560e-03
4.716743123935884796e-04
3.194928085576975718e-04
2.747562953118176665e-04
1.834696395235368982e-04
2.505146862858964596e-04
2.487324336470919661e-04
1.640069797304022359e-04
1.367814757031737827e-04
3.276124361946131103e-04
2.518890205465140752e-04
2.579193837846105453e-04
1.730442338612192543e-04
1.450887348255491816e-04
1.830622745728760492e-04
1.342052282780059613e-04
3.023424605999025516e-04
4.211102923363796435e-04
3.177883882017340511e-04
3.302569693914847448e-04
4.375913367766770534e-04
7.651523219465161674e-04
5.128792718096519820e-04
3.086912538492470048e-04
3.960348321925266646e-04
2.461027297613327391e-04
1.855869022620026954e-04
1.346886738247121684e-04
1.038485970639158040e-04
1.000025795292458497e-04
1.018753891912638210e-04
1.191765436487912666e-04
1.027307650929287774e-04
1.000350134745531250e-04
9.182905648685846245e-05
9.923165953296120279e-05
1.007542018669482786e-04
1.062693786479940172e-04
9.893069409372401424e-05
9.158825923805125058e-05
9.227147938872803934e-05
9.185405815514968708e-05
9.248875130651867948e-05
1.164236614386027213e-04
1.152496251961565576e-04
8.427637908425822388e-05
8.634782807348528877e-05
8.762490915614762343e-05
8.257078297901898623e-05
1.037171095958910882e-04
1.318403897130338009e-04
1.139585979217372369e-04
8.728027455617848318e-05
8.250264681919361465e-05
1.169824372482253239e-04
1.006420885687475675e-04
9.366453741677105427e-05
8.303822596644749865e-05
7.844346691854298115e-05
7.376293342531425878e-05
7.417563028866425157e-05
8.215474463213467970e-05
8.115321566037891898e-05
6.762630152934434591e-05
7.658538379473611712e-05
8.734059701964724809e-05
9.172483169095357880e-05
7.142823028516431805e-05
6.922571992618031800e-05
7.245849792525405064e-05
6.875045539800339611e-05
7.547300742771767545e-05
7.220841666821797844e-05
7.019524127827025950e-05
6.612871356992400251e-05
6.222818512924277456e-05
6.202923395903781056e-05
6.232292969343689037e-05
6.718176905451400671e-05
6.736878549418179318e-05
7.467347131751012057e-05
9.473386580793885514e-05
8.557890782867616508e-05
6.817241205681057181e-05
6.891801763231342193e-05
6.854614161966310348e-05
6.192067780830257107e-05
5.820536580358748324e-05
6.190115254867123440e-05
6.073826011743221898e-05
5.842662017130351160e-05
5.935246076660405379e-05
5.628487110698188189e-05
5.424608775683736894e-05
6.503075314867601264e-05
5.985973575661773793e-05
5.665833259627106600e-05
5.678248589902068488e-05
5.991667808302736375e-05
5.482884910179564031e-05
8.784241708781337366e-05
6.067041590540611651e-05
6.498894003925670404e-05
5.802351779493619688e-05
6.394536762854841072e-05
6.191465604388213251e-05
5.185374493521521799e-05
6.959235952308517881e-05
5.598380084848031402e-05
5.971416987904376583e-05
5.919071031712519471e-05
6.280089019128354266e-05
5.623238320140444557e-05
5.596679989139374811e-05
5.768693768004595768e-05
5.619422699965070933e-05
5.800877966066764202e-05
5.486898635354009457e-05
5.031027558288769796e-05
5.883960966457379982e-05
6.407950377251836471e-05
5.837705134581483435e-05
5.680388608197972644e-05
5.905588568566599861e-05
5.452660411719989497e-05
5.250842559689772315e-05
5.303755983732116874e-05
6.205220574884151574e-05
5.163295645616017282e-05
6.150265983251301805e-05
5.807088746223598719e-05
5.476896490108629223e-05
6.152043829388276208e-05
5.788373232462618034e-05
5.171881753085472155e-05
5.598098471182311187e-05
6.457981930907408241e-05
5.377314596444193739e-05
5.707762505835489719e-05
5.394106915446172934e-05
5.334015054359042551e-05
6.670440984635206405e-05
5.761989086749963462e-05
5.404807188824634068e-05
6.266690184020262677e-05
5.530395628738915548e-05
5.663410695433412911e-05
5.595597440333222039e-05
5.764879142589052208e-05
5.690957823389908299e-05
5.374583065531624015e-05
5.936140496487496421e-05
5.461574698983895360e-05
5.484158236868097447e-05
6.009601315781765152e-05
5.234048217062081676e-05
6.247108535717416089e-05
5.292738205753266811e-05
5.522510718947160058e-05
5.404249509410874452e-05
5.987571694276994094e-05
7.308993781407480128e-05
5.529043096430541482e-05
6.311921265478304122e-05
5.181020310374151450e-05
5.886024928258848377e-05
5.532141699404746760e-05
5.409638788478332572e-05
5.122566994941735175e-05
5.358273881483910372e-05
5.558551629292196594e-05
5.684059510713268537e-05
6.362802128023758996e-05
5.677823833138972986e-05
5.461322450628358638e-05
6.528282597173529211e-05
5.482961955749487970e-05
5.382478980209270958e-05
5.287025715006166138e-05
5.332249929779209197e-05
6.205170461726083886e-05
5.964889305687393062e-05
5.826609867654042318e-05
6.144205258351576049e-05
5.587330815615132451e-05
6.573817017851979472e-05
5.640342988044722006e-05
5.353299616217555013e-05
5.909740821152809076e-05
5.353551250664168037e-05
5.432619298062490998e-05
5.495946879818802699e-05
5.386061332046665484e-05
5.264562560114427470e-05
5.532025943466578610e-05
5.786578753941284958e-05
6.079983222662121989e-05
5.619027285774791380e-05
5.492597313150326954e-05
6.401381938303529751e-05
5.999949735269183293e-05
5.815230429107032251e-05
5.594674053099879529e-05
5.599839914793847129e-05
4.935218919399630977e-05
5.676455089087539818e-05
6.154683592285437044e-05
5.929790791014966089e-05
5.575582963501801714e-05
5.961663737252820283e-05
5.553454934670298826e-05
5.618408454211021308e-05
5.788578187093662564e-05
5.973871543574205134e-05
5.718606621485378128e-05
5.928552991463220678e-05
4.868228006671415642e-05
5.596622042958188104e-05
6.818385850237973500e-05
5.692272827673150459e-05
5.782948414889688138e-05
6.210991659827413969e-05
5.894208015888580121e-05
5.460353099806525279e-05
5.566729032580042258e-05
5.548211697714577895e-05
5.670228188137116376e-05
6.215997996150690597e-05
5.504431089775607688e-05
6.082473487367678899e-05
5.089447211048536701e-05
5.470126052387058735e-05
5.825750099575088825e-05
5.657388078361691441e-05
5.674409726452722680e-05
5.581375512520025950e-05
5.747223281105107162e-05
5.611109622805088293e-05
5.679019727722334210e-05
5.378823470891802572e-05
5.441999314825807232e-05
5.308368855594380875e-05
5.641413031298725400e-05
6.148109241621568799e-05
5.234254945207794663e-05
5.487340013132779859e-05
5.774145370196492877e-05
5.756856035077362321e-05
5.904881368223868776e-05
5.505068111233413219e-05
5.647279260756477015e-05
5.525989286070398521e-05
5.227710028066212544e-05
5.463007073558401316e-05
5.819110947413719259e-05
5.379015487960714381e-05
5.470105611493636388e-05
5.103367311676265672e-05
5.575998147833161056e-05
5.845899227097106632e-05
6.364106343426101375e-05
5.640153642616496654e-05
6.173233805384370498e-05
6.089032194722676650e-05
5.844603651894431096e-05
5.348710260477673728e-05
5.455072027871210594e-05
5.783372944279108196e-05
5.624208279186859727e-05
6.788153041270561516e-05
5.712688084713590797e-05
5.814040787299745716e-05
5.573524572355381679e-05
5.430745568446582183e-05
5.198901078529161168e-05
5.059812326635437785e-05
5.247961757959274109e-05
7.613721822963270824e-05
5.347618412088195328e-05
5.781577942798321601e-05
5.432832790575048421e-05
5.717888871004106477e-05
5.562593401009507943e-05
5.555250504585274030e-05
5.831084592955448898e-05
5.206261005241685780e-05
5.595444088157819351e-05
5.774891496912459843e-05
5.548549688683124259e-05
5.319582407992129447e-05
6.076096519791462924e-05
