1.070215094659943134e-01
3.974540362833067775e-02
2.429748013673815876e-02
1.762879457965027541e-02
1.677145902067422867e-02
1.627307012677192688e-02
2.159324462991207838e-02
1.263282113563946041e-02
1.233951421454548836e-02
1.264093251666054130e-02
1.084276061737909913e-02
1.101021247450262308e-02
1.196750358212739229e-02
1.123913971241563559e-02
9.279997189878486097e-03
7.995132851647213101e-03
9.185488306684419513e-03
7.038719399133697152e-03
9.237798371032113209e-03
1.274006528547033668e-02
1.180883991764858365e-02
8.137720229569822550e-03
8.647408685646951199e-03
7.399796828394755721e-03
6.506313602585578337e-03
6.610233220271766186e-03
5.371994950110092759e-03
5.114786379635916092e-03
5.802922416478395462e-03
4.711213713562756311e-03
6.966139044379815459e-03
4.940266222547506914e-03
4.817630742763867602e-03
5.211927287746220827e-03
4.694881528848782182e-03
4.506437937379814684e-03
4.316432772611733526e-03
4.758549752295948565e-03
4.994523682398721576e-03
6.551836850121617317e-03
4.076721641467884183e-03
4.159500691457651556e-03
4.197832151021430036e-03
4.851910241995938122e-03
5.031730650898680324e-03
4.204959346679970622e-03
8.244726894190534949e-03
6.264650612138211727e-03
3.683017512230435386e-03
6.604408539715223014e-03
6.775912537705153227e-03
4.114093282623798586e-03
3.569157015590462834e-03
4.327278322307392955e-03
3.594244750274810940e-03
3.779052147365291603e-03
3.301898148492909968e-03
5.185591668123379350e-03
3.336961060995236039e-03
1.404442080092849210e-02
4.104387779079843313e-03
3.374179075763095170e-03
3.268437052611261606e-03
3.479314013247858384e-03
2.959572819236200303e-03
3.267179825343191624e-03
3.596495509555097669e-03
2.992226422065868974e-03
2.993148969835601747e-03
3.737091785296797752e-03
5.160248678294010460e-03
5.041708471253514290e-03
3.156142454827204347e-03
4.560289598884992301e-03
2.884859312871412840e-03
2.479087183019146323e-03
2.643262714627780952e-03
2.812394090142333880e-03
2.936151926405727863e-03
3.131774195935577154e-03
3.221943563403328881e-03
2.698042539122980088e-03
2.390288682363461703e-03
2.934668022135156207e-03
2.479516042512841523e-03
2.569903041148791090e-03
2.649831600137986243e-03
3.183882472512777895e-03
2.616823585412930697e-03
2.937132150691468269e-03
3.810349095147103071e-03
4.505534947384148836e-03
3.361038434377405792e-03
2.633145995787344873e-03
2.454311454130220227e-03
2.589550305856391788e-03
2.207875927524582949e-03
2.356862213673593942e-03
2.468552818754687905e-03
2.369861256966032670e-03
2.389902007053024136e-03
4.006185939942952245e-03
2.201347866503056139e-03
3.105807780229952186e-03
2.337984355108346790e-03
2.570166012446861714e-03
2.409158536465838552e-03
2.543832506489707157e-03
3.928327157154853921e-03
3.630589817475993186e-03
2.240408490251866169e-03
4.313965517212636769e-03
3.274046644946793094e-03
2.904381995904259384e-03
2.904077708080876619e-03
3.211559785995632410e-03
2.392912996583618224e-03
2.437103004922391847e-03
2.102818179992027581e-03
2.074180272757075727e-03
2.303638088051229715e-03
1.974428083485690877e-03
2.364133324590511620e-03
2.179093044105684385e-03
2.343689517147140577e-03
2.206986295732349390e-03
2.139021727998624556e-03
2.469733561156317592e-03
1.930765702127246186e-03
1.962076577910920605e-03
2.142495432053692639e-03
2.122498430253472179e-03
2.184601340559311211e-03
1.892326879897154868e-03
3.179737992468290031e-03
2.182936927965783980e-03
2.085957779740965634e-03
2.141792494512628764e-03
2.056925124634290114e-03
2.242058260890189558e-03
2.356621644139522687e-03
2.161254276870749891e-03
2.445319943944923580e-03
1.855023936514044181e-03
2.039314356807153672e-03
3.675537918525151326e-03
2.467046873789513484e-03
2.383451806963421404e-03
1.958728636964224279e-03
2.282768444274552166e-03
2.064210418211587239e-03
2.108730006511905231e-03
1.889332332211779431e-03
1.981020141101907939e-03
1.829848324632621370e-03
2.275952723721275106e-03
1.892281930850003846e-03
2.064515289021073841e-03
1.797945318685378879e-03
2.055248945907806046e-03
1.950671896338462830e-03
2.112176953232847154e-03
3.230710245588852558e-03
1.941158628824268817e-03
1.935531810431712074e-03
1.929981910507194698e-03
2.370073343627154827e-03
2.052577532595023513e-03
1.779262438503792509e-03
1.963787362910807133e-03
1.968107502761995420e-03
4.450287880899850279e-03
1.322079030796885490e-02
5.324882349668769166e-03
3.143523466860642657e-03
2.312153577804565430e-03
1.964914151812990895e-03
2.046417066594585776e-03
2.156459258912946098e-03
1.936490865773521364e-03
2.001295852096518502e-03
1.824898072300129570e-03
1.915795670356601477e-03
1.848857724894514831e-03
1.977130872546695173e-03
1.700633024483977351e-03
2.167024369555292651e-03
1.836079874919960275e-03
2.144739853974897414e-03
2.738862440310185775e-03
2.765634712432074593e-03
2.132351049795033759e-03
1.806524051062297076e-03
1.634776297578355297e-03
1.834341219364432618e-03
1.981041328690480441e-03
2.074995266411860939e-03
1.833050104323774576e-03
1.700282394267560448e-03
1.966912423085886985e-03
1.701903956927708350e-03
1.756776287152206351e-03
1.657155909924767911e-03
1.899881423923943657e-03
1.768704023561440408e-03
2.550983423134312034e-03
1.831675912399077788e-03
1.650650707233580761e-03
1.774316615410498343e-03
1.798879978196055163e-03
1.827148247684817761e-03
2.173997512727510184e-03
2.400259400019422174e-03
2.374361225520260632e-03
3.298526564321946353e-03
1.793026413906773087e-03
2.252700520330108702e-03
5.083077150629833341e-03
2.329457361582853991e-03
1.929622714669676498e-03
2.514093481295276433e-03
1.743544841247057775e-03
3.419958949962165207e-03
8.545141851300286362e-03
3.772879645111970603e-03
2.785173965094145387e-03
2.213051876424287912e-03
3.333650810418475885e-03
1.820639254219713621e-03
1.773894837242551148e-03
1.581022188247516169e-03
1.653482955589424819e-03
2.039660459558945149e-03
2.412583202840323793e-03
1.767754478095184822e-03
2.008052120800130069e-03
1.655691068663145415e-03
2.076874596241395921e-03
1.928229772602207959e-03
1.723224273519008420e-03
1.876848829851951450e-03
3.299254647572524846e-03
5.157499355846084654e-03
2.674674935406073928e-03
1.194373226098832674e-02
4.451043554581701756e-03
1.562861914862878621e-03
1.652820793424325529e-03
1.787112874808371998e-03
3.799198122578673065e-03
2.045770386757794768e-03
1.870810378022724763e-03
1.805100597266573459e-03
1.764942149748094380e-03
2.008286119234981015e-03
1.713473305244406220e-03
1.795825904991943389e-03
1.585476722539169714e-03
1.861077401372313034e-03
1.515203505960016628e-03
1.602849559276364744e-03
1.625471548322821036e-03
1.616399946215096861e-03
1.760520318384806160e-03
1.715513630188070238e-03
1.559817667839524802e-03
1.478383052017306909e-03
1.616920220840256661e-03
1.922272931551560760e-03
1.986178842344088480e-03
1.772461517248302698e-03
1.990128781471867114e-03
1.698402288184297504e-03
1.596409339072124567e-03
1.770858483723714016e-03
3.092831440881127492e-03
1.533457617370004300e-03
1.651517169193539303e-03
2.452411410558852367e-03
1.672044065344380215e-03
1.613367916718289052e-03
1.844767120928736404e-03
1.861289056250825524e-03
1.583280409704457270e-03
1.599676785644987831e-03
1.769008899373147869e-03
1.653345321756205522e-03
1.624127627110283356e-03
1.610527020602603443e-03
1.408571693900739774e-03
1.635759437704109587e-03
1.576187900354852900e-03
1.718772226013243198e-03
1.844023085141088814e-03
1.363145311870539444e-03
1.607948525361280190e-03
2.485746459569782019e-03
1.605635086889378726e-03
1.733118046104209498e-03
2.379467681748792529e-03
