1.000000000000000021e-03
9.988700005356585497e-04
9.998440982470083518e-04
9.999417341908613862e-04
9.999693281098982669e-04
9.999722388522663211e-04
9.999738642508118960e-04
9.999539818777716197e-04
9.999842493616602126e-04
9.999849722592206013e-04
9.999842291286858455e-04
9.999883967992807647e-04
9.999880356416183946e-04
9.999858647064697320e-04
9.999875329391157228e-04
9.999915004838318827e-04
9.999936911500050853e-04
9.999916727225048596e-04
9.999951102535279291e-04
9.999915776073575475e-04
9.999839808033273054e-04
9.999862370280879296e-04
9.999934641163989776e-04
9.999926197572582120e-04
9.999945957111344274e-04
9.999958219933662192e-04
9.999956874644725519e-04
9.999971517997215294e-04
9.999974180110958715e-04
9.999966765221195326e-04
9.999978093901344244e-04
9.999952105755214801e-04
9.999975912035493058e-04
9.999977093094042629e-04
9.999973190046938364e-04
9.999978245520044478e-04
9.999979956837666377e-04
9.999981611367148547e-04
9.999977651486034128e-04
9.999975380028691165e-04
9.999957633237250253e-04
9.999983597062669319e-04
9.999982924166958814e-04
9.999982607995763686e-04
9.999976765949706702e-04
9.999975011847133874e-04
9.999982548888409258e-04
9.999932910999356252e-04
9.999961265951295194e-04
9.999986612264626790e-04
9.999956950611905114e-04
9.999954685762919675e-04
9.999983294950271721e-04
9.999987427232880262e-04
9.999981518843867843e-04
9.999987249862890906e-04
9.999985904992510482e-04
9.999989239636688024e-04
9.999973460301002717e-04
9.999989009894434157e-04
9.999805327505469424e-04
9.999983373674586114e-04
9.999988763376263697e-04
9.999989456620393333e-04
9.999988052230789591e-04
9.999991355145653946e-04
9.999989464730002237e-04
9.999987233889320783e-04
9.999991163332285372e-04
9.999991157882495447e-04
9.999986216259924236e-04
9.999973719076171979e-04
9.999974912646952385e-04
9.999990168658150647e-04
9.999979474946650571e-04
9.999991786109601200e-04
9.999993934267448550e-04
9.999993104269095517e-04
9.999992193578700894e-04
9.999991491428169166e-04
9.999990319885638211e-04
9.999989754445805668e-04
9.999992815488787257e-04
9.999994361022340825e-04
9.999991500026302223e-04
9.999993932168634806e-04
9.999993481718265527e-04
9.999993069952763190e-04
9.999989995079158756e-04
9.999993241527696270e-04
9.999991485746106273e-04
9.999985670564861748e-04
9.999979964869264767e-04
9.999988850727210485e-04
9.999993156952964070e-04
9.999994054902140023e-04
9.999993381670973028e-04
9.999995188848813561e-04
9.999994517633648949e-04
9.999993985708045124e-04
9.999994456991977143e-04
9.999994362846619401e-04
9.999984159761330857e-04
9.999995217257159116e-04
9.999990479741195822e-04
9.999994605106587997e-04
9.999993480384202459e-04
9.999994271638430396e-04
9.999993613297624481e-04
9.999984769476762212e-04
9.999986990700036969e-04
9.999995046021776472e-04
9.999981632382863757e-04
9.999989420398313310e-04
9.999991674561890028e-04
9.999991676306286756e-04
9.999989820378731020e-04
9.999994348633401125e-04
9.999994137978177391e-04
9.999995635815240105e-04
9.999995753875903347e-04
9.999994762450138078e-04
9.999996152467217382e-04
9.999994483754386706e-04
9.999995313471890176e-04
9.999994578745172776e-04
9.999995192725200620e-04
9.999995484248111032e-04
9.999993979953234434e-04
9.999996320753858515e-04
9.999996200454957466e-04
9.999995469569325501e-04
9.999995553744286340e-04
9.999995289748800711e-04
9.999996465792769951e-04
9.999990021109135541e-04
9.999995296923393662e-04
9.999995705518747394e-04
9.999995472541641905e-04
9.999995824229220703e-04
9.999995038723163802e-04
9.999994518752781947e-04
9.999995389888705760e-04
9.999994098382749760e-04
9.999996603757188487e-04
9.999995895426476693e-04
9.999986666585900831e-04
9.999993993043863275e-04
9.999994393234217221e-04
9.999996213410414485e-04
9.999994856918672636e-04
9.999995794597042915e-04
9.999995611241962665e-04
9.999996476969461034e-04
9.999996126732681352e-04
9.999996695316416134e-04
9.999994887584481070e-04
9.999996465960665163e-04
9.999995793354727203e-04
9.999996809544747789e-04
9.999995831032079761e-04
9.999996244496724227e-04
9.999995596882442148e-04
9.999989698615105362e-04
9.999996281037963012e-04
9.999996302566954709e-04
9.999996323740421335e-04
9.999994455999808556e-04
9.999995841862687005e-04
9.999996875505810356e-04
9.999996193826227783e-04
9.999996177061391735e-04
9.999980453199808304e-04
9.999827490871121723e-04
9.999972015382599042e-04
9.999990247116922245e-04
9.999994723656955003e-04
9.999996189457135889e-04
9.999995866785125250e-04
9.999995410322247771e-04
9.999996298901891664e-04
9.999996047041284641e-04
9.999996713172419269e-04
9.999996377586131777e-04
9.999996626298293754e-04
9.999996141926254748e-04
9.999997145559986859e-04
9.999995365239800881e-04
9.999996672769885520e-04
9.999995460072434381e-04
9.999992596448890360e-04
9.999992451002678862e-04
9.999995512369520313e-04
9.999996779026182683e-04
9.999997362354828487e-04
9.999996679068269643e-04
9.999996126649828791e-04
9.999995750538445000e-04
9.999996683741549635e-04
9.999997146736901328e-04
9.999996181702731132e-04
9.999997141291981639e-04
9.999996953980897028e-04
9.999997289643328038e-04
9.999996437517935221e-04
9.999996912478232008e-04
9.999993577340100630e-04
9.999996688711918370e-04
9.999997310880691034e-04
9.999996892852006450e-04
9.999996806226779059e-04
9.999996705061830245e-04
9.999995335363957329e-04
9.999994313879992207e-04
9.999994435921511892e-04
9.999989261600377571e-04
9.999996826978066033e-04
9.999994991512529963e-04
9.999974499260246875e-04
9.999994644386853235e-04
9.999996325108697487e-04
9.999993761753967186e-04
9.999996999691279122e-04
9.999988456397470183e-04
9.999927932865346637e-04
9.999985950998953495e-04
9.999992343958333686e-04
9.999995166264702331e-04
9.999989031687884448e-04
9.999996728495648066e-04
9.999996894329049764e-04
9.999997532963134615e-04
9.999997301644591736e-04
9.999995894033142461e-04
9.999994255340900664e-04
9.999996915792471082e-04
9.999996020306277204e-04
9.999997294432843176e-04
9.999995742837458883e-04
9.999996330412391169e-04
9.999997069219388520e-04
9.999996523371525083e-04
9.999989256859287239e-04
9.999973747073047630e-04
9.999992939399176585e-04
9.999859208049380506e-04
9.999980446561025898e-04
9.999997589312441346e-04
9.999997303805352455e-04
9.999996847873291687e-04
9.999985754312178555e-04
9.999995869396953105e-04
9.999996545706493160e-04
9.999996784100127420e-04
9.999996925598023719e-04
9.999996019378716225e-04
9.999997102293539577e-04
9.999996817062115594e-04
9.999997519041785733e-04
9.999996581555234670e-04
9.999997734095272903e-04
9.999997464373786005e-04
9.999997392295045459e-04
9.999997421320529732e-04
9.999996940983745929e-04
9.999997095388522654e-04
9.999997598694691098e-04
9.999997842883184308e-04
9.999997419660251914e-04
9.999996353050131376e-04
9.999996106533955847e-04
9.999996899345831025e-04
9.999996091032588297e-04
9.999997153043464673e-04
9.999997484709049426e-04
9.999996904951824125e-04
9.999990559127946901e-04
9.999997679170338945e-04
9.999997308056797572e-04
9.999994064103557862e-04
9.999997240724004584e-04
9.999997430985587115e-04
9.999996641210429950e-04
9.999996580777651377e-04
9.999997525910616324e-04
9.999997474402183388e-04
9.999996911413734126e-04
9.999997302093787538e-04
9.999997396605304206e-04
9.999997440024910225e-04
9.999998041797365875e-04
9.999997359181360054e-04
9.999997548026972379e-04
9.999997084343499251e-04
9.999996643919233184e-04
9.999998166064626853e-04
9.999997448215517705e-04
9.999993901636376227e-04
9.999997455553005527e-04
9.999997035469033579e-04
