1.063410202531438198e-02
2.125406306923220169e-03
1.675298253662492031e-03
1.363198735481618244e-03
1.145780144724994898e-03
1.158526632934808731e-03
1.147917827199164235e-03
1.175752093427275425e-03
1.037046524671543643e-03
1.094741599732323685e-03
1.207860388891085187e-03
1.083552578500913185e-03
1.138658918391324869e-03
1.120337141114042005e-03
1.163175767655239305e-03
9.488478076252105818e-04
1.059946692916319570e-03
9.788459712198299256e-04
1.031902572752809930e-03
9.238050613356264470e-04
1.089706272499537873e-03
1.106911035573207927e-03
1.136119753171346792e-03
1.145660201712560451e-03
1.062935135498839024e-03
1.040369759338270620e-03
1.083881851579797861e-03
9.800061938892070529e-04
9.557160757187949584e-04
1.043891356522707540e-03
8.950995397754013538e-04
9.076906104670151056e-04
9.223892641449836852e-04
9.423427614628484888e-04
9.683023672550916672e-04
9.787488655236206442e-04
9.070082849479819314e-04
1.197803937094776231e-03
9.255165381259040057e-04
8.900575217251715078e-04
8.772623964193227873e-04
9.780431665651696978e-04
1.028528001992718181e-03
1.144307328535145926e-03
1.027257302714707854e-03
7.826136271959464744e-04
8.378611834670760244e-04
9.051086748705097990e-04
8.628657332768565388e-04
9.114670407909311860e-04
9.157184303100956513e-04
9.030829042833494113e-04
8.862975120887552722e-04
8.829644985349947243e-04
8.770974910523938106e-04
1.010204438659313524e-03
9.500188500265051945e-04
1.002668301991530052e-03
1.082638254095065001e-03
9.678163700491973715e-04
9.432770296514622361e-04
8.862044533567601471e-04
8.475185650719428091e-04
9.277821120217834934e-04
9.392820862366965456e-04
8.661829342599958181e-04
9.264429314307084723e-04
7.795956335030496120e-04
7.965981372092899694e-04
7.750218792352825403e-04
7.861648995649853306e-04
7.520848349055373697e-04
8.197685666872482494e-04
8.890268708407683207e-04
9.134396003853334023e-04
9.250492883821655318e-04
1.022160298338061976e-03
9.047664934769272804e-04
1.007226994261145592e-03
7.956600227197142480e-04
8.083859942608365374e-04
7.281357079352202997e-04
7.700561216456423179e-04
7.044808076706862493e-04
7.842554661788438781e-04
8.964127413683423357e-04
8.202057644283693031e-04
8.139818061241193593e-04
8.673613866497026847e-04
8.499358786809208975e-04
7.331511526564625861e-04
6.122705005844565271e-04
8.482269247332098125e-04
7.739858303562199100e-04
8.167712642860255629e-04
8.010212975358100770e-04
1.180066696466191807e-03
1.058613495460074142e-03
7.934901851082319050e-04
8.521484192705860777e-04
9.236057368597309783e-04
8.966474898012453346e-04
8.324608268020184873e-04
1.186046847387364116e-03
8.110984559415987177e-04
7.838941007656486867e-04
9.371827947784607633e-04
8.769296875566636547e-04
8.186936304953537375e-04
7.974021963922208519e-04
8.703869764423487546e-04
7.591187941694730549e-04
1.023418254733673939e-03
1.077205880152943933e-03
9.618934219408976005e-04
1.007274442695473438e-03
8.289804636182165117e-04
7.710092943039183839e-04
7.298442957873799413e-04
9.404939054021317765e-04
9.228299267737096519e-04
8.498086673697750762e-04
8.589117879685210155e-04
8.460240297656701968e-04
9.007349634837163522e-04
1.029518941466353544e-03
8.929145865534481421e-04
7.113392302447831602e-04
8.953215560483697042e-04
8.128707245065781460e-04
8.854894917213210421e-04
9.037143900059163570e-04
8.969506751255769536e-04
8.671839727627995596e-04
8.343463965789659799e-04
7.085479262873137967e-04
8.063186297046119003e-04
9.370559281179387376e-04
8.242648971070977090e-04
6.965864970544842841e-04
7.121674563294570640e-04
7.202392398061132402e-04
5.521187972350928173e-04
5.860368194254604937e-04
6.228751230274179535e-04
7.374260550070749686e-04
6.834822997916489840e-04
8.697191277812970711e-04
7.678899013339296996e-04
8.485163347550520258e-04
2.253281651064753532e-03
3.047621949869943475e-03
2.270252940146938545e-03
1.627827669787955877e-03
1.378477670521916550e-03
1.170147231804501012e-03
9.603811624018769458e-04
1.128739499683050710e-03
1.105913916896832582e-03
1.125071357053361544e-03
9.976609787707658647e-04
1.078575356299743852e-03
1.068663486206021702e-03
1.020362971375059083e-03
9.186669546914728521e-04
7.517742794190876692e-04
8.143732863429345697e-04
6.836559140968969436e-04
6.450907844976571217e-04
6.463140705722923056e-04
6.660258391332861795e-04
7.030412119715229689e-04
6.149104002887677148e-04
6.326872313174566670e-04
7.356352197300447060e-04
6.598969033036969096e-04
7.374064543431526394e-04
6.556845695932248192e-04
7.437137859309778630e-04
8.123380248434841633e-04
1.092441925337832168e-03
9.910016363535664469e-04
8.160609378185318874e-04
8.925008066733809350e-04
9.475287638212504969e-04
8.667779835186114950e-04
7.991091460050819351e-04
7.073644833565738812e-04
5.872694386389890270e-04
6.097888544900342822e-04
6.495351370080913083e-04
6.833280908483031378e-04
5.956270830019524736e-04
7.408532347701685594e-04
7.511379279956025912e-04
8.309244110837186352e-04
5.573429822872736066e-04
6.667032828677053229e-04
8.583122444657707243e-04
9.727135858204411433e-04
1.028506171056314507e-03
8.231722443413577468e-04
7.419626712553986864e-04
6.940938612005036071e-04
6.027438671720263376e-04
7.783364746597056611e-04
7.465837667328550399e-04
6.385326299718336283e-04
6.532171698238112539e-04
7.585270443661628129e-04
6.731897194281612857e-04
6.428220735152104454e-04
6.934207248329920604e-04
7.053184963297098875e-04
6.963979302733940913e-04
9.185185443034003154e-04
7.302956946659833193e-04
6.771825811531590389e-04
6.978165061139550819e-04
8.799330389592796564e-04
7.251191602431630119e-04
7.740424461141964330e-04
6.421454707283134238e-04
8.732320642785021620e-04
7.957705743855944319e-04
6.385301132563894018e-04
6.133867519613551067e-04
6.510251719431069508e-04
7.286169841934583575e-04
8.660627400355511932e-04
7.407473657574308945e-04
6.286177055076940835e-04
6.948207508110882877e-04
7.274061905551015318e-04
7.923585041058494628e-04
6.985090087829647423e-04
7.097769481142199082e-04
5.993841294088939802e-04
6.369901683157015845e-04
7.867051355883871539e-04
1.046188482034363142e-03
6.876934188001445920e-04
6.916187182804079889e-04
6.877925617644857362e-04
6.241271652183250605e-04
6.298780629693187267e-04
7.978189938799722970e-04
6.786815907904191793e-04
6.288499900715818032e-04
7.061278891725171611e-04
7.167482368746085943e-04
9.024240701508365065e-04
7.306910119950771332e-04
8.858587764399615885e-04
6.892423568244435399e-04
1.024729452757654983e-03
8.346836624887624340e-04
7.357021554765340700e-04
9.454668156410518274e-04
1.025390388493083128e-03
7.928980937178589910e-04
8.629353710842368021e-04
7.635438048868978993e-04
9.075800189748406410e-04
6.926203204784542322e-04
7.668942914613964199e-04
8.804372015507205308e-04
7.567201728785508900e-04
1.088147425386858580e-03
8.459210420321477486e-04
8.038110543949235484e-04
6.034078764251285748e-04
6.517301249244299545e-04
6.678318581850218759e-04
6.294662399389045404e-04
7.106075400339537888e-04
8.401235773865329192e-04
6.828762002681431189e-04
7.954247810534740464e-04
7.023903369707496999e-04
7.864819612893226728e-04
6.434202920277847827e-04
6.999081662414889530e-04
6.926414452640241356e-04
6.533478475543425500e-04
6.484852025383396924e-04
8.330440093567105173e-04
6.525711612898463980e-04
8.045255733457835554e-04
8.318119860058160661e-04
7.394365077887318522e-04
7.073774406882492663e-04
7.114741111811446117e-04
1.078907025083409351e-03
9.406707372124257669e-04
1.094209514313230309e-03
1.221809447375371257e-03
1.378424192999342475e-03
1.302559599647984704e-03
1.106114096106275120e-03
