1.402546167373657227e-01
6.153257843106985092e-02
4.339299607090651989e-02
3.755732276476919651e-02
3.230393200647085905e-02
2.813674882054328918e-02
3.393300878815352917e-02
3.006175369955599308e-02
2.442867239005863667e-02
2.675251336768269539e-02
3.110263566486537457e-02
3.236167191062122583e-02
2.801867784000933170e-02
2.827181643806397915e-02
2.693013078533113003e-02
2.608285460155457258e-02
2.536666695959866047e-02
2.565159904770553112e-02
2.642495697364211082e-02
2.942111901938915253e-02
2.566439972724765539e-02
2.368526812642812729e-02
2.160897094290703535e-02
2.548402093816548586e-02
3.282879479229450226e-02
2.612970734480768442e-02
2.188841591123491526e-02
2.270977909211069345e-02
2.042294479906558990e-02
2.040333667537197471e-02
2.094742667395621538e-02
1.873848435934633017e-02
1.902496907860040665e-02
2.557456283830106258e-02
2.440447569824755192e-02
2.437327208463102579e-02
2.191441447939723730e-02
2.452790504321455956e-02
2.827753766905516386e-02
2.484827116131782532e-02
2.242986822966486216e-02
2.041001414181664586e-02
2.061531238723546267e-02
2.148658735677599907e-02
2.039653679821640253e-02
2.065581420902162790e-02
2.508541359566152096e-02
2.351441478822380304e-02
2.289299934636801481e-02
2.789246093016117811e-02
2.486580132972449064e-02
2.339861553627997637e-02
2.086961601162329316e-02
2.120989817194640636e-02
2.142676000948995352e-02
1.960585033521056175e-02
1.872507797088474035e-02
1.853537105489522219e-02
1.939005369786173105e-02
1.876237301621586084e-02
1.868178567383438349e-02
1.756883901543915272e-02
1.970065326895564795e-02
2.181329712038859725e-02
2.110246720258146524e-02
2.175316633656620979e-02
2.204057539347559214e-02
2.208895760122686625e-02
2.343950618524104357e-02
2.849210484419018030e-02
2.016479638405144215e-02
1.970390218775719404e-02
1.919905818067491055e-02
1.771062472835183144e-02
2.075926994439214468e-02
2.236548648215830326e-02
1.902826840523630381e-02
2.073377149645239115e-02
2.026703592855483294e-02
2.073447580914944410e-02
2.186793915461748838e-02
1.971993921324610710e-02
1.997055677929893136e-02
1.906421349849551916e-02
1.903787680203095078e-02
1.718620827887207270e-02
1.989197975490242243e-02
1.762648310977965593e-02
1.693901896942406893e-02
1.905211515258997679e-02
2.199642360210418701e-02
2.090093086007982492e-02
1.821338082663714886e-02
1.646020996849983931e-02
1.647462410619482398e-02
1.609281951095908880e-02
1.712753454921767116e-02
1.757003407692536712e-02
2.036337694153189659e-02
2.056633145548403263e-02
2.078003960195928812e-02
2.100037585478276014e-02
2.473224105779081583e-02
2.046980406157672405e-02
1.958855194970965385e-02
2.039086702279746532e-02
2.002259553410112858e-02
1.981795474421232939e-02
1.904928276780992746e-02
1.944243710022419691e-02
1.804294658359140158e-02
1.946898561436682940e-02
1.950384280644357204e-02
1.716009166557341814e-02
2.104982908349484205e-02
2.731702907476574183e-02
2.993733028415590525e-02
3.137816837988793850e-02
2.841917960904538631e-02
2.365586056839674711e-02
2.833269466646015644e-02
2.311944228131324053e-02
1.935807289555668831e-02
1.856849039904773235e-02
1.900808536447584629e-02
1.887252822052687407e-02
1.764245511731132865e-02
1.788031251635402441e-02
1.840449590235948563e-02
2.030547091271728277e-02
1.928258163388818502e-02
1.826029352378100157e-02
1.935037528164684772e-02
1.821332576218992472e-02
1.716112741269171238e-02
1.846732449484989047e-02
1.750052277930080891e-02
1.850908994674682617e-02
1.974861766211688519e-02
2.013001253362745047e-02
1.542725559556856751e-02
1.573943975381553173e-02
1.597301673609763384e-02
1.787491037975996733e-02
1.730570115614682436e-02
1.582227053586393595e-02
1.647467550355941057e-02
1.852206100011244416e-02
1.703138893935829401e-02
1.599842880386859179e-02
1.680051151197403669e-02
1.908408402232453227e-02
1.673646189738065004e-02
1.695187907898798585e-02
1.662227808265015483e-02
1.758279692148789763e-02
2.351481129880994558e-02
3.886236017569899559e-02
4.893822758458554745e-02
5.432838900014758110e-02
4.065642808564007282e-02
3.558765200432389975e-02
2.771007595583796501e-02
2.195644134189933538e-02
1.970953075215220451e-02
2.008557214867323637e-02
1.821563695557415485e-02
2.869657054543495178e-02
3.044160630088299513e-02
2.975368197076022625e-02
2.512712590396404266e-02
2.345441351644694805e-02
2.289143193047493696e-02
1.853576942812651396e-02
2.005616435781121254e-02
1.821874629240483046e-02
1.742307376116514206e-02
1.748890732415020466e-02
1.763449178542941809e-02
1.674602821003645658e-02
1.927645184332504869e-02
2.082491514738649130e-02
1.808484934736043215e-02
1.527037279447540641e-02
1.600892381975427270e-02
1.723883894737809896e-02
1.915558153996244073e-02
1.781558012589812279e-02
1.855351252015680075e-02
1.889352209400385618e-02
1.814910699613392353e-02
1.767260697670280933e-02
1.591549138538539410e-02
1.592871465254575014e-02
1.688304258277639747e-02
1.561954908538609743e-02
1.656936947256326675e-02
1.731978531461209059e-02
1.682630955474451184e-02
1.597463485086336732e-02
1.657818665262311697e-02
1.681742834625765681e-02
2.037791139446198940e-02
2.046549203805625439e-02
2.171178779099136591e-02
1.981396460905671120e-02
1.842538145137950778e-02
1.881785824662074447e-02
2.174514299258589745e-02
2.154622215311974287e-02
1.988498086575418711e-02
1.807105133775621653e-02
1.578483398770913482e-02
1.773756078910082579e-02
1.679011801024898887e-02
1.810348714934661984e-02
1.773654954740777612e-02
1.831463357666507363e-02
1.622931234305724502e-02
1.617544586770236492e-02
1.599833025829866529e-02
1.580149703659117222e-02
1.712525216862559319e-02
1.648696121992543340e-02
1.594683137955144048e-02
1.501723029650747776e-02
1.788047037553042173e-02
1.894408295629546046e-02
1.769243227317929268e-02
1.527666742913424969e-02
1.577558100689202547e-02
1.615030778339132667e-02
1.684705069055780768e-02
1.893444452434778214e-02
2.073592093074694276e-02
1.961718883831053972e-02
1.788522681454196572e-02
1.719740277621895075e-02
1.746921439189463854e-02
1.994291041046380997e-02
1.766419317573308945e-02
1.696433185134083033e-02
1.762037875596433878e-02
2.017877128673717380e-02
1.775617059320211411e-02
1.751047791913151741e-02
1.744840602623298764e-02
1.521846262039616704e-02
1.688607846153900027e-02
1.577747298870235682e-02
1.526850467780604959e-02
1.742056047078222036e-02
1.539930433500558138e-02
1.648846396710723639e-02
1.818029920104891062e-02
1.566281984560191631e-02
1.648743188707157969e-02
1.600245322333648801e-02
2.325972035760059953e-02
2.633680170401930809e-02
2.150352048920467496e-02
1.872229890432208776e-02
1.730805390980094671e-02
1.792198943439871073e-02
2.281058381777256727e-02
3.463054937310516834e-02
3.386548976413905621e-02
2.615935052745044231e-02
1.902443007566034794e-02
1.753975771134719253e-02
1.992203842382878065e-02
2.272498561069369316e-02
2.140572085045278072e-02
2.160262386314570904e-02
1.884055347181856632e-02
1.673460629535838962e-02
1.782558596460148692e-02
1.787237921962514520e-02
1.592859561787918210e-02
1.505802728934213519e-02
1.485518057597801089e-02
1.466033997712656856e-02
1.575404382310807705e-02
1.603303547017276287e-02
1.535708189476281404e-02
1.460816321196034551e-02
1.419431326212361455e-02
1.435223000589758158e-02
1.429332746192812920e-02
1.984289812389761209e-02
1.551508897682651877e-02
1.545099768554791808e-02
1.420715416315943003e-02
1.485337538179010153e-02
1.426663174061104655e-02
1.408283453201875091e-02
1.409560302272439003e-02
1.564497570507228374e-02
1.734929170925170183e-02
1.561289321398362517e-02
