3.910011512537796968e-02
2.034493777900934358e-02
1.769139940539995667e-02
1.389626755068699461e-02
1.508434234807888748e-02
1.375158832718928643e-02
1.377675123512744904e-02
1.290474583705266375e-02
1.343822783480087997e-02
1.372026298195123603e-02
1.317879005024830477e-02
1.262447622915108952e-02
1.348887706796328238e-02
1.324633782108624799e-02
1.233159552017847743e-02
1.280221597601969956e-02
1.191589658459027597e-02
1.264392056812842745e-02
1.278266900529464144e-02
1.298262085765600204e-02
1.207352684189875840e-02
1.211699973791837727e-02
1.191225989411274534e-02
1.316857822239398887e-02
1.230469824125369344e-02
1.268462116519610168e-02
1.158002919207016569e-02
1.157659062494834253e-02
1.185613255947828328e-02
1.174915817876656839e-02
1.332664253811041526e-02
1.758222611000140670e-02
1.359291678915421249e-02
1.236464834461609499e-02
1.310748122632503579e-02
1.165318290392557826e-02
1.190976028641064881e-02
1.369880288839340175e-02
1.248793608198563339e-02
1.185141578316688607e-02
1.172695687661568301e-02
1.151503945390383414e-02
1.173049956560134888e-02
1.260487008839845588e-02
1.197141166776418721e-02
1.259967796504497459e-02
1.226747985929250648e-02
1.203380500276883362e-02
1.168599811693032606e-02
1.151267047971487115e-02
1.221281848847866058e-02
1.230458524078130791e-02
1.236029155552387238e-02
1.234800058106581312e-02
1.252181778351465873e-02
1.315767442186673540e-02
1.268499741951624633e-02
1.214290130883455276e-02
1.201603859663009574e-02
1.220127188911040647e-02
1.284285131841897930e-02
1.297155581414699554e-02
1.236283288647731064e-02
1.272626953820387569e-02
1.202334016561508109e-02
1.253173127770423889e-02
1.143148199965556520e-02
1.126814484596252476e-02
1.214794187496105911e-02
1.156311097244421687e-02
1.190555747598409653e-02
1.174333964784940107e-02
1.142857521772384574e-02
1.164076067507266964e-02
1.179465943326552663e-02
1.214271740367015191e-02
1.154149634142716783e-02
1.144256436576445921e-02
1.150058259566624948e-02
1.134602110832929646e-02
1.229231519003709180e-02
1.242442273845275301e-02
1.222887864957253150e-02
1.168562583625316550e-02
1.169216446578502655e-02
1.164374245951573135e-02
1.187287420034408535e-02
1.193745750933885609e-02
1.224777760605017321e-02
1.194181864460309300e-02
1.182878377536932674e-02
1.107970202962557486e-02
1.111017875373363460e-02
1.131656585882107394e-02
1.190569456666707923e-02
1.118426310519377367e-02
1.111395477006832735e-02
1.133777045955260653e-02
1.167350684603055307e-02
1.151004744072755236e-02
1.165605566153923682e-02
1.164573052277167661e-02
1.144615982969601937e-02
1.224766808251539878e-02
1.201674416661262582e-02
1.316961776465177571e-02
1.310850971688826833e-02
1.146472543478012016e-02
1.163078186412652357e-02
1.310426176836093290e-02
1.149714781592289618e-02
1.209977989395459412e-02
1.224736490597327573e-02
1.227195002138614655e-02
1.173720893760522160e-02
1.135021504014730419e-02
1.112800637880961147e-02
1.107080901662508589e-02
1.130363009870052372e-02
1.116924565285444190e-02
1.141401628653208357e-02
1.139019783586263726e-02
1.157656926661729778e-02
1.149981413036584889e-02
1.125518375386794397e-02
1.110836199174324718e-02
1.116949096322059597e-02
1.104635993639628035e-02
1.154957575102647134e-02
1.216373859594265666e-02
1.172676241646210434e-02
1.307591373721758536e-02
1.361403328677018507e-02
1.341376205285390276e-02
1.232718893637259859e-02
1.378814981629451070e-02
1.425908735642830542e-02
1.236660648137330974e-02
1.213889420032501255e-02
1.127268883089224509e-02
1.204729775587717704e-02
1.170630703369776419e-02
1.146441102027893032e-02
1.104469348986943621e-02
1.213365762184063536e-02
1.286355536431074177e-02
1.189637556672096252e-02
1.127296462655067409e-02
1.058986267695824317e-02
1.078334506601095165e-02
1.118908431380987237e-02
1.073626261204481055e-02
1.109820256630579711e-02
1.134607363492250512e-02
1.124220831940571548e-02
1.068742989252010993e-02
1.047869157046079670e-02
1.049168544511000327e-02
1.079576027890046495e-02
1.072314896931250879e-02
1.146727185696363484e-02
1.288570128381252324e-02
1.123759361604849578e-02
1.104856686045726198e-02
1.131761763244867360e-02
1.066050293544928279e-02
1.095609050244092907e-02
1.052142536888519934e-02
1.065005958080291783e-02
1.118689036617676394e-02
1.131468713283538888e-02
1.081206587453683275e-02
1.088112841049830061e-02
1.076078272114197425e-02
1.058870945125818183e-02
1.091945376247167518e-02
1.087248641997575795e-02
1.036804715792338100e-02
1.100986196349064590e-02
1.073719815661509751e-02
1.073937130471070561e-02
1.059148336450258833e-02
1.054984647780656849e-02
1.091414199521144150e-02
1.299453297009070703e-02
1.234964374452829361e-02
1.113883995761474031e-02
1.092171451697746855e-02
1.099211660524209398e-02
1.110754000643889190e-02
1.087236764530340877e-02
1.039552458872397729e-02
1.063587622096141133e-02
1.059760476152102164e-02
1.069088621685902220e-02
1.142858316500981568e-02
1.089201681315898895e-02
1.152215134352445672e-02
1.123955951382716451e-02
1.128763972471157756e-02
1.247756679852803606e-02
1.165824954708417210e-02
1.113576510300238846e-02
1.063458422819773402e-02
1.066268235445022583e-02
1.043353453278541600e-02
1.111856618275245019e-02
1.108632565786441156e-02
1.107405386865139077e-02
1.178520427395900010e-02
1.121855961779753309e-02
1.097031322618325505e-02
1.086584907025098766e-02
1.102977686872084855e-02
1.080048034588495902e-02
1.072561225543419532e-02
1.062427765379349472e-02
1.142238608251015287e-02
1.061646950741608995e-02
1.099518078068892173e-02
1.106556697438160555e-02
1.091861197104056734e-02
1.060448158532381092e-02
1.037396285682916711e-02
1.112675468126932826e-02
1.091603866467873336e-02
1.081830399731795005e-02
1.079011410474777291e-02
1.083175440629323243e-02
1.074473721285660981e-02
1.043397672474384238e-02
1.044014524668455089e-02
1.118016956994930845e-02
1.145684756338596379e-02
1.141069084405899048e-02
1.127115196237961532e-02
1.078867459048827443e-02
1.154205252726872750e-02
1.164057186494271007e-02
1.075738724321126903e-02
1.062820510317881960e-02
1.070942375808954170e-02
1.084589765717585905e-02
1.099080983549356391e-02
1.063579600304365158e-02
1.094672909627358165e-02
1.023240598539511444e-02
1.011652965098619461e-02
1.027558607359727212e-02
1.013266146183013951e-02
1.033349223434925149e-02
1.035045081128676756e-02
1.045970035096009491e-02
1.136214981476465873e-02
1.066304277628660202e-02
1.049365562697251661e-02
1.017857299496730157e-02
1.063430532813072239e-02
1.113863705346981696e-02
1.088759023696184158e-02
1.119622712333997148e-02
1.087226973225672959e-02
1.108431853353977238e-02
1.099940029283364568e-02
1.217647784699996301e-02
1.369174445668856245e-02
1.275086781630913393e-02
1.267024961610635145e-02
1.280698844542105946e-02
1.324248481541872094e-02
1.246630977839231422e-02
1.178413089364767005e-02
1.147220159570376020e-02
1.051843042174975019e-02
1.004919329037268910e-02
1.007620232800642696e-02
1.012533058722813947e-02
1.091247238218784332e-02
1.040749183545510055e-02
9.990859031677245400e-03
1.053525817890962023e-02
1.074017466356356858e-02
1.005135073016087156e-02
1.044318558027346883e-02
1.034378123780091592e-02
1.049162006626526596e-02
1.012761338303486483e-02
1.014915481209754944e-02
1.038885085533062559e-02
1.039307769387960365e-02
1.037697425733010055e-02
1.114810376117626907e-02
1.134203597903251683e-02
1.055149622261524270e-02
1.009024288505315850e-02
1.008902868876854556e-02
1.027911559989055056e-02
1.096172214796145745e-02
1.074707396328449319e-02
1.049913143118222543e-02
