3.329740476328879595e-02
1.916387444362044334e-02
1.590317726368084550e-02
1.421942911110818386e-02
1.289716653991490602e-02
1.450532168382778764e-02
1.705650554504245520e-02
1.560751150827854872e-02
1.385295216459780931e-02
1.375168230151757598e-02
1.416650891769677401e-02
1.433282729703933001e-02
1.390781294321641326e-02
1.589228172088041902e-02
1.470897183753550053e-02
1.408814365277066827e-02
1.404675212688744068e-02
1.400585821829736233e-02
1.377161400159820914e-02
1.457770157139748335e-02
1.515876816119998693e-02
1.392764976480975747e-02
1.421025686431676149e-02
1.436817192006856203e-02
1.325820002239197493e-02
1.439606619533151388e-02
1.425640372326597571e-02
1.460034929914399981e-02
1.363189320545643568e-02
1.613028557039797306e-02
1.592909218743443489e-02
1.602496008854359388e-02
1.375015516532585025e-02
1.417732972186058760e-02
1.403145765652880073e-02
1.628719829022884369e-02
2.199072396615520120e-02
1.733471889747306705e-02
1.665964536368846893e-02
1.598415261832997203e-02
1.423094008350744843e-02
1.442625623894855380e-02
1.426232885569334030e-02
1.381288957782089710e-02
1.468091428978368640e-02
1.391866989433765411e-02
1.526620687218382955e-02
1.429562293924391270e-02
1.378207618836313486e-02
1.430497842375189066e-02
1.375302649103105068e-02
1.526560250204056501e-02
3.121841442771255970e-02
2.868332318030297756e-02
2.681299293180927634e-02
1.854121888754889369e-02
1.705959456739947200e-02
1.564025151310488582e-02
1.394895941484719515e-02
1.317802572157233953e-02
1.302262063836678863e-02
1.409680186770856380e-02
1.362532749772071838e-02
1.327697065426036716e-02
1.363260694779455662e-02
1.281602313974872231e-02
1.342561288038268685e-02
1.332077820552513003e-02
1.316279172897338867e-02
1.374544709688052535e-02
1.548769220244139433e-02
1.406782044796273112e-02
1.353788888081908226e-02
1.333540398627519608e-02
1.298119657440111041e-02
1.360693533206358552e-02
1.403270778246223927e-02
1.313607598422095180e-02
1.300890662241727114e-02
1.371809380361810327e-02
1.322524412535130978e-02
1.385179872158914804e-02
1.368681970052421093e-02
1.306754379766061902e-02
1.319803611841052771e-02
1.447096874471753836e-02
1.602828141767531633e-02
1.437661895761266351e-02
1.687788596609607339e-02
1.489824365125969052e-02
1.440721529070287943e-02
1.323253149166703224e-02
1.510862994473427534e-02
1.421463937731459737e-02
1.325237221317365766e-02
1.315478526521474123e-02
1.289452117634937167e-02
1.274023915175348520e-02
1.300630369223654270e-02
1.375394401839002967e-02
1.461612596176564693e-02
1.398280711146071553e-02
1.504552224650979042e-02
1.333415950648486614e-02
1.313646847847849131e-02
1.371117576491087675e-02
1.315715006785467267e-02
1.391480676829814911e-02
1.524380681803449988e-02
1.453568926081061363e-02
1.394466980127617717e-02
2.026847278466448188e-02
1.469287602230906487e-02
1.389140699757263064e-02
1.364724355516955256e-02
1.407278876286000013e-02
1.290853170212358236e-02
1.350193645339459181e-02
1.398911798605695367e-02
1.440817711409181356e-02
1.667998859193176031e-02
2.009907102910801768e-02
1.759879756718873978e-02
1.476477668620646000e-02
1.281351258512586355e-02
1.386380440089851618e-02
1.451281388290226460e-02
1.553234527818858624e-02
1.436140318401157856e-02
1.406867621699348092e-02
1.453148585278540850e-02
1.356682623736560345e-02
1.704589457949623466e-02
1.448125304887071252e-02
1.373614417389035225e-02
1.294062496162950993e-02
1.364251575432717800e-02
1.628172915661707520e-02
1.436509791528806090e-02
1.404015359003096819e-02
1.360249851131811738e-02
1.364805857883766294e-02
1.394036493729799986e-02
1.432848762487992644e-02
1.354000507853925228e-02
1.324624783592298627e-02
1.380833936855196953e-02
1.500321773346513510e-02
1.359629398211836815e-02
1.302520296303555369e-02
1.512714341515675187e-02
2.789522986859083176e-02
3.064290911424905062e-02
2.168698742752894759e-02
1.762337615946307778e-02
1.611443556612357497e-02
1.517716509988531470e-02
1.521040865918621421e-02
1.762057666201144457e-02
1.411648356588557363e-02
1.460149110062047839e-02
2.782915602438151836e-02
1.921574585139751434e-02
1.908115536207333207e-02
2.234992140438407660e-02
1.592617895221337676e-02
1.594898744951933622e-02
1.449289196170866489e-02
1.586145960027351975e-02
2.068865631008520722e-02
1.598265994107350707e-02
1.466393243754282594e-02
1.430496870307251811e-02
1.240976882399991155e-02
1.303421962074935436e-02
1.368241989985108376e-02
1.371993753127753735e-02
2.524643455399200320e-02
1.779862138209864497e-02
1.514552696608006954e-02
1.418008835753425956e-02
1.474346924806013703e-02
1.511391578242182732e-02
1.818675670074298978e-02
1.706108957296237350e-02
1.677784440107643604e-02
1.496833038982003927e-02
1.388406922342255712e-02
1.372735219774767756e-02
1.329260057536885142e-02
1.298131089424714446e-02
1.326031220378354192e-02
1.564954657806083560e-02
1.346033799927681684e-02
1.363575755385681987e-02
1.282038178760558367e-02
1.290588872507214546e-02
1.273629494244232774e-02
1.340374717256054282e-02
1.530767354415729642e-02
1.544412702787667513e-02
1.407404919154942036e-02
1.257471833378076553e-02
1.328637206461280584e-02
1.537107577314600348e-02
1.390949712367728353e-02
1.427280576899647713e-02
1.966607506619766355e-02
1.577451190678402781e-02
1.406716927886009216e-02
1.407157722860574722e-02
1.311450020875781775e-02
1.306398474844172597e-02
1.253133243881165981e-02
1.345940068131312728e-02
1.719615189358592033e-02
1.693722978234291077e-02
1.432022580411285162e-02
1.436282141366973519e-02
1.419515890302136540e-02
1.553077471908181906e-02
1.402615074766799808e-02
1.229324151063337922e-02
1.335344393737614155e-02
1.323984464397653937e-02
1.502501842333003879e-02
1.331901300000026822e-02
1.330478698946535587e-02
1.736071595223620534e-02
2.964800933841615915e-02
2.019638638012111187e-02
1.769800053443759680e-02
1.679091394180431962e-02
1.646493683801963925e-02
1.561118173412978649e-02
1.384386612335219979e-02
1.358366565546020865e-02
1.389355090213939548e-02
1.356045564170926809e-02
1.361636916408315301e-02
1.369414594955742359e-02
1.538801443530246615e-02
2.383290766738355160e-02
2.432724996469914913e-02
3.026542457519099116e-02
2.005223929882049561e-02
1.784600113751366735e-02
1.754007535055279732e-02
1.527421630453318357e-02
1.383938669459894300e-02
1.413579971995204687e-02
1.298758940538391471e-02
1.317284401739016175e-02
1.411026122514158487e-02
1.359711273107677698e-02
1.462838385486975312e-02
1.495077804429456592e-02
1.413839525775983930e-02
1.499211112968623638e-02
1.512237807037308812e-02
1.776063803117722273e-02
1.445150183280929923e-02
1.279814337613061070e-02
1.331453473540022969e-02
1.391687389696016908e-02
1.384445681469514966e-02
1.319221570156514645e-02
1.347367494599893689e-02
1.307571894722059369e-02
1.452162454370409250e-02
1.414380426285788417e-02
1.381423190468922257e-02
1.336119632469490170e-02
1.262684602988883853e-02
1.272880006581544876e-02
1.459420332685112953e-02
1.416536711622029543e-02
1.332333218306303024e-02
1.309126248816028237e-02
1.408028171863406897e-02
1.522956532426178455e-02
1.421688892878592014e-02
1.320660405326634645e-02
1.345849450444802642e-02
1.296116423327475786e-02
1.299122616183012724e-02
1.352749916259199381e-02
1.285923214163631201e-02
1.359367364784702659e-02
1.317013037623837590e-02
1.357669115532189608e-02
1.304488995810970664e-02
1.379981648642569780e-02
1.244015619158744812e-02
1.306478353217244148e-02
1.393122586887329817e-02
1.302646007388830185e-02
1.374914101324975491e-02
1.248290791409090161e-02
1.254504529060795903e-02
