1.770320437848567963e+00
4.584363203030079603e-01
2.476183148100972176e-01
1.454617758281528950e-01
1.184926296118646860e-01
9.791586827486753464e-02
9.046180220320820808e-02
8.410390536300837994e-02
1.064922502264380455e-01
2.702536243014037609e-01
1.346960626542568207e-01
1.081826938316226006e-01
9.235476306639611721e-02
7.851968170143663883e-02
8.835017611272633076e-02
7.539723612717352808e-02
6.713539420161396265e-02
9.589802473783493042e-02
1.405006336863152683e-01
1.087703156517818570e-01
6.619509949814528227e-02
8.472591056488454342e-02
9.728649538010358810e-02
7.808551851121592335e-02
6.991501089760276955e-02
6.488776448532007635e-02
6.335523352026939392e-02
7.098345784470438957e-02
7.900520926341414452e-02
8.712502033449709415e-02
1.170213737059384584e-01
9.381858422420918941e-02
7.185154504259116948e-02
6.283767140121199191e-02
6.181106624717358500e-02
5.395599384792149067e-02
5.839907983317971230e-02
5.681923544034361839e-02
6.600763113237917423e-02
5.583553062751889229e-02
6.210901262238621712e-02
5.463881164541817270e-02
5.058432111400179565e-02
5.910191906150430441e-02
6.652812915854156017e-02
6.792200694326311350e-02
7.833896786496552522e-02
5.893948092125356197e-02
8.086747975903563201e-02
6.425569398561492562e-02
6.834704615175724030e-02
5.784475826658308506e-02
7.406602997798472643e-02
7.280467788223177195e-02
7.515873515512794256e-02
5.841555467759462772e-02
5.453612213023006916e-02
7.442309288308024406e-02
6.903521646745502949e-02
7.429872853026608936e-02
5.721967495628632605e-02
5.193918151780962944e-02
5.232437359518371522e-02
4.889885336524457671e-02
4.362331115407869220e-02
5.049335083458572626e-02
5.513858003541827202e-02
5.966969102155417204e-02
6.836581800598651171e-02
6.567332684062421322e-02
5.271432548761367798e-02
4.756297739550063852e-02
4.926315520424395800e-02
5.429668634315021336e-02
4.824445790245590615e-02
4.912517708726227283e-02
7.279574829590274021e-02
6.280345353297889233e-02
5.388121271971613169e-02
5.169511691201478243e-02
4.637736082440824248e-02
4.696841060649603605e-02
4.521588653733488172e-02
5.032290425151586533e-02
5.732888192869722843e-02
4.400955466553568840e-02
5.924371257424354553e-02
5.776500026695430279e-02
6.508604099508374929e-02
1.139852940104901791e-01
8.611678658053278923e-02
5.807251385704148561e-02
5.055165872909128666e-02
5.723139483598060906e-02
4.768965195398777723e-02
5.538083217106759548e-02
6.162576897622784600e-02
4.477237150422297418e-02
4.359864749676489737e-02
4.358441440854221582e-02
6.431282206904143095e-02
5.219143081922084093e-02
6.462185038253664970e-02
9.223591885529458523e-02
7.351084388210438192e-02
7.001105276867747307e-02
5.741524895347538404e-02
5.281641171313822269e-02
4.960351937916129827e-02
6.384129333309829235e-02
6.480643409304320812e-02
6.766612711362540722e-02
6.164631026331335306e-02
8.644603309221565723e-02
6.235987562558875652e-02
5.059964606334688142e-02
4.638988140504807234e-02
5.910420697182416916e-02
6.289479590486735106e-02
5.727753043174743652e-02
7.815724773354304489e-02
5.322987120598554611e-02
5.916601442731916904e-02
5.148232245119288564e-02
5.788357951678335667e-02
1.586769944915431552e-01
9.383188793435692787e-02
1.277935267426073551e-01
1.977500828506890684e-01
1.079921324271708727e-01
7.698786980472505093e-02
7.950313645415008068e-02
5.051980412099510431e-02
4.571138717074063607e-02
4.689181190906310803e-02
6.235499912872910500e-02
8.223144676139781950e-02
7.461679610423743725e-02
6.078805838478729129e-02
6.827093963511288166e-02
5.757507891394197941e-02
6.172362668439745903e-02
5.182003509253263474e-02
5.449498165398836136e-02
6.626734463497996330e-02
8.605117700062692165e-02
9.314613090828061104e-02
7.011096691712737083e-02
7.256035413593053818e-02
4.930779000278562307e-02
4.575072356965392828e-02
7.179311942309141159e-02
1.468543526716530323e-01
1.072334415512159467e-01
6.531125912442803383e-02
5.859520009835250676e-02
6.249062716960906982e-02
4.756106274726334959e-02
4.436745005659759045e-02
3.907712630461901426e-02
4.088701821819995530e-02
5.148417013697326183e-02
5.205317382933571935e-02
3.935977105720667168e-02
4.210771268844837323e-02
4.260117816738784313e-02
4.337198453140445054e-02
4.624924110248684883e-02
5.487093422561883926e-02
5.518257296989759197e-02
4.243950312957167625e-02
4.525991744594648480e-02
4.087019118014723063e-02
4.450923309195786715e-02
4.524832661263644695e-02
3.944283211603760719e-02
3.985260240733623505e-02
7.423969090450555086e-02
6.406883709132671356e-02
6.773492286447435617e-02
5.502832040656358004e-02
4.994489139426150359e-02
4.275433917064219713e-02
5.916850140783935785e-02
9.396989920128362428e-02
6.402397993952035904e-02
5.351157125551253557e-02
5.352906568441540003e-02
5.042535043321549892e-02
6.632050033658742905e-02
5.160811712266877294e-02
4.390330530895880656e-02
5.395343480631709099e-02
7.371828891336917877e-02
6.060810398776084185e-02
6.416400161106139421e-02
8.294439339078962803e-02
4.942006908822804689e-02
4.929723381064832211e-02
4.657528628013096750e-02
4.042130848392844200e-02
3.252159629482775927e-02
3.691588470246642828e-02
3.308773639218998142e-02
3.363978943161782809e-02
5.024739063810557127e-02
6.247127882670611143e-02
4.864567180629819632e-02
4.371107753831893206e-02
4.694297118112444878e-02
4.268592461448861286e-02
4.352986231970135123e-02
3.842243133112788200e-02
5.149078142130747437e-02
4.407298419937433209e-02
5.894774058833718300e-02
1.052802694030106068e-01
7.507745225302642211e-02
5.274017225019633770e-02
5.261558596976101398e-02
9.801702678669244051e-02
1.205110669834539294e-01
7.650670106522738934e-02
8.339765778509899974e-02
7.496892905237473315e-02
5.843100404263168457e-02
5.091196077410131693e-02
4.752656130585819483e-02
4.465654067462310195e-02
4.912669095210731030e-02
3.860319993691518903e-02
5.434644198976457119e-02
5.032311787363141775e-02
5.522804982985007882e-02
4.200570145621895790e-02
4.136898322030901909e-02
4.137464467567042448e-02
3.700548061169683933e-02
4.990392166655510664e-02
4.484910066821612418e-02
5.455304030328989029e-02
6.451590848155319691e-02
6.055129120005631194e-02
4.026928939856588840e-02
3.878675134910736233e-02
4.435948678292334080e-02
4.986792127601802349e-02
5.304707674076780677e-02
4.137602390255779028e-02
4.657805920578539371e-02
3.549564455170184374e-02
3.296151140239089727e-02
3.548963094362989068e-02
4.073088119503154303e-02
4.570127732586115599e-02
7.055853391648270190e-02
4.377070476766675711e-02
3.978307684883475304e-02
3.597731899935752153e-02
4.027674694589222781e-02
4.263919708319008350e-02
6.015009380644187331e-02
4.522472817916423082e-02
4.124120296910405159e-02
4.026612429879605770e-02
3.649822735678753816e-02
3.210108238272368908e-02
3.232101321918889880e-02
3.586791447014547884e-02
3.251766256289556623e-02
3.034423053031787276e-02
3.380759921856224537e-02
3.695938817691057920e-02
3.817878372501581907e-02
3.096632793017306540e-02
3.356315054861624958e-02
3.457197438547154889e-02
3.332850465085357428e-02
3.962136665359139442e-02
4.150851028862234671e-02
3.487280805711634457e-02
3.630887460894882679e-02
6.520248536253347993e-02
5.684475491580087692e-02
4.231030738446861506e-02
4.168067593127489090e-02
3.958935686387121677e-02
3.902961139101535082e-02
4.113486528513021767e-02
4.305210651364177465e-02
4.768899705847218229e-02
3.877997871313709766e-02
3.428191728016827255e-02
3.449578920844942331e-02
3.394870331976562738e-02
4.911026800982654095e-02
4.517416830640286207e-02
4.831419792026281357e-02
5.391838419018313289e-02
5.164990643970668316e-02
