4.076294600963592529e-02
2.673363359645009041e-02
2.303360812366008620e-02
2.242569075897336145e-02
2.027732133865356445e-02
2.140914686024188857e-02
2.260660734027624200e-02
2.302499460056424072e-02
2.266749925911426544e-02
2.164312610402703216e-02
2.414905820041894982e-02
1.907583074644208024e-02
1.919341972097754478e-02
1.919825132936239104e-02
1.863584285601973395e-02
1.961940973997116158e-02
1.996932374313473840e-02
1.792040830478072028e-02
1.889385511167347362e-02
1.830337438732385774e-02
1.860922644846141338e-02
1.843484202399849753e-02
1.876543569378554682e-02
1.916202390566468239e-02
1.821084674447774956e-02
1.922072474844753812e-02
2.117905095219612191e-02
1.960396301001310349e-02
2.005491936579346587e-02
1.909976257011294226e-02
1.899362439289688925e-02
1.753937043249607225e-02
1.770673738792538643e-02
1.678033601492643495e-02
1.654378678649663995e-02
1.792844478040933609e-02
1.860302528366446564e-02
1.893228068947792192e-02
1.821926943957805772e-02
1.788816410116851260e-02
1.876827869564294884e-02
1.741899447515606741e-02
1.805482674390077730e-02
1.876151310279965470e-02
1.848900644108653069e-02
1.911366442218422751e-02
1.625907062552869181e-02
1.738600833341479371e-02
1.738206716254353523e-02
1.760464627295732498e-02
1.799859711900353432e-02
1.978331506252288888e-02
1.887609791010618279e-02
1.863464023917913576e-02
1.924460958689451148e-02
1.692370981909334729e-02
1.609312980435788701e-02
1.573869921267032762e-02
1.657785498537123203e-02
1.853082501329481740e-02
1.713201142847537925e-02
1.646735342219472070e-02
1.866606771945953508e-02
1.660240022465586662e-02
1.840453883633017679e-02
1.797778098843991895e-02
1.712173912674188475e-02
1.773905484005808969e-02
1.736707827076315949e-02
1.721082623116671970e-02
1.643289602361619473e-02
1.646849885582923889e-02
1.621683901175856660e-02
1.749142888002097607e-02
1.727239843457937379e-02
1.672701542265713284e-02
1.651799590326845715e-02
1.512368810363113811e-02
1.769551238976418972e-02
1.746292626485228608e-02
1.619900385849177768e-02
1.677232640795409818e-02
1.671817800961434772e-02
1.608482357114553521e-02
1.492987601086497376e-02
1.739054648205638071e-02
2.137946626171469827e-02
1.816223701462149620e-02
1.816969499923288753e-02
1.683034757152199884e-02
1.709935525432228903e-02
1.672751293517649174e-02
1.534818504005670478e-02
1.561879226937890053e-02
1.885387804359197478e-02
2.341213757172226975e-02
1.855570981279015472e-02
1.726448647677898338e-02
1.682573566213250299e-02
1.989817311987280776e-02
1.604825495742261479e-02
1.584606585092842440e-02
1.948420172557234833e-02
1.843886775895953178e-02
1.734423749148845603e-02
1.610331824049353669e-02
1.683657853864133427e-02
1.794019266963004997e-02
1.817893297411501269e-02
1.734989592805504660e-02
1.812211764045059542e-02
1.717598601244390080e-02
1.895568114705383639e-02
1.652064672671258588e-02
1.573479729704558780e-02
1.678526485338806967e-02
1.656141248531639576e-02
1.800927417352795462e-02
1.677452982403337955e-02
1.687210397794842651e-02
1.577925244346261094e-02
1.567439087666571210e-02
1.619579996913671563e-02
1.451975032687187125e-02
1.450174287892878021e-02
1.655120081268251012e-02
1.682852390222251346e-02
1.667820769362151484e-02
1.644618329592049261e-02
1.729420828633010387e-02
1.591250509954988956e-02
1.562704555690288405e-02
1.605468345806002756e-02
1.541575733572244679e-02
1.676364643499255250e-02
1.692097559571266105e-02
1.617958503775298457e-02
1.565825822763144970e-02
1.618990963324904581e-02
1.557027571834623814e-02
1.561959045939147542e-02
1.584255648776888847e-02
1.595506970770656924e-02
1.644381536170840333e-02
1.515157348476350342e-02
1.600005640648305416e-02
1.883674627169966767e-02
1.678610113449394842e-02
1.605190564878284862e-02
1.569617097266018391e-02
1.485882448032498429e-02
1.407227418385446037e-02
1.452045938931405614e-02
1.641693720594048639e-02
1.851038718596100668e-02
1.599991675466299126e-02
1.465512141585350106e-02
1.545957205817103351e-02
1.613433952443301539e-02
1.680437126196920872e-02
1.711819344200193882e-02
1.713984254747629235e-02
1.776886889711022308e-02
1.697181630879640579e-02
1.523525691591203282e-02
1.529465136118233169e-02
1.626379233784973691e-02
1.636217115446925163e-02
1.605721740052103857e-02
1.559711205773055623e-02
1.568759526126086573e-02
1.868487955071031908e-02
1.852278253063559602e-02
1.720199012197554111e-02
1.655973414890467982e-02
1.629087398760020733e-02
1.572403186000883440e-02
1.515642767772078583e-02
1.459449580870568822e-02
1.537869819439947536e-02
1.431777775287628243e-02
1.591462772339582304e-02
1.583347893320024083e-02
1.502439850009977887e-02
1.486704787239432300e-02
1.542790560051798820e-02
1.582008637487888197e-02
1.439278633333742653e-02
1.442969324998557602e-02
1.589280320331454277e-02
1.657208404503762722e-02
1.597396517172455788e-02
1.688119848258793493e-02
1.666079661808907847e-02
1.429325290955603053e-02
1.608709064312279294e-02
1.727781277149915626e-02
1.626221756450831751e-02
1.606302084401249955e-02
1.596853309310972829e-02
1.648022891022265027e-02
1.516300961375236477e-02
1.448988700285553863e-02
1.499340496957302094e-02
1.454612794332206180e-02
1.453204085119068692e-02
1.661135298199951579e-02
1.714000576175749371e-02
1.614677216857671876e-02
1.648813067004084587e-02
1.616793014109134743e-02
1.515146102756261860e-02
1.547571523115038802e-02
1.767571642994880676e-02
1.642814236693084309e-02
1.499495389871299302e-02
1.475891573354601825e-02
1.451033549383282627e-02
1.466390118002891541e-02
1.552827982231974602e-02
1.417469359003007377e-02
1.450649467296898434e-02
1.504995748400688241e-02
1.484731566160917351e-02
1.506753931753337418e-02
1.642320733517408510e-02
1.467614034190773895e-02
1.432198295369744266e-02
1.505033639259636437e-02
1.461146618239581550e-02
1.404656437225639855e-02
1.447677263058722019e-02
1.501111513935029541e-02
1.467434698715805973e-02
1.505162818357348373e-02
1.478211707435548271e-02
1.481261998414993251e-02
1.491186651401221752e-02
1.469488353468477795e-02
1.609425754286348750e-02
1.486618858762085368e-02
1.560446796938777005e-02
1.535043199546635116e-02
1.520218313671648468e-02
1.714073386974632879e-02
1.768628656864166399e-02
1.607796978205442567e-02
1.670249141752720018e-02
1.533329230733215809e-02
1.530130640603601967e-02
1.556911496445536648e-02
1.583227701485157013e-02
1.433944487944245269e-02
1.318531865254044498e-02
1.355086783878505299e-02
1.413344275206327404e-02
1.361366696655750240e-02
1.413529724813997711e-02
1.465876591391861508e-02
1.594586139544844697e-02
1.369111710228025983e-02
1.387177505530417035e-02
1.506463862024247716e-02
1.377962571568787029e-02
1.401871209964156151e-02
1.438620057888329029e-02
1.478998675011098350e-02
1.414222079329192569e-02
1.426669652573764324e-02
1.433179276064038346e-02
1.414776830933988164e-02
1.345321745611727238e-02
1.342009413056075538e-02
1.559306946583092178e-02
1.569642568938434124e-02
1.553852125070989167e-02
1.664371741935610771e-02
1.593841565772891045e-02
1.431501484476029908e-02
1.417000060901045869e-02
1.347686820663511822e-02
1.422015922144055297e-02
1.458903979510068824e-02
1.378996060229837825e-02
1.375430035404861043e-02
1.521757924929261277e-02
1.505337702110409737e-02
1.358182220719754765e-02
1.423164182342588971e-02
1.413724962621927192e-02
1.349184331484138896e-02
1.354293171316385200e-02
1.353784529492258956e-02
1.387642617337405716e-02
1.441160673275589978e-02
1.465295297093689372e-02
1.438384386710822582e-02
1.795293060131370952e-02
1.677932082675397465e-02
1.508157830685377156e-02
