5.958197399973869102e-01
4.752582326531410439e-01
3.532956719398498424e-01
3.090409249067306297e-01
2.891990184783935769e-01
2.625468827784061543e-01
3.041555568575858848e-01
2.283163629472255707e-01
2.334252059459686335e-01
2.274243809282779638e-01
2.168666157871484701e-01
2.088611222803592737e-01
2.261256664991378729e-01
2.750041782855987549e-01
2.343767628073692433e-01
2.025315470993518940e-01
2.004396282136440277e-01
2.296693243086337932e-01
1.924358062446117346e-01
2.539785362780094258e-01
2.035885650664567836e-01
2.090080350637436024e-01
2.134795188903808594e-01
1.985810004174709265e-01
2.076556760817766245e-01
2.102350015193223953e-01
1.981239639222621973e-01
1.762121446430683080e-01
1.708151321858167593e-01
1.837864283472299687e-01
1.808547332882881054e-01
1.785550422966480366e-01
1.760636020451784023e-01
1.777977421879768372e-01
1.980527620762586594e-01
1.708748426288366207e-01
1.846585862338542827e-01
1.898017562925815582e-01
2.265417486429214533e-01
2.079149723052978460e-01
2.233847841620445196e-01
2.072429522871971075e-01
1.718786820769309942e-01
2.259615041315555517e-01
2.090316735208034571e-01
1.896944444626569859e-01
2.143078856170177460e-01
2.114532947540283259e-01
1.938117548823356517e-01
1.959098916500806864e-01
1.841336071491241344e-01
1.955783259123563822e-01
1.698509134352207128e-01
1.726117298007011358e-01
1.960274554789066259e-01
2.435565657913684734e-01
2.126619398593902477e-01
1.860116709023714177e-01
1.908026076853275299e-01
1.897479619830846898e-01
1.638520821928977911e-01
1.746023882180452458e-01
1.800886146724224035e-01
1.606145765632391031e-01
1.719968643039465062e-01
1.642357088625431005e-01
1.667413707822561209e-01
1.872765608131885529e-01
1.674815565347671509e-01
1.749896226450800840e-01
1.637012638151645605e-01
1.658805638551711925e-01
1.764325395226478688e-01
1.575173210352659170e-01
1.633839480578899439e-01
1.877855017781257518e-01
1.665369316935539357e-01
1.884786561131477356e-01
1.941669419407844599e-01
1.725364089012146052e-01
1.745282225310802460e-01
1.777078758925199620e-01
1.557112410664558411e-01
1.572449520230293218e-01
2.088727347552776226e-01
1.673506554216146469e-01
1.778380531817674581e-01
1.505808524787425884e-01
1.719337366521358490e-01
1.744822666049003490e-01
1.639317315071821268e-01
1.687445942312479075e-01
1.881445296108722742e-01
1.759306613355874904e-01
1.669587476179003604e-01
1.540733285248279683e-01
1.508907213807106074e-01
1.773834247142076492e-01
1.614270806312561035e-01
1.452705506235361099e-01
1.649097666144370977e-01
1.564221333712339512e-01
1.479376919567584880e-01
1.441356094554066547e-01
1.454059951007366236e-01
1.497856318950653021e-01
1.348623819649219513e-01
1.343551479279994909e-01
1.348656348884105793e-01
1.684480451047420391e-01
1.458623416721820942e-01
1.527822908014059011e-01
1.771535038948059138e-01
2.075315803289413397e-01
1.637868836522102245e-01
2.169327605515718460e-01
1.712292738258838765e-01
1.439863502979278620e-01
1.624163161963224355e-01
1.513812106102704891e-01
1.416173342615366093e-01
1.324303660541772953e-01
1.395782269537448883e-01
1.342087171971798054e-01
1.307242289185523987e-01
1.569798789918422643e-01
1.449130374938249477e-01
1.627843309193849619e-01
1.562625672668218613e-01
1.368897467851638849e-01
1.251337580382823889e-01
1.565276354551315419e-01
1.477405337616801151e-01
1.600918088108301274e-01
1.522855065762996618e-01
1.544712241739034653e-01
1.353283423930406459e-01
1.259033981710672434e-01
1.528315514326095692e-01
1.522729471325874329e-01
1.364404879510402735e-01
1.399154871702194269e-01
1.302258063107729069e-01
1.241432966664433452e-01
1.738805837929248699e-01
1.604576211422681919e-01
1.497907504439353887e-01
1.238798607140779440e-01
1.291991487145423834e-01
1.223926670849323217e-01
1.201836492866277667e-01
1.239206980913877543e-01
1.218926787376403836e-01
1.059076625853776904e-01
1.255529038608074188e-01
1.168609198182821302e-01
1.178686276078224210e-01
1.375016883015632574e-01
1.171801861375570269e-01
1.440117172896862030e-01
1.326621551066637095e-01
1.462986484169959966e-01
1.447452392429113277e-01
1.260073747485876139e-01
1.203868256881833049e-01
1.227041594684123993e-01
1.383638771250844113e-01
1.304007166996598299e-01
1.394713802263140567e-01
1.436504445970058497e-01
1.162866253405809430e-01
1.258276531472802273e-01
1.164487238973379163e-01
1.205381833016872378e-01
1.187593344599008616e-01
1.212103189900517464e-01
1.116744395345449503e-01
1.161306265741586657e-01
1.204983197152614538e-01
1.207784054800868090e-01
1.185356298461556490e-01
1.556135881692171097e-01
1.273703861981630436e-01
1.249106729403138133e-01
1.108188718557357733e-01
1.231172706931829425e-01
1.253978379070758709e-01
1.243514105677604731e-01
1.373791556805372127e-01
1.240179769694805118e-01
1.143646093085408239e-01
1.117355884984135572e-01
1.323591722175478935e-01
1.154379837214946775e-01
1.377479530870914515e-01
1.250409975647926442e-01
1.140326723456382696e-01
1.076905554160475786e-01
1.111299278214573916e-01
1.190845053642988205e-01
1.211992420256137876e-01
1.216101977974176351e-01
1.199019784107804298e-01
1.332177702337503378e-01
1.220009086653590230e-01
1.153916683048009928e-01
1.418662220239639282e-01
1.463119529187679180e-01
1.216152988374233218e-01
1.129626788198947879e-01
1.229941841214895193e-01
1.150348093360662460e-01
1.094364017248153631e-01
1.191877253353595678e-01
1.112234488129615756e-01
1.019239468500018064e-01
1.014340015128254863e-01
1.131175067275762558e-01
1.139255363494157819e-01
1.256408941000700108e-01
1.487640421837568283e-01
1.239453073590993937e-01
1.169917885214090403e-01
1.207646824419498499e-01
1.135625600814819391e-01
1.072419293224811526e-01
1.241570752114057596e-01
1.292405722662806622e-01
1.130816746503114645e-01
1.020221829414367648e-01
1.114407133311033221e-01
1.049643594771623584e-01
9.920594356954097470e-02
1.250044431537389866e-01
1.262286361306905746e-01
1.256996061652898844e-01
1.131570372730493490e-01
9.944974705576896390e-02
1.211111284792423248e-01
1.288123732432722990e-01
1.269140176475048176e-01
1.096735551953315763e-01
1.063606720417737961e-01
1.051859779283404323e-01
1.316370410844683592e-01
1.191696774214506122e-01
1.135815145447850172e-01
1.211512712761759758e-01
1.136741317808628027e-01
1.057575609534978922e-01
1.002825815230607986e-01
1.047623345628380803e-01
9.523322656750679571e-02
9.600315038114785871e-02
1.268564473837613948e-01
1.277974966913461574e-01
1.377439450472593419e-01
1.223188608884811374e-01
1.176571644842624720e-01
1.019398462027311381e-01
1.084462713450193433e-01
9.732806663960218152e-02
8.953719940036534986e-02
1.131527896970510455e-01
1.176697701215743963e-01
1.023129105567932157e-01
1.418658383190631866e-01
1.176817415282130214e-01
1.011773956939578112e-01
1.032650690525770132e-01
1.073358096182346344e-01
1.081664480268955258e-01
1.030260596424341230e-01
1.117126196622848511e-01
1.521489499136805534e-01
1.242696151137352018e-01
1.143157416954636574e-01
1.193256225436925833e-01
1.177692029625177356e-01
1.079283166676759664e-01
1.265061616897583119e-01
1.187583476305007907e-01
1.215752016752958270e-01
1.152769256383180674e-01
1.133834375068545341e-01
1.156093481928110178e-01
1.133691886439919527e-01
1.350414279848337062e-01
1.023157626390457098e-01
1.239034585654735510e-01
1.092224445194005938e-01
1.066722366958856583e-01
9.805183038115501681e-02
9.812304507941008169e-02
1.071620766073465292e-01
1.005879398435354233e-01
9.639495331794023514e-02
1.342111177742481287e-01
1.247984074056148474e-01
1.214691057801246671e-01
