3.790885536000132561e-02
2.241765018552541872e-02
2.121084667742252280e-02
2.060421966016292433e-02
2.015439467504620552e-02
1.981975305825471947e-02
1.977109778672456880e-02
2.159028714522719453e-02
1.910592718049883981e-02
1.849031005986034870e-02
1.895821513608098030e-02
1.994743552058935235e-02
1.892975308001041551e-02
1.854273532517254283e-02
1.847711801528930525e-02
2.074051471427083154e-02
1.833276599645614763e-02
1.827520369552075932e-02
1.857769223861396174e-02
2.092886045575141976e-02
2.035923954099416733e-02
1.903675124049186707e-02
1.750603299587965081e-02
1.952221821993589332e-02
2.066871044225990911e-02
2.164212781935930321e-02
2.211003769189119270e-02
1.894892766140401225e-02
1.904506981372833252e-02
2.063076635822653701e-02
2.071024328470229964e-02
2.020777352154255052e-02
1.906129801645874838e-02
1.907034944742918084e-02
1.914051305502652983e-02
1.811340185813605647e-02
1.817630790174007416e-02
2.004664847627282004e-02
1.884189415723085473e-02
1.771211419254541466e-02
2.021117378026247163e-02
1.926560495048761437e-02
1.856323461979627470e-02
1.956547424197196960e-02
1.834030421450734069e-02
1.829465897753834724e-02
1.802118057385087083e-02
2.069196058437228203e-02
1.889595268294215133e-02
1.814884366467595100e-02
1.836120737716555665e-02
1.831735121086239954e-02
1.848570294678211073e-02
1.687490181066095968e-02
1.897813305258750846e-02
1.769607015885412554e-02
1.981328781694173882e-02
1.777579761110246320e-02
1.896632057614624361e-02
1.676368555054068635e-02
1.788545511662959983e-02
1.959761055186391016e-02
1.894619693048298428e-02
1.899670446291566034e-02
1.890768203884363174e-02
1.826470601372420788e-02
1.835151007398962836e-02
1.889411848969757557e-02
1.887742965482175350e-02
1.864335574209690163e-02
1.919901403598487516e-02
1.850054990500211646e-02
1.751168784685432772e-02
1.771417716518044333e-02
1.823908565565943857e-02
2.161539848893880705e-02
1.848138119094073703e-02
1.905725589022040298e-02
2.008638968691229751e-02
1.841807481832802296e-02
1.938344691880047183e-02
1.865515559911727975e-02
1.755996495485305856e-02
1.762214740738272598e-02
1.775928628630936076e-02
1.686941147781908373e-02
1.875800346024334569e-02
1.877301903441548278e-02
1.836885851807892184e-02
1.776891299523413251e-02
1.960810152813792159e-02
2.034674705937504838e-02
1.975442096590995789e-02
1.907722773030400346e-02
1.721075843088328700e-02
1.666527260094880988e-02
1.601046221330761771e-02
1.795307523570954800e-02
1.893177269957959513e-02
1.864264821633696695e-02
1.800592532381415506e-02
1.731255352497100899e-02
1.712073166854679446e-02
1.854248004965484281e-02
1.829967033118009428e-02
1.753546022810041974e-02
1.791768297553062578e-02
1.765792011283338209e-02
1.851269304752349923e-02
1.957640587352216244e-02
1.957656065933406284e-02
1.692563425749540190e-02
1.842599799856543472e-02
1.872966326773166726e-02
2.096778163686394830e-02
1.994507554918527673e-02
1.787315714173019071e-02
1.670602397061884264e-02
1.871056258678436418e-02
1.793844960629940172e-02
1.759461150504648685e-02
1.801182762719690661e-02
1.727695208974182675e-02
1.861063078977167468e-02
1.623893138021230767e-02
1.760005829855799606e-02
1.811268003657460351e-02
1.857953052967786789e-02
1.765454481355845789e-02
1.724814944900572231e-02
1.804408016614615987e-02
1.735110287554562231e-02
1.831807526759803365e-02
1.893519074656069279e-02
1.678947908803820471e-02
1.785758230835199356e-02
1.758286841213703086e-02
1.734045036137104104e-02
1.626644688658416410e-02
1.654791762121021748e-02
1.725930287502706190e-02
1.665784455835819106e-02
1.622874597087502549e-02
1.600371114909648895e-02
1.674981014803051879e-02
1.752933780662715296e-02
1.627109362743794918e-02
1.715076952241361211e-02
1.683305623009800911e-02
1.726861153729259898e-02
2.062524072825908800e-02
1.767497942782938342e-02
1.693340656347572942e-02
1.767909475602209499e-02
1.671137404628098011e-02
1.910048509016632964e-02
1.871229922398924897e-02
1.801419989205896993e-02
1.751687484793364863e-02
1.708042137324810097e-02
1.920870072208345075e-02
1.803302192129194875e-02
1.731795459054410319e-02
1.718394812196493218e-02
1.805370831862091949e-02
1.784446560777723859e-02
1.788448267616331647e-02
1.673401803709566663e-02
1.849575061351060867e-02
1.632122863084077904e-02
1.647499338723719051e-02
1.846381453797221045e-02
1.758401859551668098e-02
1.610734723508357863e-02
1.717185536399483750e-02
1.626335815526545187e-02
1.703313216567039351e-02
1.799796945415437291e-02
1.714794407598674297e-02
1.780073447152972360e-02
1.756068859249353478e-02
1.749414419755339692e-02
1.753261010162532330e-02
1.624352107755839755e-02
1.634107599966228008e-02
1.825278201140463283e-02
1.655081952922046046e-02
1.696228706277906964e-02
1.748096328228711943e-02
1.626069420017301967e-02
1.644115461967885633e-02
1.691021709702909132e-02
1.797902206890284946e-02
1.756298891268670559e-02
1.944263908080756664e-02
1.820734427310526440e-02
1.889700386673211913e-02
1.835974641144275804e-02
1.689815777353942394e-02
1.851845285855233808e-02
1.885153995826840262e-02
1.862568748183548312e-02
1.717943917028606077e-02
1.698886547237634520e-02
1.805588873103260855e-02
1.851972551085055013e-02
1.798185901716351648e-02
1.711987475864589284e-02
1.848355103284120629e-02
1.973980995826423238e-02
1.747975694015622278e-02
1.828819280490279198e-02
1.685733711346983771e-02
1.783839715644717355e-02
1.684416993521153927e-02
1.749200024642050266e-02
1.794674824923276832e-02
1.728244516998529365e-02
1.666432959027588229e-02
1.703705103136599064e-02
1.745656570419669082e-02
1.753046074882149558e-02
1.765667512081563542e-02
1.502797147259116173e-02
1.810995629057288170e-02
1.699541700072586606e-02
1.793031822890043397e-02
1.652417927980422835e-02
1.701906481757759979e-02
1.814165557734668394e-02
1.844023070298135211e-02
1.651734421029686997e-02
1.741253226064145426e-02
1.736720264889300008e-02
1.636852128431200842e-02
1.695544305257499357e-02
1.881038071587681770e-02
1.718714744783938000e-02
1.812894204631447861e-02
1.779709998518228670e-02
1.719844304025173326e-02
1.672769729048013618e-02
1.664185812696814676e-02
1.608180748298764298e-02
1.591961001977324625e-02
1.646026070229709287e-02
1.640737489797174792e-02
1.708468319848179678e-02
1.825844747945666244e-02
1.691329190507531027e-02
1.755453664809465339e-02
1.672417852096259525e-02
1.654203869402408669e-02
1.592204403132200380e-02
1.571491779759526253e-02
1.636385801248252392e-02
1.693037939257919719e-02
1.524540223181247711e-02
1.662664073519408772e-02
1.657075970433652401e-02
1.613013120368123055e-02
1.633994402363896439e-02
1.700252387672662735e-02
1.635458236560225626e-02
1.665743994526565006e-02
1.607625284232199261e-02
1.610195087268948694e-02
1.688407901674509118e-02
1.843096902593970368e-02
1.775428922846913199e-02
1.529739596880972351e-02
1.731730527244508197e-02
1.795101398602128029e-02
1.707597980275750091e-02
1.643226887099445005e-02
1.663960800506174634e-02
1.756177451461553643e-02
1.686003683134913375e-02
1.724747256375849108e-02
1.655135727487504552e-02
1.596439164131879807e-02
1.581839574500918527e-02
1.610232270322740217e-02
1.589695760048925877e-02
1.592398625798523495e-02
1.627104640938341687e-02
1.617971947416663170e-02
1.612100014463067194e-02
1.673780400305986335e-02
1.600282345898449560e-02
1.639156071469187806e-02
1.638773265294730594e-02
1.700753341428935458e-02
1.514786584302782978e-02
1.597938681952655246e-02
1.722126970998942921e-02
1.709898477420210977e-02
1.569542367942631383e-02
1.525467881001532112e-02
1.518435496836900711e-02
