3.072325054866572105e-03
1.568973204120993527e-03
9.035265577646593108e-04
9.749652934260665937e-04
8.316594137189289079e-04
8.202174018758038318e-04
8.249547759381433039e-04
7.720433447199562824e-04
8.026393014006316228e-04
9.369640223061045372e-04
7.246427703648805618e-04
7.732009922619909265e-04
6.825829215813428597e-04
7.331068123069901972e-04
8.054374018684029145e-04
7.819894507216910593e-04
7.286092072414855451e-04
7.882581674493848844e-04
6.746450691328694351e-04
8.121013136891027653e-04
7.936785502048829830e-04
7.362391799688339667e-04
6.877199086981514945e-04
6.003274776351948507e-04
7.868783509669204264e-04
6.713506979091713464e-04
7.564660103525966189e-04
7.554772814425329656e-04
6.641374047224719813e-04
7.718609335521857233e-04
7.751473225653171322e-04
7.034958379032711260e-04
6.674153807883461461e-04
6.978670018725097613e-04
6.259273155592382171e-04
7.679728112028290973e-04
9.267294158538182287e-04
9.202832356095313809e-04
7.605502478933583209e-04
7.454823760781436725e-04
9.432796893330911434e-04
8.830086366894344778e-04
9.217110772927601626e-04
8.702004134344558427e-04
6.971276539843529680e-04
7.705546799115836403e-04
6.875654294465978651e-04
7.709087260688344493e-04
7.698848824171970143e-04
8.709919289685785987e-04
7.433123750767360420e-04
5.817961073868598053e-04
7.132444297894835472e-04
6.975058175157755180e-04
6.961509100316713109e-04
6.218638736754655838e-04
6.613321291903654807e-04
5.732276670945187771e-04
6.637765502091497617e-04
7.745247567072510719e-04
6.740115699358284257e-04
6.879759700192759073e-04
7.502924204648782520e-04
7.845011151706178911e-04
7.188924724080909996e-04
6.622860208153724237e-04
6.563564180396497466e-04
6.938828077788154573e-04
6.608139180267850197e-04
7.489553187042474964e-04
7.512669467056791277e-04
7.268806279171257994e-04
7.608441131499906742e-04
7.014632535477479443e-04
6.232217206464459210e-04
6.179635248069341490e-04
8.034437390354772770e-04
7.388979739819963701e-04
7.045258651487528844e-04
8.537945454008877061e-04
9.626446058973670223e-04
7.454447758694489291e-04
7.750764566784103422e-04
7.555088144727051041e-04
8.620929205790161870e-04
7.886344838577012727e-04
8.109787110394487417e-04
7.237928492637972109e-04
6.599502249931295641e-04
7.185490045230835893e-04
5.732296442147344784e-04
6.969122604156533949e-04
7.489807127664486206e-04
6.909264173979560606e-04
6.818511077047636473e-04
6.362626794725656293e-04
7.065875145296255603e-04
5.803305849743386037e-04
5.602045624982565425e-04
5.051554830667252631e-04
5.422713972317675388e-04
6.763418981184562409e-04
7.619398801277081244e-04
5.661252924862007372e-04
7.050794665701687336e-04
7.472212581584851019e-04
5.976507750650246649e-04
7.230651584298660719e-04
7.266544193650285692e-04
6.836719034860531778e-04
7.740327777961890192e-04
8.355801304181417191e-04
8.366354353105028832e-04
6.699191212343673200e-04
5.696351154862593124e-04
7.073823789445061972e-04
5.732911561305324092e-04
6.783015521553655610e-04
6.695164154128482089e-04
6.285989909277608142e-04
6.757435253045211525e-04
8.138240392630298860e-04
9.683328292643030846e-04
6.857870146632194085e-04
7.010534250487883597e-04
6.914997395748893275e-04
6.905923287073771448e-04
6.498488733389724999e-04
6.040963295769566930e-04
5.966297583654522462e-04
7.101353025063872121e-04
6.943323959906895449e-04
5.589133710600435517e-04
6.513016899892439806e-04
4.682327174426366705e-04
5.415274548189094031e-04
6.967960003142555266e-04
7.107030289868513599e-04
7.160857281026740580e-04
6.639297838167598212e-04
5.871949950233101411e-04
5.921519788292546995e-04
5.986998051715394223e-04
5.947881417038540118e-04
7.131898639878878846e-04
6.523741564402977264e-04
6.164131336845457554e-04
7.309034951807310328e-04
6.803071999456733032e-04
6.255043340691675453e-04
6.890252407174557447e-04
6.562348591008533962e-04
6.897268739218513243e-04
5.903168096362302556e-04
6.255205060976247065e-04
6.944536813534796455e-04
6.768564111553132317e-04
6.953242972182730906e-04
6.136003794381394982e-04
6.999642141939451008e-04
8.197665486174325004e-04
7.360220615131159118e-04
6.496018497273326354e-04
6.852834388458480799e-04
7.170572062022984028e-04
6.084491110717256575e-04
5.712135074039300644e-04
5.660775078771014936e-04
6.892919288172075784e-04
7.114662633587917053e-04
5.306454161958148443e-04
5.888784828130156235e-04
7.505632723526408636e-04
6.494004473400612166e-04
7.663689631347854860e-04
6.201575102750212171e-04
5.659534382478644378e-04
5.819026361374805010e-04
5.701852011649558580e-04
5.716736855295796900e-04
7.178633842462052829e-04
7.243192657673110059e-04
7.170338009018451192e-04
7.236330343099932165e-04
8.314423554111272313e-04
9.388948945949475043e-04
6.659187492914497852e-04
6.620227902506788716e-04
6.474066273464510477e-04
7.424648230274518259e-04
6.807545782066881440e-04
6.744951727644851172e-04
6.468894561597456029e-04
7.062497432343661351e-04
5.724020127672701640e-04
5.086750451785822203e-04
5.635224884220709114e-04
5.581026275952656775e-04
5.104463780298829079e-04
5.219299190988142779e-04
5.098349686401585593e-04
5.718368377226094260e-04
5.243370134849101739e-04
5.466494437617560372e-04
6.661584076937288480e-04
6.438153660080085704e-04
7.056577480398118930e-04
7.685880370748539910e-04
8.107162546366452737e-04
6.676070663767556205e-04
6.720382565011581147e-04
5.810693197418004491e-04
5.571623061162729986e-04
5.927840635801354683e-04
6.453260371927172162e-04
5.882395489607006311e-04
5.745772796217352152e-04
5.829227506183087609e-04
5.274614998294661298e-04
5.554385289239387223e-04
4.881502536591142416e-04
6.366323194621751778e-04
6.980403772710512371e-04
7.154923339840024276e-04
6.381112441886215968e-04
6.712673367777218349e-04
5.642440364075203231e-04
5.738783938189347079e-04
5.754217815895875440e-04
5.662880333450933659e-04
5.531943150951216691e-04
5.314923434828718648e-04
6.549645680934190533e-04
5.974061069233964393e-04
5.932127232275281837e-04
5.493928639528651960e-04
5.444932593187938206e-04
6.035430783716340571e-04
6.073486312137295730e-04
9.268019969264666095e-04
1.036319384972254334e-03
7.508791711491843209e-04
7.067521180336674199e-04
6.389219216847171314e-04
7.543669334457565835e-04
7.096352055668830872e-04
1.010499188366035649e-03
7.573164029357333472e-04
8.570201927796006636e-04
6.437391411357869199e-04
5.627496265030155652e-04
6.146488420199602409e-04
5.755447355719904611e-04
5.819354516764482007e-04
5.518485442735255198e-04
5.326599367739011772e-04
6.015974814848353393e-04
7.199671100048969695e-04
7.634896940241257205e-04
7.125196008322139509e-04
7.302041999840487747e-04
7.813826591397325487e-04
6.879116641357541301e-04
6.010743556544185118e-04
6.999215382772187464e-04
5.944907839875668504e-04
5.532277088301876819e-04
6.049351533874869780e-04
6.235499691683799245e-04
6.990181456785649495e-04
6.733671606828768542e-04
6.033218659770984938e-04
6.255161269412685921e-04
6.663783977273851199e-04
6.616354105062783198e-04
5.767286173067986531e-04
5.137976724654436545e-04
7.180224716042478590e-04
6.426955107599497275e-04
6.281078618485480764e-04
7.134770935711761027e-04
6.192015095924337850e-04
6.817300745751708746e-04
6.395319573736439438e-04
6.173456786200404167e-04
6.836611001441876600e-04
5.612282664515077634e-04
5.840549032048633063e-04
5.146842352890720331e-04
5.976308564034601197e-04
6.576778444771965706e-04
5.929680153106649861e-04
5.949181038886308236e-04
5.294034141115844467e-04
5.233006901107728698e-04
5.354457845290501840e-04
6.191640917677432082e-04
6.251028215046971603e-04
6.201545242220163128e-04
4.901120225743701205e-04
