1.369204329947630583e-01
9.182712088028589792e-02
7.264903808633486892e-02
6.958514004945755282e-02
7.186565672357876633e-02
6.664538383483886719e-02
6.264789092044036056e-02
6.796712130308150968e-02
6.417191525300343369e-02
6.679581006368001672e-02
6.162675879895686964e-02
7.094961938758691244e-02
7.392920404672623236e-02
6.083991254369417595e-02
7.013083621859550476e-02
5.530734198788801737e-02
5.869071756800015721e-02
6.595506345232328427e-02
6.485407774647077017e-02
6.699156003693738926e-02
6.296788876255353384e-02
8.671524847547212866e-02
8.557831222812334326e-02
6.787618945042292462e-02
7.183755276103814813e-02
7.491030767560005743e-02
6.371450896064440039e-02
5.464679871996244026e-02
5.513449038068453378e-02
5.620255370934804096e-02
6.331418578823407028e-02
6.238397186001141959e-02
6.197040726741154942e-02
5.979539106289545602e-02
5.927554356555143900e-02
5.907678678631782254e-02
6.085922122001648227e-02
6.386684676011403217e-02
6.102705846230189329e-02
5.695915992061297006e-02
6.029129289090633115e-02
6.060969655712445531e-02
5.592802663644155098e-02
5.521841682493686815e-02
5.353137490650018010e-02
5.846035567422707552e-02
5.494875212510427070e-02
5.673957342902819639e-02
5.675682301322618889e-02
5.683046678702036864e-02
5.200683772563934049e-02
5.795374674101670676e-02
4.568064846098422727e-02
5.607464089989662448e-02
5.568432286381721358e-02
5.807356412212053703e-02
5.218669672807057375e-02
4.848104305565357347e-02
5.216018483042716980e-02
6.564599101742109311e-02
6.911926728983720791e-02
5.033521292110284401e-02
5.403507587810357088e-02
6.881391803423562992e-02
6.243853842218716893e-02
5.755456710855166164e-02
5.010529259840647287e-02
5.186015789707501544e-02
5.588134129842122627e-02
6.114212001363436566e-02
5.714230760931968828e-02
5.333381493886311941e-02
6.168219794829686575e-02
6.033600494265556335e-02
5.052623363832632608e-02
5.073793667058149742e-02
5.695891628662744927e-02
5.691627251605192728e-02
5.594624628623326434e-02
5.525298453867435317e-02
5.556480946640173640e-02
5.774838862319787297e-02
6.081414148211479465e-02
5.039920049409071789e-02
5.750585024555524005e-02
5.330842832724253660e-02
7.889185696840286810e-02
5.758362337946891507e-02
5.671174215773741589e-02
5.194482480486233705e-02
5.095845522979895043e-02
5.265395020445187702e-02
6.321902585526308072e-02
6.736940977474054071e-02
6.581666469573974054e-02
5.978337960938612944e-02
5.775111565987268991e-02
4.763828255236148695e-02
5.922375135123729428e-02
5.635897492369015827e-02
5.871954982479413165e-02
5.365931888421376222e-02
6.312035272518794204e-02
5.707627236843108853e-02
5.935917943716049333e-02
5.376769925157229291e-02
6.228439708550771031e-02
7.025451548397540491e-02
5.986931423346201347e-02
5.489715983470280780e-02
5.555822824438413216e-02
5.150182259579499239e-02
6.230764662226041112e-02
5.194809560974438661e-02
6.188305914402007779e-02
5.635217477877934450e-02
5.394676054517428404e-02
4.380602426826953749e-02
5.826513270537058559e-02
6.013939653833707405e-02
6.036237925291061679e-02
5.352892726659774780e-02
5.005139845112959590e-02
5.184430976708730154e-02
5.851325069864590778e-02
5.508975783983866698e-02
5.287696793675422668e-02
5.331211412946382927e-02
6.394385869304339276e-02
5.553742920358975543e-02
5.383624856670697623e-02
5.052181954185167717e-02
5.859760642051696500e-02
4.700314265986283574e-02
5.089805858830610819e-02
4.957702780763308115e-02
4.748428836464881758e-02
5.510363429784774503e-02
4.178472161293030063e-02
5.258731395006179671e-02
6.027381767829258913e-02
5.816837896903356148e-02
5.661515382428963794e-02
4.841344170272350589e-02
5.068797171115875522e-02
4.736535921692848483e-02
5.749711381892363277e-02
4.965887752672036581e-02
5.628436778982480460e-02
5.048782353599866324e-02
5.781491771340370456e-02
4.996122966210047450e-02
5.542787561813990183e-02
5.623988906542460448e-02
5.207060898343721794e-02
4.585066388050715314e-02
5.667219571769237241e-02
5.844784950216611041e-02
6.005671073993047032e-02
6.005530307690302300e-02
5.197135110696157051e-02
4.674789607524872104e-02
4.967832987507184161e-02
5.214574287335078245e-02
5.263632759451866011e-02
4.723137617111206055e-02
5.423662041624387198e-02
4.299287386238574704e-02
5.371286682784557481e-02
5.544575216869513518e-02
4.319427292793989043e-02
4.900273904204368453e-02
5.678995624184608737e-02
5.039277405788501057e-02
4.770631367961565561e-02
5.208760524789492197e-02
4.836786575615405898e-02
4.612767969568570131e-02
4.909638936320940422e-02
4.829724499334891313e-02
5.286657114823659076e-02
5.015757667521635738e-02
4.160223007202148299e-02
4.894655173023541861e-02
4.853316048781076975e-02
5.440167933702468733e-02
5.048734396696090421e-02
5.405201564232508388e-02
5.747269416848818646e-02
5.208469803134600090e-02
5.561086883147557669e-02
5.512747218211491718e-02
5.166023895144462863e-02
5.303472181161244386e-02
5.964911493162314282e-02
5.825685573120911731e-02
5.158597814540068216e-02
5.065180038412411823e-02
4.775198226173718585e-02
5.913894176483154574e-02
5.576281075676282201e-02
6.579761728644370478e-02
5.880438809593518251e-02
5.469818885127703673e-02
5.392896073559919762e-02
5.136081327994664741e-02
5.495950827995935845e-02
5.895928728083769249e-02
6.332071001331011917e-02
5.846091173589229584e-02
5.105013114710648531e-02
4.907952919602394382e-02
5.329922462503115105e-02
4.715365382532278604e-02
5.003767038385073529e-02
5.271095583836237636e-02
5.093872460226218229e-02
4.421022944152355055e-02
4.500242223342259401e-02
4.879702304800351276e-02
4.380349665880203108e-02
4.760175993045170917e-02
5.154368480046590123e-02
5.712722564737002240e-02
5.283624952038128847e-02
5.425746316711108075e-02
4.322933057943979807e-02
5.603029107054074281e-02
5.399469584226608554e-02
6.033771112561225891e-02
4.494805485010146956e-02
5.226945057511329928e-02
5.555854141712188859e-02
5.143302107850710597e-02
5.051448096831639284e-02
5.381901872654756142e-02
5.801348239183425765e-02
4.946835575004418506e-02
5.597512399156888419e-02
4.680446473260720802e-02
5.080141002933184075e-02
4.952830647428830418e-02
5.005210041999817033e-02
5.542585626244544983e-02
5.271853382388750481e-02
4.537656381726264815e-02
4.703686734040578299e-02
5.570106394588947296e-02
4.524830511460701393e-02
4.721780195832252225e-02
5.614967967073122845e-02
4.410379603505134444e-02
5.646656453609466553e-02
5.355028534928957945e-02
5.683963323632876263e-02
5.014661538104216165e-02
5.018347452084223614e-02
4.266251474618911604e-02
4.429615860184033665e-02
4.783370619018872255e-02
4.432614433268706328e-02
4.783376604318619052e-02
5.410067600508530750e-02
5.665152308841546469e-02
4.657050035893917084e-02
4.794998951256275455e-02
5.165854121247927255e-02
4.988924562931060930e-02
5.340978590150673860e-02
4.706865325570106645e-02
5.537470752994219647e-02
5.172793741027514186e-02
4.710511292020479884e-02
4.993549336989720755e-02
5.219128777583439960e-02
6.783446371555328092e-02
5.462500763436158729e-02
6.423022846380870010e-02
5.110073213775952888e-02
4.550501269598802162e-02
4.936399435003598762e-02
4.809241580466429300e-02
5.127421220143636021e-02
5.698312719662983888e-02
5.207479397455851144e-02
5.240660011768340926e-02
5.256000719964504242e-02
4.324599790076414513e-02
4.765238973001639095e-02
4.857995559771855626e-02
5.211081840097904483e-02
5.195533533891041889e-02
5.040507478018601412e-02
4.596130959689617018e-02
4.850532201429207796e-02
4.654231642683347159e-02
6.436556105812391015e-02
5.841147825121879855e-02
5.726113940278688974e-02
4.580378929773966379e-02
