1.000000000000000021e-03
9.977061911238770380e-04
9.995442176124154973e-04
9.999446345655539723e-04
9.999884530354306161e-04
9.999936603699946004e-04
9.999947359416935799e-04
9.999965395620863742e-04
9.999970186634742769e-04
9.999975441004243029e-04
9.999975001831785948e-04
9.999969836641511758e-04
9.999984395765186204e-04
9.999987332732405108e-04
9.999988541076147014e-04
9.999986348653345548e-04
9.999985073945922599e-04
9.999992292596686545e-04
9.999991114761463528e-04
9.999990921227229750e-04
9.999990407099541845e-04
9.999989953821499574e-04
9.999992688654016273e-04
9.999992159534327671e-04
9.999993058648971086e-04
9.999994463697184279e-04
9.999994589068742033e-04
9.999993619560206080e-04
9.999994109325680350e-04
9.999995765236876274e-04
9.999996280003141912e-04
9.999995685176354260e-04
9.999995867043017916e-04
9.999995948455459808e-04
9.999995643027526429e-04
9.999996714363862046e-04
9.999995374481152055e-04
9.999997265953035688e-04
9.999994393154211774e-04
9.999997299485513698e-04
9.999997361919117991e-04
9.999995374015224845e-04
9.999997013174282898e-04
9.999997112356117518e-04
9.999996080973249952e-04
9.999996768541639762e-04
9.999995942182797297e-04
9.999996749087056418e-04
9.999997129960750547e-04
9.999998001523893384e-04
9.999997621593604766e-04
9.999997610724373903e-04
9.999997357773837952e-04
9.999997583204150390e-04
9.999997825776317170e-04
9.999996294602173531e-04
9.999997562122693497e-04
9.999997344624304407e-04
9.999997390064234437e-04
9.999997992627622078e-04
9.999996998222829194e-04
9.999997713457605981e-04
9.999998382599207918e-04
9.999997491875990078e-04
9.999998173103425651e-04
9.999997699078400689e-04
9.999997288319436954e-04
9.999997457099442117e-04
9.999998381215124098e-04
9.999997949678475235e-04
9.999998293828442006e-04
9.999997895768161522e-04
9.999998018273600475e-04
9.999997632762385510e-04
9.999997978397195345e-04
9.999998573889088988e-04
9.999998357041232043e-04
9.999998409341130396e-04
9.999997998404006223e-04
9.999998032631201954e-04
9.999997697034679594e-04
9.999998215529039454e-04
9.999998010424464637e-04
9.999998045062696590e-04
9.999998632176194599e-04
9.999998076769198163e-04
9.999998431985501583e-04
9.999998363511522926e-04
9.999998383065796491e-04
9.999998531273772331e-04
9.999998597673331793e-04
9.999998323417921744e-04
9.999998573192903258e-04
9.999997973373006815e-04
9.999997442529278465e-04
9.999998584798123081e-04
9.999998524510428106e-04
9.999998292457481369e-04
9.999998161196322743e-04
9.999998591356188803e-04
9.999998277127604245e-04
9.999998532279113974e-04
9.999998784285420422e-04
9.999998358350141621e-04
9.999998565872502462e-04
9.999997913563562092e-04
9.999998864563214383e-04
9.999997963623286253e-04
9.999997197496842283e-04
9.999997584041124109e-04
9.999998229660027500e-04
9.999998007743297716e-04
9.999998632749392772e-04
9.999998839841928167e-04
9.999998421585650030e-04
9.999998930467529808e-04
9.999998375933634876e-04
9.999998516408642804e-04
9.999998836366548460e-04
9.999998390248336644e-04
9.999999101215494186e-04
9.999997967073985181e-04
9.999998459249992162e-04
9.999998555973057916e-04
9.999998403247803598e-04
9.999998426241136096e-04
9.999998644551471184e-04
9.999998326495598746e-04
9.999998628660007691e-04
9.999998809884851850e-04
9.999999008247449899e-04
9.999998840841475833e-04
9.999998528583990340e-04
9.999998464730863994e-04
9.999999035201255840e-04
9.999998622406101878e-04
9.999998200329075770e-04
9.999998872608707907e-04
9.999998395023093622e-04
9.999998680083417493e-04
9.999998075075670033e-04
9.999998664026183825e-04
9.999998885715771085e-04
9.999998792852159320e-04
9.999998601323625835e-04
9.999998928869509047e-04
9.999998806461817425e-04
9.999998496491137659e-04
9.999998104600563847e-04
9.999998933320403995e-04
9.999999075109653607e-04
9.999998920368145371e-04
9.999998816091714132e-04
9.999998775363778784e-04
9.999998850299175214e-04
9.999998763303105144e-04
9.999998112396406812e-04
9.999998666420802616e-04
9.999998833181949608e-04
9.999998975405897071e-04
9.999998829681334012e-04
9.999998936276281725e-04
9.999999033379874253e-04
9.999998469353522587e-04
9.999998681727918001e-04
9.999998713883556829e-04
9.999999111993613035e-04
9.999998919662789459e-04
9.999998654174320576e-04
9.999998607620190667e-04
9.999999034893064867e-04
9.999999105032868121e-04
9.999998983135727302e-04
9.999998920509241274e-04
9.999998918272180910e-04
9.999999021009717270e-04
9.999998029790557567e-04
9.999998403276894911e-04
9.999998469973755619e-04
9.999998519534300089e-04
9.999998825778819850e-04
9.999999003017674953e-04
9.999999292822278878e-04
9.999998762342775238e-04
9.999999128926107938e-04
9.999999140173235299e-04
9.999999035128466843e-04
9.999999073515548984e-04
9.999998882866574512e-04
9.999999109400500678e-04
9.999999053152000897e-04
9.999998701296817453e-04
9.999998280313554012e-04
9.999998939123906205e-04
9.999998051727534542e-04
9.999998935394326625e-04
9.999998406242140148e-04
9.999999183137912254e-04
9.999998932180439136e-04
9.999999120422859919e-04
9.999998898596979772e-04
9.999999026859770785e-04
9.999999029280972045e-04
9.999998946090657599e-04
9.999999033312072585e-04
9.999998797999836309e-04
9.999998873127682961e-04
9.999998810108733094e-04
9.999998924168128703e-04
9.999999236541680207e-04
9.999999084577167185e-04
9.999999205983010463e-04
9.999999020485423121e-04
9.999998662668029784e-04
9.999999186262023467e-04
9.999998977319589800e-04
9.999998837779138124e-04
9.999998210748481994e-04
9.999999059653401877e-04
9.999999058232327247e-04
9.999999229653002211e-04
9.999999218118778115e-04
9.999998986115136556e-04
9.999999066811393524e-04
9.999999226724168820e-04
9.999998902776381822e-04
9.999998990091417666e-04
9.999999096857912183e-04
9.999998891506523078e-04
9.999999063117878846e-04
9.999998986267941842e-04
9.999998659815259681e-04
9.999999060107431052e-04
9.999999045809224336e-04
9.999999299855780264e-04
9.999999197799001437e-04
9.999998873743869750e-04
9.999998987486162245e-04
9.999999203993354194e-04
9.999999172752413370e-04
9.999999114876291940e-04
9.999999039464488402e-04
9.999998977736103412e-04
9.999999125504023274e-04
9.999998682190306375e-04
9.999998954302688915e-04
9.999999166614825102e-04
9.999999257721979475e-04
9.999998762022540948e-04
9.999998973032118814e-04
9.999999115185103076e-04
9.999998963417364075e-04
9.999999255948931621e-04
9.999999292918052961e-04
9.999999239994350215e-04
9.999998782218592810e-04
9.999998827134534436e-04
9.999999099137672764e-04
9.999999201006468282e-04
9.999999175039405580e-04
9.999999112397103210e-04
9.999999335353804055e-04
9.999999170768024154e-04
9.999999151750645337e-04
9.999999195317718029e-04
9.999999051297022053e-04
9.999999204472415429e-04
9.999999228789131604e-04
9.999998732338559980e-04
9.999998639128250717e-04
9.999998842343024285e-04
9.999998837506337678e-04
9.999998518888291235e-04
9.999997680128539478e-04
9.999998762741748627e-04
9.999998993453773632e-04
9.999999355666262368e-04
9.999999278293568612e-04
9.999999313893581133e-04
9.999999255656101625e-04
9.999998858584305608e-04
9.999999054827249378e-04
9.999999085949619684e-04
9.999998868704684536e-04
9.999999170454312424e-04
9.999999003403330002e-04
9.999998678032887608e-04
9.999998489462758045e-04
9.999998956864309535e-04
9.999998937537664216e-04
9.999999066433679171e-04
9.999999209455879157e-04
9.999998493203964608e-04
9.999998850879420701e-04
9.999999353278740764e-04
9.999998512248144903e-04
9.999999016055221256e-04
9.999999119267805135e-04
9.999999283942708622e-04
9.999999097328150181e-04
