4.308926399486759894e-03
9.855213691480457349e-04
3.570374081997821801e-04
2.148387449172635801e-04
2.087655215291306431e-04
1.818490840378217453e-04
1.192147120794591868e-04
1.718817894773868151e-04
1.445951837619456224e-04
1.019348434056155329e-04
1.367166492855176275e-04
1.767133246175944697e-04
1.006560332219426867e-04
1.088628584208587851e-04
9.813417176095148289e-05
1.822678711808596922e-04
1.541331405557381737e-04
8.811925969591054275e-05
9.729628121325125116e-05
1.255811905139125775e-04
1.778422292166700002e-04
1.577077152129883477e-04
2.101460743385056781e-04
1.527977850249347678e-04
1.871997539031629689e-04
2.033096490777097534e-04
1.355644470701615088e-04
8.652107135276310146e-05
9.362688336598997676e-05
7.423708569452477360e-05
9.468738329208766782e-05
1.697616477031260675e-04
2.734895271714776646e-04
2.320933359442278689e-04
1.452124924981035292e-04
1.171914040848302363e-04
1.132097075848529673e-04
8.618052088422700492e-05
1.661633931992886003e-04
1.434471986916226681e-04
1.280049987447758498e-04
8.483085985062643615e-05
4.795612355034488124e-05
4.286487601348199086e-05
4.538472445953326830e-05
4.071224902872927758e-05
4.365774924129557790e-05
4.210162333038169755e-05
4.077801046757182501e-05
4.058404823202484282e-05
4.687104980500104436e-05
4.695380290892595956e-05
3.736525795829948173e-05
4.068117923452519016e-05
4.169861567788757113e-05
4.254933301126584275e-05
3.965445697152366060e-05
4.145151251577772200e-05
4.003726692947869319e-05
4.274901269430604893e-05
3.809156369243283096e-05
4.162955447100103173e-05
3.787734519088796210e-05
3.776461974969909656e-05
3.132975847014070889e-05
3.597340667814326467e-05
3.376376250040872824e-05
3.391528152860700949e-05
3.468427955037137888e-05
3.694684528454672545e-05
3.665387897247758959e-05
3.818731396070992044e-05
2.636155222717206857e-05
3.162928818104167734e-05
3.093262190911142957e-05
3.283195098144157524e-05
3.482379324850626425e-05
3.356381785124540329e-05
3.033696157217491418e-05
3.189329181623179737e-05
3.263013932155445354e-05
3.475896531502560842e-05
2.893286012598158126e-05
3.544538000520939809e-05
3.313610080416159038e-05
3.444315261731389639e-05
3.135536656676170681e-05
3.665602610756953241e-05
3.452913976313235633e-05
3.446846506752384160e-05
3.526860903851532778e-05
3.360206258851879406e-05
3.502176732581574334e-05
3.541875897402254470e-05
3.570493681763764742e-05
3.662413667674021129e-05
3.153644732568257618e-05
3.351459902963446058e-05
3.381357964826747775e-05
3.379326808499172601e-05
3.441837555631839936e-05
3.205042715611246951e-05
3.398530679987743497e-05
3.639713686425239119e-05
3.269406734034419331e-05
3.152639328618533909e-05
3.579330405045766383e-05
3.468777273762195241e-05
3.148708856315352023e-05
3.240529658796731247e-05
3.299954575292455563e-05
3.359830322248551069e-05
3.505736688869849908e-05
3.487590050402407800e-05
3.241650968751249440e-05
3.247852740363062489e-05
3.366000849685709393e-05
2.988587063252149680e-05
3.382648258896854700e-05
3.030804631028634694e-05
3.607654822796272644e-05
3.128791565056114463e-05
3.594968572239546907e-05
3.129657428265394248e-05
3.630477646462774570e-05
3.243478289126262994e-05
3.441787751701970714e-05
3.554676586645655198e-05
3.546416592143941400e-05
3.003069662857645457e-05
3.054706018398671146e-05
3.425864088058006018e-05
3.018978253142753018e-05
3.389315873694916521e-05
3.187527787910463683e-05
3.102877550797226709e-05
3.231972756717974851e-05
3.202871727504923014e-05
3.457381584060688633e-05
3.308093315960528724e-05
3.645504148153122514e-05
3.533196383311103104e-05
3.062884012858072962e-05
3.314578146576726143e-05
3.453188122269541951e-05
3.208838703964526229e-05
3.276061361248139428e-05
3.251119014748837934e-05
3.710341334226541086e-05
3.489843669134036632e-05
3.601444028997017737e-05
3.176211830577812953e-05
3.593989422370214151e-05
3.221486561718241848e-05
3.687079442897811803e-05
3.363925461599137770e-05
2.976530801485447744e-05
3.518878402246628228e-05
3.404738502770972839e-05
3.333930229321898091e-05
3.272897799130684431e-05
3.509385472473999090e-05
3.659236535895616087e-05
3.353142189250017116e-05
3.481810357091793260e-05
3.201807849109172957e-05
3.706544594024307755e-05
3.017086758821581891e-05
3.325828426265312889e-05
3.623423666188803631e-05
3.124173247973279361e-05
3.399706899169056140e-05
3.224121489135237806e-05
3.455820709253505933e-05
3.104360342452612700e-05
3.407530639378819750e-05
3.154898634723698325e-05
3.813650182564743134e-05
3.251374910178128901e-05
3.093364054317741525e-05
3.149655591793513727e-05
3.465791487542446567e-05
3.253130465357874921e-05
3.402948144260638523e-05
3.283172433536189072e-05
3.443769795315650828e-05
3.273960974183865027e-05
3.485232155071571198e-05
3.407075564609840512e-05
3.334729481139220162e-05
3.525196880218573050e-05
3.414398755315536238e-05
3.900893498212099211e-05
3.139563268632628295e-05
3.979043710084321508e-05
3.318562788384345761e-05
3.475695799958581906e-05
3.256526554954082970e-05
3.188784333663837183e-05
3.076011804902615827e-05
3.135712674217454028e-05
3.078055900308148134e-05
3.125566957654276197e-05
3.237473586826429832e-05
3.745154002293323567e-05
3.493994227028451589e-05
3.515893428508813499e-05
3.312178826793873288e-05
3.397328570523919933e-05
3.398133279309452641e-05
3.195130229869391634e-05
3.121239242318551852e-05
2.985919903342922687e-05
3.276719617133494738e-05
3.672410991081657554e-05
3.516899608560682540e-05
3.214781827409751713e-05
3.359453464023924303e-05
3.006813567481003769e-05
3.208018788427580284e-05
3.312770677439402518e-05
3.475221783446613835e-05
3.071400048308229469e-05
3.092772458330727843e-05
3.439568463363684985e-05
3.288991138106212020e-05
3.610579988162498650e-05
3.259918776166159660e-05
3.798320188555711214e-05
3.612282913915502302e-05
3.251986345276236534e-05
3.369256531489858009e-05
3.358586824712498509e-05
3.469148856917551724e-05
3.207012135438466050e-05
3.389557277841959013e-05
3.322652604159278265e-05
3.412086698517668992e-05
3.163400312284162799e-05
3.532870384030199073e-05
3.056311543332412568e-05
3.664866853796411577e-05
3.382608823206586368e-05
3.266834961929513672e-05
3.236400116293225573e-05
3.244511487234073697e-05
3.826043321168981764e-05
3.387529892885747371e-05
3.108781784249004248e-05
3.322132300430287601e-05
3.107681392672626832e-05
3.050169483079419737e-05
3.402001141997364615e-05
3.918719812645576894e-05
3.485971246846020493e-05
3.294402570948781051e-05
3.299780801171437041e-05
3.436169730169543466e-05
3.343199702309599948e-05
3.401012448496961571e-05
3.150625367804119894e-05
3.218689683611349739e-05
3.297117873444221778e-05
3.128494039022674254e-05
3.338477011614789249e-05
3.055007206664110404e-05
3.257199496147223088e-05
3.326266244888150398e-05
3.597996425620901404e-05
3.177022081217728826e-05
3.059272845954789244e-05
2.919048505039730510e-05
3.497793028752009390e-05
3.506906056524409647e-05
3.394590373015186484e-05
3.246381578113262536e-05
3.398902820966517022e-05
3.682689360478737792e-05
3.160487200754384109e-05
3.589269884590370050e-05
3.316988489435364758e-05
3.213798093687122157e-05
3.015563937272721235e-05
3.074795980258689798e-05
3.118836975772865388e-05
3.060321129548052721e-05
3.512666650446286956e-05
3.316351818890931751e-05
3.401887673438371289e-05
3.502631176767560659e-05
3.696576362320532085e-05
3.732770625598884193e-05
3.501574222658140054e-05
3.268599515043509594e-05
3.587085047911387208e-05
3.099361886900927476e-05
3.363389429675104763e-05
3.223979365429840982e-05
3.565161314327270064e-05
3.328458806208800660e-05
