1.525088032086690248e-01
6.796133369207382757e-02
2.368500555555025713e-02
1.081645330414176057e-02
8.014612738043070186e-03
7.303160646309455120e-03
5.921284233530362331e-03
5.496115408216913599e-03
4.988334948817888491e-03
5.032738919059435469e-03
5.528282063702742548e-03
3.976229826609293562e-03
3.582545307775338549e-03
3.407392216225465023e-03
3.719101008027791803e-03
3.888863868390520298e-03
2.794500719755887812e-03
3.000438554833332726e-03
3.032939632733662894e-03
3.117634262889623468e-03
3.190440467248360345e-03
2.721753863928218827e-03
2.818519948050379753e-03
2.651991827102998748e-03
2.368427448285122770e-03
2.341456936361889073e-03
2.542585002568860907e-03
2.443051803857088002e-03
2.071403564574817759e-03
1.941428678886344093e-03
2.090892397488156983e-03
2.046353222491840377e-03
2.026098081842064857e-03
2.101079894540210623e-03
1.824567288470764883e-03
2.164862852077931252e-03
1.664382467667261745e-03
2.383468812331557187e-03
1.654144337711234815e-03
1.634911315826078357e-03
2.164971882787843603e-03
1.739622796109567071e-03
1.710495612739274928e-03
1.992687835202862964e-03
1.809461857192218304e-03
2.027665893547236746e-03
1.814900501631200270e-03
1.705273590050637679e-03
1.422982705601801533e-03
1.552362619743992943e-03
1.555905696780731208e-03
1.636195299215614752e-03
1.564840681385248856e-03
1.484233583323657556e-03
1.937615390246113156e-03
1.571650834133227724e-03
1.640261663123965307e-03
1.626166670272747748e-03
1.426146412268281026e-03
1.743971463292837230e-03
1.522088037260497639e-03
1.280144411915292444e-03
1.594133353016028700e-03
1.360526863330354394e-03
1.526866457425057888e-03
1.657560584135353565e-03
1.605147084531684731e-03
1.280692033469677058e-03
1.441322371829301162e-03
1.314805428652713638e-03
1.460148196201771498e-03
1.417006979075571002e-03
1.548713453424473705e-03
1.431192519764105421e-03
1.202061780107518008e-03
1.290219114162027923e-03
1.269517419859766917e-03
1.424093005092193784e-03
1.411864541781445315e-03
1.527544402051717043e-03
1.344636459058771430e-03
1.419810415245592551e-03
1.407396797245989272e-03
1.177240558899939104e-03
1.395937082512924967e-03
1.260448703154300578e-03
1.287676040859272097e-03
1.279959750051299716e-03
1.219889696221798572e-03
1.191995824531962402e-03
1.303354479993382989e-03
1.202355150599032597e-03
1.432969851884991017e-03
1.609739055857062253e-03
1.197455369401723233e-03
1.222695208465059656e-03
1.315333566162735311e-03
1.364953392961372990e-03
1.194677633854250012e-03
1.321224736360212138e-03
1.219472118342916070e-03
1.109854248352348848e-03
1.289705066786458023e-03
1.205435616429895119e-03
1.453960880947609800e-03
1.072584744542837230e-03
1.436412590555846604e-03
1.685090394069751205e-03
1.564569693679610960e-03
1.339301878275970603e-03
1.420766767114400820e-03
1.176993867071966402e-03
1.084198292422418721e-03
1.264621755884339340e-03
1.040991353026280743e-03
1.282779542574038166e-03
1.226047469147791436e-03
1.085820994921959850e-03
1.277113748559107354e-03
9.542846159699062795e-04
1.435195053151498180e-03
1.249442365951836022e-03
1.209588880495478767e-03
1.271946662260840279e-03
1.262755397086342277e-03
1.171902962960302916e-03
1.302157656755298333e-03
1.178752720200767221e-03
1.098106917925178961e-03
1.002424788506080765e-03
1.083731139078736262e-03
1.221006220051397851e-03
1.247218080485860406e-03
9.887090263267358722e-04
1.181437474830696922e-03
1.350351062137633649e-03
1.068777920833478400e-03
1.275218289811164054e-03
1.156440730361888705e-03
1.396551553625613451e-03
1.163453713525086728e-03
1.062546945953120889e-03
1.105936946502576257e-03
1.190443414573868087e-03
1.041768751262376735e-03
1.099684983879948728e-03
1.234249995710949002e-03
1.385799865238368424e-03
1.039602054515853568e-03
9.680443559773266532e-04
1.045894743098566958e-03
1.095239670636753183e-03
1.113919191993772984e-03
1.079300944305335583e-03
1.119390898384153800e-03
1.382947006883720629e-03
1.162410550750791983e-03
1.087305801532541727e-03
1.018887092747415004e-03
1.088935614097863349e-03
1.038160632985333631e-03
9.896418467784920316e-04
1.245338993612676859e-03
1.155720094296460452e-03
1.141537760850042018e-03
9.485455229878425598e-04
1.046236344457914533e-03
1.167735659206906983e-03
1.187760821388413610e-03
9.888669281887510400e-04
9.522559101848552697e-04
1.015036428968111660e-03
1.045826397603377656e-03
1.046909485012292862e-03
9.959541028365492387e-04
1.412883455244203423e-03
1.271935075055807786e-03
1.245086655641595551e-03
1.224755259075512460e-03
1.090749671372274630e-03
1.005064339066545197e-03
8.464755490422248407e-04
1.119825434094915686e-03
9.394585698222120964e-04
9.333738164665798202e-04
9.887463219153383356e-04
9.688782389275729873e-04
1.063904530989627116e-03
9.499294605726997347e-04
9.794680343475192352e-04
1.147110061720013662e-03
1.320002561745544202e-03
1.036770106293261095e-03
1.404995676906158541e-03
1.038590923417359547e-03
1.270753482822328893e-03
9.097551092660675952e-04
1.040157419629394921e-03
9.440328363173951416e-04
1.056387531571090308e-03
9.929739326859513340e-04
9.917378891259431405e-04
1.033360274353374965e-03
9.896765540664395275e-04
1.103576387201125322e-03
1.068531896453350739e-03
1.098003626490632765e-03
1.044052501674741420e-03
8.795140854393442616e-04
9.630769840441643975e-04
8.969433838501572609e-04
9.962207560117045460e-04
1.164044948139538382e-03
9.080137514198819869e-04
1.017935131676494988e-03
1.085161730103815581e-03
1.346436379632602164e-03
9.760995511896908066e-04
9.768368249448637457e-04
8.834730988989274213e-04
8.900625427486375408e-04
1.013548311311751517e-03
9.723773808218538327e-04
8.851509735298653588e-04
1.054381334688514384e-03
1.011558878235518889e-03
9.565951496673126943e-04
1.059782408022632173e-03
9.742997916570554249e-04
1.013471931219100909e-03
1.165285846218466672e-03
9.758638761316736033e-04
9.832585715533544331e-04
8.422555595946809017e-04
9.015539738660057747e-04
1.068239713398118915e-03
1.012862793868407650e-03
8.980664657428860881e-04
9.155201085377484126e-04
9.470046691906949246e-04
9.865221645062169017e-04
1.017727819271385713e-03
9.413021306196848624e-04
1.155517389997840014e-03
1.029326444646964543e-03
9.189100858444968715e-04
8.672282837020854228e-04
1.119970297440886454e-03
1.020066688458124739e-03
9.468394545062134736e-04
1.024830636257926565e-03
8.682634215801954269e-04
8.464182261377573230e-04
8.775230710549900785e-04
1.110797274547318646e-03
1.090119817915062139e-03
9.553870419040322521e-04
8.997498118939498916e-04
9.142537193838507371e-04
9.483299994220336640e-04
8.206262292029957483e-04
9.166175189117590442e-04
9.270686656236648776e-04
9.029471936325231827e-04
9.804270075013240757e-04
8.977961823499451153e-04
8.839683257974683805e-04
1.133317973775168361e-03
1.174245045209924322e-03
1.083028991706669244e-03
1.085289078764617356e-03
1.225022443880637414e-03
1.533141025962928873e-03
1.119644924377401598e-03
1.009873549143473206e-03
8.079892218423386126e-04
8.551266083183388421e-04
8.337692483716334195e-04
8.684342610649764538e-04
1.075405010487884196e-03
9.786011689963439956e-04
9.623547647303591244e-04
1.070626848377287344e-03
9.167908884895344503e-04
1.004869929359604929e-03
1.157338665022204349e-03
1.237131476712723588e-03
1.028064912922369836e-03
1.037544916228701685e-03
9.725741498793164528e-04
8.949797096041341984e-04
1.235598500352352944e-03
1.079028552824941745e-03
8.094848046312109070e-04
1.227765394529948661e-03
9.984710952267051177e-04
9.446524820911387458e-04
8.517732911665613525e-04
9.563460829667746804e-04
1.029213521784792416e-03
