3.771952834601203543e-03
1.631845564891894586e-03
1.341081014834344300e-03
1.083305427649368944e-03
8.803923265077173710e-04
9.853884422530731577e-04
8.380281971767545180e-04
8.465880178846419074e-04
9.347445215098559640e-04
8.718079188838601112e-04
8.601923861230412758e-04
9.320273355115204616e-04
1.433691820905854319e-03
1.400858559645712419e-03
1.082564071596910527e-03
1.189898245502263264e-03
8.635887876152992465e-04
7.112836930900812583e-04
6.972924573346972032e-04
8.481966874872644453e-04
8.761198221084972367e-04
6.947867960358659932e-04
9.326053278831144102e-04
8.447356599693496733e-04
7.651606613459686294e-04
7.993727340362966061e-04
7.934294951458772168e-04
8.830669297215839588e-04
8.839497847172120846e-04
7.521177428619315371e-04
7.339467643760144927e-04
7.390914077404886050e-04
8.147756879528363040e-04
7.928973801123599717e-04
9.570415869044761369e-04
7.155027376332630858e-04
8.397640970846017563e-04
9.059690327073137038e-04
8.054958753443013141e-04
6.506180662351350496e-04
7.110635148516545332e-04
8.278719188335041711e-04
7.021430724610884695e-04
8.646294552211960301e-04
9.967588392707207780e-04
9.881431178655475378e-04
1.129777655781557090e-03
9.802095553216835008e-04
1.009858240528652964e-03
8.360435089950139613e-04
7.614814133072892680e-04
7.833077145429948821e-04
7.802337117027491114e-04
7.802481142183144815e-04
7.000817393418401046e-04
8.011673169676214023e-04
1.030644875330229571e-03
9.731709763097266212e-04
7.873039595627536304e-04
8.651556641173859148e-04
7.619927132812638788e-04
8.557208658506472833e-04
7.781271783945460825e-04
5.454358179122209549e-04
6.012223602738231421e-04
6.723776071642836296e-04
9.695057136317094528e-04
8.455159142613411383e-04
7.996145597038169630e-04
7.010028328901777737e-04
7.121826134001215010e-04
6.355442067918678486e-04
6.968893828646590457e-04
7.547316859321047573e-04
6.783287855796516375e-04
6.438422831706702276e-04
6.557504045000920332e-04
7.161737594287842512e-04
6.389257847331464507e-04
5.818296825358023608e-04
7.023993918361762798e-04
8.878969975436727712e-04
9.345987734074393547e-04
7.141615749181558833e-04
6.992722997286667137e-04
7.251309075703223257e-04
7.670477575932939558e-04
6.529331711741785281e-04
9.746470178167025754e-04
8.977614925242960453e-04
6.078162579797208743e-04
6.406544009223580794e-04
7.763031462673097849e-04
7.770628338524451220e-04
9.558258384155730696e-04
9.353753644973039844e-04
6.040830368874595003e-04
7.438685085314015186e-04
6.990653889564176545e-04
8.304035756736994223e-04
8.313302513367186062e-04
7.560714477828393235e-04
6.399540482865025961e-04
7.029903683966646447e-04
7.418646554773052028e-04
7.438841431091229627e-04
8.476270285124580138e-04
6.564545969013124488e-04
7.294456513288120718e-04
8.601455910441775611e-04
9.577148244716227271e-04
1.165378714601198861e-03
8.095314726233482795e-04
7.385718403384089253e-04
6.200778414495288892e-04
5.675788134491692493e-04
8.077618316747247956e-04
9.310449919818589723e-04
7.611806232792635686e-04
6.617473865238328702e-04
6.477877846919000366e-04
7.190543071677287564e-04
6.463127249541381850e-04
7.996908854693174796e-04
8.665809795881311388e-04
7.388042460661381917e-04
7.207448633077244036e-04
6.678260532983888676e-04
7.564859270739059159e-04
7.322255987673997879e-04
7.939818780869245963e-04
7.809680459710459204e-04
7.492886759185542807e-04
7.567911486451824651e-04
6.993076841657360323e-04
8.928487931067744963e-04
7.451316496978203962e-04
7.544979763527711160e-04
6.917091455155362396e-04
6.695109691160420866e-04
7.096504462727656328e-04
6.094497667315106103e-04
5.564460472669452862e-04
7.310677649608502641e-04
6.856859642236182726e-04
6.082838517613708973e-04
6.921774474903941154e-04
6.998265472551186807e-04
6.816466513555497365e-04
6.786290400971968680e-04
9.380149849069614699e-04
7.738304208032787063e-04
6.661131260140488834e-04
7.114465270812313268e-04
6.523406327081222823e-04
5.401009441508600965e-04
5.752950402287145383e-04
7.674892840441316366e-04
8.227771186890701959e-04
9.151402899685005419e-04
8.843172302780052388e-04
6.876368192024528763e-04
6.614839929776887171e-04
8.974841679446398995e-04
1.061096213137110045e-03
8.786821349834402113e-04
6.812912994064390876e-04
6.448864121921360059e-04
7.162038896543283968e-04
7.283947760394464009e-04
6.610732040523240602e-04
7.568769079322616765e-04
9.524222385759155028e-04
8.748970770587524140e-04
7.284742702419558799e-04
5.897861478539804907e-04
7.650009045998255484e-04
9.847784182056783762e-04
6.566217809449881749e-04
5.645840583990018079e-04
5.350402207113802433e-04
6.470842927228659391e-04
6.466180124940971823e-04
5.857954422632853046e-04
5.631902759584288308e-04
7.120136559630433791e-04
5.481996127249051838e-04
5.656090002351750641e-04
7.383312331512570381e-04
6.101317703723907471e-04
6.685028783977031708e-04
7.251792781365414171e-04
6.623662736577292428e-04
6.959928723517805338e-04
7.031911945280928901e-04
6.757768317280957952e-04
6.924802107581248031e-04
6.024939725951601772e-04
6.996240680261204712e-04
6.303821845601002448e-04
6.608616017426053972e-04
6.670820041714856877e-04
7.644948665983975367e-04
6.461974349804222801e-04
6.650771945714950128e-04
6.299801675292353124e-04
5.382123325640956633e-04
6.548386474605650143e-04
6.553417828399687789e-04
6.577710950902353020e-04
6.016861724977691462e-04
5.282359333553661397e-04
6.250196699208269155e-04
7.273716231187185013e-04
7.125864872553695946e-04
7.291594462003559091e-04
5.510211922228336334e-04
5.904040124733000560e-04
6.688081310130655332e-04
7.076129433698952632e-04
5.552730464842170911e-04
5.699382551635304725e-04
6.828393534912417838e-04
6.343471254998196869e-04
6.369956575023631110e-04
5.264990167537082722e-04
5.830002987446884603e-04
6.189956290957828507e-04
7.999446126632392840e-04
5.235469744851191766e-04
5.854758298179755247e-04
6.107927435853829131e-04
5.329934336865941756e-04
4.583889890151718999e-04
4.963877164603521354e-04
6.768680643290281729e-04
6.890635762829333327e-04
7.925343272897104278e-04
7.366928951038668408e-04
5.856085646276672609e-04
6.518837957022091114e-04
6.593031187852224076e-04
7.573033372561137387e-04
6.208904805437971642e-04
5.641031874498973362e-04
7.558668265119194551e-04
9.861294839841625113e-04
7.477806376603742368e-04
7.919627416413277821e-04
6.770798354409635067e-04
6.653048078684757009e-04
6.593964101436237350e-04
6.919212949772676194e-04
7.555319248543431072e-04
8.011083060409873941e-04
6.282801662261287227e-04
6.136488411963606730e-04
6.306319575135906465e-04
5.713843546497325175e-04
6.564664382797976263e-04
6.644023465923965194e-04
5.793748617482682431e-04
4.978274790725360386e-04
5.599109281320124865e-04
4.935209639370441220e-04
6.157736992463469288e-04
5.726572436590989358e-04
4.517204069998115301e-04
6.534558856704582482e-04
7.349613394277790821e-04
6.232192623429000594e-04
4.917595341491202586e-04
6.052559552093346625e-04
5.965120023271689451e-04
6.610882623742024393e-04
6.093187296452621474e-04
6.376924226060509899e-04
5.930836574407294609e-04
4.760384908877313137e-04
5.911044097350289569e-04
7.120751368347554965e-04
1.130403275601565751e-03
8.293120617357392600e-04
8.422438229899853034e-04
8.583661983720958233e-04
1.061645611965407986e-03
7.791039611523349791e-04
7.403579501745600989e-04
9.202551872779925158e-04
7.583945562752585122e-04
7.730555080343037844e-04
5.843430621704707832e-04
5.983519309666007974e-04
5.255147116258740425e-04
6.382684689015150504e-04
6.273940186171481645e-04
5.506825284101069407e-04
5.626369810973604014e-04
4.878220614045858492e-04
5.011080938857048750e-04
