3.382385187586279315e-03
1.486700086388736963e-03
1.084314604093761843e-03
1.196402615230334398e-03
9.402952824817283929e-04
9.201205669485620648e-04
8.303249457017763437e-04
8.810295671298119411e-04
1.137323784764463896e-03
1.006745001129609940e-03
9.187038445624670429e-04
1.109675979119186407e-03
8.672086466839047311e-04
8.000666214349238040e-04
7.276942503123887390e-04
7.675095740093016653e-04
7.787398123917611478e-04
9.232353247506054281e-04
9.471755352263388052e-04
8.777646121176841841e-04
9.297818699116376998e-04
7.735220010784503832e-04
8.472624528957041143e-04
1.022473299312160215e-03
8.862661228417174041e-04
7.774155390890021130e-04
8.212505980688882901e-04
8.038995713975868613e-04
9.155330297194028870e-04
7.082972718451760203e-04
7.620745271101201550e-04
6.654395930174933837e-04
6.615316041892296047e-04
7.114504834661554292e-04
7.385428164668969304e-04
7.143399561755359173e-04
8.912492469933472067e-04
7.163417681831082745e-04
6.979688432214683266e-04
6.558652486618436620e-04
6.367542128397250204e-04
6.442999981931949631e-04
5.620962336634923026e-04
7.084928763920048849e-04
6.252878979706254616e-04
7.876104378067937508e-04
7.082954551534433171e-04
8.215117712480653330e-04
7.568474071664049209e-04
6.085111358276519165e-04
7.915903728357271373e-04
8.657347061671316624e-04
8.975874807219952345e-04
7.508267437132369474e-04
6.936766041785871013e-04
8.516460274174613787e-04
7.565568230347707868e-04
6.520205106904828577e-04
7.966302831559197127e-04
7.675396964738243847e-04
7.260310414590333923e-04
6.954362386175872920e-04
7.204628475990734488e-04
7.022984515826561063e-04
6.874221649731656952e-04
6.145524844453719273e-04
5.984087007451116026e-04
5.438034254199776039e-04
6.362172938871049838e-04
6.038252322468906641e-04
6.537884956311532884e-04
1.100197075988705152e-03
7.498030854070460768e-04
6.801833867365004657e-04
9.411971734248494132e-04
9.819506790096823451e-04
8.718456405116931617e-04
9.748674316429777921e-04
8.683007939620629966e-04
7.425553003007447691e-04
8.948456900390354754e-04
7.753480688399193646e-04
8.691635103834988640e-04
8.185739800530044200e-04
8.395579122742148279e-04
7.855988882702627735e-04
7.956129143406686201e-04
6.412026410352586253e-04
6.132863544687433078e-04
5.495831819165399642e-04
5.481128119802298115e-04
7.409537119153691365e-04
6.538066173609541820e-04
6.652597769157422109e-04
5.946105643249067650e-04
7.348469654588322833e-04
8.031183694440283388e-04
7.022987181124719022e-04
7.535076966680782007e-04
7.264569040240818291e-04
6.357864522693777113e-04
7.850448631583468138e-04
7.615649113799200474e-04
6.492706796914143397e-04
6.927496073522457437e-04
7.943309426895881669e-04
6.927357753738760948e-04
6.773890498535413548e-04
7.618308851593418897e-04
8.069660382859996945e-04
8.132670880417878405e-04
8.272401510590785770e-04
8.463666584391734988e-04
6.470655153909893797e-04
5.956530267691338091e-04
5.664259415904158382e-04
6.559858064926965071e-04
5.497555999011781826e-04
8.467063215855313374e-04
6.464110977647482843e-04
6.812046232976411804e-04
5.564362325362468735e-04
6.361258810533112259e-04
6.310230375292073682e-04
5.646527723384727046e-04
6.342076889459827499e-04
5.334293696490165606e-04
6.220575458811301991e-04
5.755019649912259967e-04
6.565891396205284208e-04
5.223640090614361598e-04
7.270756882223251448e-04
6.315783416778829708e-04
6.420077613591658114e-04
5.975253466443207874e-04
6.665065501645011737e-04
6.093241161005081771e-04
5.295986874874582858e-04
5.484872963279485703e-04
5.825386263160524727e-04
5.506417349495581776e-04
5.273123376690292893e-04
6.724664570739198729e-04
9.462672705443477602e-04
6.986516129568611606e-04
6.265282312310055911e-04
7.746912566577329219e-04
5.616534824519859789e-04
6.138098443012782960e-04
5.685718267494322894e-04
6.793906252010186537e-04
7.442436763085424900e-04
5.641793633051412271e-04
5.570969224208965898e-04
7.404660466004555448e-04
7.850000861492988482e-04
6.266479551988212229e-04
7.934216991998255253e-04
1.292896037308597160e-03
8.899495250692492695e-04
6.543174876194251611e-04
5.683531313766970218e-04
6.485195144226676197e-04
6.337276227943794893e-04
5.966283236997888505e-04
8.430682569987288160e-04
1.006818088506789607e-03
1.327933176837273231e-03
1.582366077376431632e-03
1.400703404981054655e-03
1.313796717256895908e-03
1.025756382947101393e-03
1.075166335795074701e-03
7.713315043426854445e-04
5.841794359424200668e-04
6.352791005108309819e-04
7.973228149287598298e-04
8.711364659431733697e-04
7.735596798164280294e-04
6.082401424033665686e-04
6.325579521025678558e-04
6.846265306720804170e-04
8.741454481710924686e-04
8.217403910269862385e-04
8.839754828889118598e-04
7.242231038521582858e-04
6.204225570208540602e-04
7.259780510426743806e-04
7.080052210336649447e-04
6.292450738041416823e-04
5.764441831208961175e-04
5.440101392052479595e-04
5.604129401035606861e-04
5.686007973149811252e-04
5.075602032440272929e-04
5.332459910086503668e-04
6.139086464444469407e-04
5.652068847618801429e-04
6.307147712887902066e-04
6.532166260417158381e-04
6.375565901276116594e-04
6.283166478265469297e-04
5.942123412081089630e-04
6.223326536679738789e-04
6.190819304289394646e-04
7.112308169445512654e-04
6.550620830813912512e-04
6.941466249133411036e-04
5.264728794205247343e-04
6.542682347476089970e-04
5.817610531506177797e-04
4.731636451508261770e-04
6.196638722413856789e-04
7.055027174493787648e-04
9.761319379322230816e-04
9.113032873229760930e-04
6.406092480143630533e-04
6.486394650940047668e-04
8.328076479588880122e-04
7.675753777699643402e-04
6.533316229347532018e-04
6.010877336130329924e-04
6.391181841057626874e-04
6.867668769126268266e-04
5.976300989890372724e-04
6.405591128369499251e-04
5.589027944216994406e-04
5.235514407487292096e-04
7.757561336467532279e-04
9.980554980421928526e-04
7.552683543364860624e-04
7.514110613173167899e-04
7.313883581541871055e-04
5.054949487155107691e-04
6.159646896106240168e-04
7.718409240049751638e-04
6.096866885567770421e-04
5.937333672160381107e-04
9.469197094930629924e-04
1.350913147785161739e-03
7.974795421193304644e-04
6.283358686088927596e-04
6.002549749897106469e-04
6.453202682008084669e-04
5.771253843130054115e-04
6.247743670093385340e-04
7.747811369450861244e-04
6.971713446546345949e-04
7.064031057157798589e-04
6.065311930509970605e-04
6.484157286314783455e-04
5.621345465586177498e-04
4.762442289287910878e-04
5.201172393035927372e-04
6.436252381382999779e-04
4.691705475316235922e-04
5.195590875748740600e-04
5.243890976233064622e-04
5.865087962439773442e-04
6.331501599082624884e-04
7.974311654259892343e-04
5.431484199729503214e-04
8.395213226322084665e-04
9.530851645027532161e-04
6.791171770984012887e-04
7.506222548392159702e-04
7.484416648941604258e-04
8.325204130654272451e-04
8.210841563260672452e-04
7.711213700914461419e-04
7.808668597135692835e-04
6.567239079710194497e-04
5.432117522056950166e-04
6.198712125249011351e-04
6.493063939208360480e-04
7.609256748477683484e-04
7.418482487800678654e-04
6.559472952319897205e-04
6.700258389556486413e-04
9.280721546689930544e-04
7.096631329898771658e-04
7.537818271789307372e-04
6.721319621551389472e-04
6.214933436192376448e-04
8.636136373848115428e-04
8.050836224452053531e-04
1.098916020342393914e-03
8.396186075467420651e-04
8.544927527270230637e-04
8.145084307455506935e-04
6.596523468799300998e-04
6.193715763449864553e-04
5.903982505275818691e-04
6.821131039606896998e-04
6.141839411085177466e-04
5.491271409769787372e-04
7.963484018354824228e-04
6.177200672314747155e-04
8.458713051176777525e-04
6.706763830918230623e-04
