5.651127249002456665e-01
1.836882414002167507e-01
1.421431228518486023e-01
1.266517098012723552e-01
1.201374099442833326e-01
1.159911365493347807e-01
1.129399032184952162e-01
1.093406483138862351e-01
1.039116239469302372e-01
9.144628400865353890e-02
9.799429264507796000e-02
8.420245231766450289e-02
8.375263037650208797e-02
8.959506295229259509e-02
8.820910300863415987e-02
8.103760478920057908e-02
7.529566142904131620e-02
7.552142009923332178e-02
1.055702500437435409e-01
8.522639296164638556e-02
7.591552189306209619e-02
7.527347261968411751e-02
7.131949223970111829e-02
7.535179175044361133e-02
6.376081067872674257e-02
5.942879516729399070e-02
5.691259432780115118e-02
6.415290444305069006e-02
6.561608063547234859e-02
6.132880461059118243e-02
6.729353180057123796e-02
6.386676675787097968e-02
6.087486563544524526e-02
5.867918374899186440e-02
6.314001977443695068e-02
6.824244725468911477e-02
6.083435369165320072e-02
5.576758184715321226e-02
6.033265580864329014e-02
4.502164346999243394e-02
5.135669892555788651e-02
5.685870035698539077e-02
5.639144013586797066e-02
5.026117133858956643e-02
4.360330955272442160e-02
3.922009781787270249e-02
5.242026861953107825e-02
5.484599227968015023e-02
5.182979001026404714e-02
4.639126115331524552e-02
4.336834993017347345e-02
4.915285973172438955e-02
5.114658510214403764e-02
4.734485567008193951e-02
4.315643434069658252e-02
5.718592554330825806e-02
4.740420444623420076e-02
5.704640175559019116e-02
5.814874681987260846e-02
5.041738513759091989e-02
4.840225628332087832e-02
4.251316444654213572e-02
4.230320051704582196e-02
5.343347366311048535e-02
5.153815683565641376e-02
3.972895061107058201e-02
3.916856734768340426e-02
3.818082397705629960e-02
3.804729222074935274e-02
4.667776156412927618e-02
4.586360476126796065e-02
4.464589480898881885e-02
4.189760698691794710e-02
4.180934505635186538e-02
4.286835391662622424e-02
3.739000893639106426e-02
4.089515136652871474e-02
3.912095480451458634e-02
4.730160887304105111e-02
3.947322364700468073e-02
3.698196762094372453e-02
4.838426352331513108e-02
5.335624319942373905e-02
3.836971805676033659e-02
3.939141342906575527e-02
4.018640439761312494e-02
3.711559005865925492e-02
3.245478074409460095e-02
3.590876628693781547e-02
4.244188121274897890e-02
3.896496670418664321e-02
3.761267230698937120e-02
3.956228220149090452e-02
4.593104398564288454e-02
7.637131851362555235e-02
4.947755124272876920e-02
5.173344341547865544e-02
3.218363009785350781e-02
3.492869348510315580e-02
3.461007989550891895e-02
3.287182620873576461e-02
3.100619729804365149e-02
3.695363443540899268e-02
4.500105119261302300e-02
3.751497754925176009e-02
3.663450082469927455e-02
3.888497648662642137e-02
4.712705902363124866e-02
4.585045399634461727e-02
3.226683671145062771e-02
3.216330677663024884e-02
3.125648033854208641e-02
4.658977559914714156e-02
4.427172008313631085e-02
2.859617305282307134e-02
3.253780119121074677e-02
3.064892191047731071e-02
2.803972402685566898e-02
3.103406207734032626e-02
3.497673110350182218e-02
4.035777804490767173e-02
3.781891016191557542e-02
3.311427251288765611e-02
3.783816305038176231e-02
3.725341599630681982e-02
3.083868746302629790e-02
3.125582596189097062e-02
2.548148404610784540e-02
3.318741996037332526e-02
3.658333038421053562e-02
4.131315315240308150e-02
3.718122447791852303e-02
3.473102433705016479e-02
3.230773981072401074e-02
3.415329724942382794e-02
3.289063534650363274e-02
3.008944325541195244e-02
3.336783594108725520e-02
3.397386099554990796e-02
3.831867199685228681e-02
3.331327957934454576e-02
2.961788708834271755e-02
3.692538546104180003e-02
4.701031685659760179e-02
5.008647071295663222e-02
3.354613100619692478e-02
3.243512140685006484e-02
3.272006994015291825e-02
3.555702545533055009e-02
3.369220699134625741e-02
3.355420410240951556e-02
3.865033299907257719e-02
3.547740129655913011e-02
2.817752874015193310e-02
3.069743038596291218e-02
3.432483059403143577e-02
3.002800726965472802e-02
2.755367765693288173e-02
3.102389438764045076e-02
3.486170796187300358e-02
4.494196696108893052e-02
4.900231771171092987e-02
4.244977735767239274e-02
3.314435467320053091e-02
3.207204657557763405e-02
3.929318002376117058e-02
4.401631427830771104e-02
3.622623248712012606e-02
4.387340998571170186e-02
4.335125133787330609e-02
3.579208362651498804e-02
3.214858011587670011e-02
3.728481793874188766e-02
2.777387368443764992e-02
3.031869909088862405e-02
3.006445337086915970e-02
3.129107590250082560e-02
3.961017031810785266e-02
3.523480343191247310e-02
3.272697339324574795e-02
3.270746149906986894e-02
2.707864878405081763e-02
2.965559516298143378e-02
2.947096019297053976e-02
3.356022583810906734e-02
3.700589163130835191e-02
3.253827998904805507e-02
2.961673342475765539e-02
2.621426845067425723e-02
2.647050009354164762e-02
3.162297974095532732e-02
2.511520002429422707e-02
3.063316804994093909e-02
3.754967799116121913e-02
3.366629573467530556e-02
3.051668836882239985e-02
3.748017363250255585e-02
3.485009015390747728e-02
3.262600640913373290e-02
3.659966774284839630e-02
4.232839686109831495e-02
3.368692428461814853e-02
3.594390400930454893e-02
3.011784859393772454e-02
3.262064076567951221e-02
4.093388575864465723e-02
3.107390905681409188e-02
3.484787669424947720e-02
4.206223129049727755e-02
3.398777789583331405e-02
2.724024469621087394e-02
2.827168148207036963e-02
2.841288684622237520e-02
3.835295366221352920e-02
3.155151935980508165e-02
2.740020721562598863e-02
2.804744557330482793e-02
2.516562070109342256e-02
2.654921969300822263e-02
2.454639554611946425e-02
2.697206033687842355e-02
3.276314527580612840e-02
3.009688197390029268e-02
2.906554373667428331e-02
2.529859062480298987e-02
2.696117572486400604e-02
2.938421443104743958e-02
2.950460689240380283e-02
3.438809984608700437e-02
3.208938052289580373e-02
2.621642382521378531e-02
3.561631972460370388e-02
3.245787008812552749e-02
2.754451932483597751e-02
2.433166143141294799e-02
2.959439187849822669e-02
3.314804824951447793e-02
3.043233407171148930e-02
3.326198992956625605e-02
3.284526802599430084e-02
2.275985030849513382e-02
2.764004829192632032e-02
3.128281245498280849e-02
2.744766839436794600e-02
2.900031630538011870e-02
3.079217559608973809e-02
3.092076599990066857e-02
3.187433032220915452e-02
2.829986058273597713e-02
2.681351506984547620e-02
2.541993465274572372e-02
2.799418803892637572e-02
3.158142505899855929e-02
2.983357862716442752e-02
2.687797205228554739e-02
2.425834605176198019e-02
2.391934728151873593e-02
2.694842866376826601e-02
2.608522101256408043e-02
2.801859506258838964e-02
2.688413368243920340e-02
2.961915868677591004e-02
3.299594396039059324e-02
3.043058632235777841e-02
2.742894582058253913e-02
2.446206536536154122e-02
2.450230021617914519e-02
2.813453344922316537e-02
3.048413751744910236e-02
2.670103076257203736e-02
2.722131338362631173e-02
2.807296734107168207e-02
2.907394507507744461e-02
2.637935841554089542e-02
2.757446114954195671e-02
2.412598781091602335e-02
2.786365680788692803e-02
2.336198687063235913e-02
2.338721779616255436e-02
2.512827848917559628e-02
3.199633573623079930e-02
3.766889654492076855e-02
3.496784594302114468e-02
3.006473311076038671e-02
2.550749392493775053e-02
2.288754598090523076e-02
2.479686852740613928e-02
2.618349196487351413e-02
2.794632148977957420e-02
3.015170310084757180e-02
2.481746899062081332e-02
3.536773414203995408e-02
3.383464949499619817e-02
3.146553990480147056e-02
2.962079967715238252e-02
3.119676266061632147e-02
3.713253238483479185e-02
2.305694532237554870e-02
2.823137393907496767e-02
2.660749460521497078e-02
