3.939133406674955040e-03
1.595753710716962814e-03
1.309609913732856512e-03
1.185648397949989885e-03
1.059680785147065762e-03
8.389103049921686761e-04
9.590413501427974552e-04
1.167506849014898762e-03
1.548623517010128126e-03
1.059760104453744134e-03
8.950988813012372702e-04
9.221175132552161813e-04
9.308716016676044092e-04
9.251883966499008238e-04
8.293284386127197649e-04
9.040622608154080808e-04
8.215079124056501314e-04
1.367036686133360490e-03
9.393456994075677358e-04
1.374685820337617770e-03
1.428288096576579846e-03
1.173484928585821763e-03
1.186864498322393047e-03
9.896172778098843992e-04
1.044166585415950976e-03
8.490566488035256043e-04
1.104071201552869752e-03
1.827804502681829035e-03
2.185948647820623592e-03
2.031314608757384121e-03
3.323399505461566150e-03
2.145776350516825914e-03
1.399691323058505077e-03
9.962129042833112180e-04
1.139035715823411010e-03
9.272243391933443490e-04
1.309914521698374301e-03
1.299519907661306206e-03
1.155633832240710035e-03
1.200438655359903350e-03
1.579468069394351915e-03
1.212189694342669100e-03
1.123047764849616215e-03
9.838751693678204902e-04
1.001157938844698947e-03
8.698330584593350068e-04
1.080994990843464620e-03
1.122061323258094490e-03
9.210535881720716134e-04
7.415609454710647697e-04
8.790304018475580961e-04
2.273105283165932633e-03
1.183846929052378982e-03
1.015754969102999894e-03
1.219316163769690320e-03
1.663819493842311203e-03
1.829809272749116644e-03
1.150449501437833533e-03
1.045676843205001205e-03
9.534676246403250843e-04
1.145581016317009926e-03
1.208868663525208831e-03
1.076715394447091967e-03
1.111379377107368782e-03
1.664350998908048496e-03
1.270263135666027665e-03
9.529838666821888182e-04
9.152132834060466848e-04
8.546744284103624523e-04
1.420544929715106264e-03
1.115625040256418288e-03
8.726542764634359628e-04
1.020397881802637130e-03
2.185388455473002978e-03
1.163120596174849197e-03
1.180467144877184182e-03
1.334884188509022351e-03
9.872575774352299049e-04
8.104835533231380396e-04
7.301632367671118118e-04
7.506889187425258569e-04
7.976465494721196592e-04
1.069191336682706606e-03
1.043711017700843513e-03
9.030122218973701820e-04
1.086034233594546095e-03
1.326297990090097301e-03
1.004653186100767925e-03
1.185614979476667941e-03
1.028614147799089551e-03
1.001946864562341943e-03
1.493933397796354257e-03
1.209507932799169794e-03
9.347439990960992873e-04
1.062889401509892195e-03
7.957292309583863243e-04
9.544081258354708552e-04
1.037254492985084653e-03
1.072376941010588780e-03
1.002534694634960033e-03
7.816559373168274760e-04
7.014539760348270647e-04
6.963426124002580764e-04
7.091351444614701904e-04
6.852581473140162416e-04
8.799127790553029627e-04
9.016346593853086233e-04
1.494292482675518841e-03
1.812633825466036797e-03
1.622963689442258328e-03
1.526269095847965218e-03
1.135909082222497091e-03
1.363939863949781284e-03
2.081661510601406917e-03
1.439087733160704374e-03
1.526770232885610312e-03
1.139767467975616455e-03
1.273039114494167734e-03
9.006539476104080677e-04
8.472076697216834873e-04
1.163140215794555843e-03
2.048504386038985103e-03
1.126775041484506801e-03
1.196551631437614560e-03
9.195118782372446731e-04
9.105207354878075421e-04
1.477373734815046191e-03
1.216941362145007588e-03
8.562714247091207653e-04
8.401706925269536441e-04
1.070379115844843909e-03
1.760891889716731384e-03
1.466334497308707796e-03
1.076144752005347982e-03
1.586806090926984325e-03
1.671014986641239375e-03
1.533468475827248767e-03
3.579225332941859961e-03
1.681050667684758082e-03
1.110587938455864787e-03
9.724021983856800944e-04
1.320879920967854559e-03
1.756072022544685751e-03
1.166826614280580543e-03
1.132356626840191893e-03
8.176808405551128089e-04
9.282314276788383722e-04
1.429637959518004209e-03
1.261947224520554300e-03
1.172664725800132146e-03
1.046319307079102146e-03
9.121085577135090716e-04
8.900918742256180849e-04
7.610387410750263371e-04
6.670076418231474236e-04
8.384102220588829368e-04
9.620193486625794321e-04
1.412797850207425654e-03
1.267043274765455863e-03
1.062460501998430118e-03
1.476927864132449031e-03
1.056241014339320827e-03
8.766952232690528035e-04
1.013570644772698870e-03
7.648959740436112043e-04
8.465052032988751307e-04
9.283286481149843894e-04
6.858106607978697866e-04
7.675988854316528887e-04
7.988215911609586328e-04
9.464199065405409783e-04
7.209481063910061494e-04
8.078619885054649785e-04
6.581286015716614202e-04
7.711020066381024662e-04
6.954394189051527064e-04
8.137347567753749900e-04
7.861177473387215286e-04
1.455513734981650487e-03
4.464082958293147385e-03
2.847999210644047707e-03
4.323543180362321436e-03
5.489677365403622389e-03
3.218748828658135608e-03
2.178361777623649687e-03
1.771377326804213226e-03
1.429161959094926715e-03
1.805294697987847030e-03
3.225941520213382319e-03
2.161324795451946557e-03
2.451387688779504970e-03
1.441341388272121549e-03
1.181374649604549631e-03
1.269539784516382497e-03
1.275455328141106293e-03
1.175313715066295117e-03
9.838482965278672054e-04
1.041605373757192865e-03
1.095391043691051891e-03
9.946007739927154034e-04
1.174469318357296288e-03
1.001786076813004911e-03
1.168688046163879335e-03
9.446455728721048217e-04
8.959379920270293951e-04
8.362695889445603825e-04
7.697365026615443639e-04
6.605900775866757613e-04
8.418777724727988243e-04
1.056754477758659050e-03
8.627828974567819387e-04
9.013697936097742058e-04
9.371901651320513338e-04
1.203703486680751666e-03
1.149546778833610006e-03
7.701058175371144898e-04
6.876720945001579821e-04
8.188012216123752296e-04
9.078410400888969889e-04
7.611713754158699885e-04
9.127386601903708652e-04
7.508630824304418638e-04
7.111167942639440298e-04
9.441201386835018639e-04
7.252880177475162782e-04
7.645588318609952694e-04
6.838878302914963569e-04
6.718162671859317925e-04
6.206301841302774847e-04
8.603344977018423378e-04
8.477736409986391664e-04
1.079249901522416621e-03
1.202468432893510908e-03
1.637965392546902876e-03
1.025677822326542810e-03
8.731270681892056018e-04
1.595765781530644745e-03
1.038562960275157820e-03
1.251581201358931139e-03
1.321030587860150263e-03
1.265806684386916459e-03
1.302662052466985187e-03
9.341771183244418353e-04
7.965206004882929847e-04
6.604445366633626691e-04
7.196371816462487914e-04
7.194347417680546641e-04
6.269908190006390214e-04
6.862862173875328153e-04
6.415095392640068894e-04
7.333061598728818353e-04
8.166096267814282328e-04
1.226130723807727918e-03
1.588983814144739881e-03
1.129321249209169764e-03
1.167399374025990255e-03
1.094395008294668514e-03
8.155017167155165225e-04
9.428624107385985553e-04
9.704789317765971646e-04
9.290979942306876183e-04
1.311104912019800395e-03
1.518497084362024907e-03
1.069990985342883505e-03
1.071378239430487156e-03
9.478098072577267885e-04
7.897913883425644599e-04
7.280739364432520233e-04
7.274540212165447883e-04
7.161980520322686061e-04
9.988786077883560210e-04
1.128513378716888838e-03
8.888583288353402168e-04
8.066688858434645226e-04
7.523312606281251647e-04
9.623116457078140229e-04
1.007530863716965541e-03
1.075198351827566512e-03
1.230519341334002092e-03
1.487433211877942085e-03
8.696898166817845777e-04
7.646460567229951266e-04
9.287977154599502683e-04
2.600417730718618259e-03
1.046013447194127366e-03
9.622887282603187487e-04
1.180782172014005482e-03
1.460926760046277195e-03
1.458999518945347518e-03
1.247375519596971571e-03
9.809848670556675643e-04
9.004823623399715871e-04
9.454633091081632301e-04
7.586617721244692802e-04
7.942733336676610634e-04
7.943800501379882917e-04
7.797881953592877835e-04
7.308551057576551102e-04
6.044186884537339211e-04
7.856720421841600910e-04
