7.742371429922059178e-01
4.218720148783177137e-01
2.184909065254032612e-01
1.825395957566797733e-01
1.546486965380609035e-01
1.757915262132883072e-01
1.804471658542752266e-01
2.228921998757869005e-01
1.731981532648205757e-01
1.821550242602825165e-01
1.919055837206542492e-01
1.565025359159335494e-01
1.683627292513847351e-01
1.732497760094702244e-01
1.342562729259952903e-01
1.234924455638974905e-01
1.489888811483979225e-01
1.989259063266217709e-01
1.484245836727495771e-01
1.307649395021144301e-01
1.110264713643118739e-01
1.251309273065999150e-01
1.083641359582543373e-01
1.483604111708700657e-01
1.976877730339765549e-01
1.240561392332892865e-01
1.313203005120158195e-01
1.181820281781256199e-01
1.398596205399371684e-01
9.622230043169111013e-02
1.138426153920590878e-01
9.130157041363418102e-02
9.907323308289051056e-02
9.960492979735136032e-02
1.363272313028573990e-01
2.160863000899553299e-01
1.459745438769459724e-01
1.501224343664944172e-01
1.288922186067793518e-01
1.035538315773010254e-01
1.138717066496610641e-01
1.302958829328417778e-01
1.722134109586477280e-01
1.490488453418947756e-01
1.077473368495702744e-01
1.215887665748596191e-01
1.152094388380646706e-01
1.016481241240398958e-01
1.111753997392952442e-01
2.043627137318253517e-01
1.143015767447650433e-01
1.190496576018631458e-01
1.600022250786423683e-01
1.011319383978843689e-01
1.169716767035424709e-01
9.136511106044054031e-02
1.006944049149751663e-01
1.043793116696178913e-01
1.080488390289247036e-01
9.882152592763304710e-02
1.176079711876809597e-01
1.067742323211859912e-01
1.054279515519738197e-01
1.092446590628242120e-01
9.718573739519342780e-02
8.548062061890959740e-02
9.363023054902441800e-02
7.203564181691035628e-02
9.523358615115284920e-02
1.577353021129965782e-01
1.078791221225401387e-01
1.021402215119451284e-01
1.377401984063908458e-01
1.068230748642235994e-01
9.189211588818579912e-02
8.478239667601883411e-02
8.539187948917970061e-02
8.463544666301459074e-02
8.159524691291153431e-02
8.387770897388691083e-02
8.069772429917065892e-02
7.533960504224523902e-02
7.239633076824247837e-02
8.578526671044528484e-02
9.170126123353838921e-02
9.112418722361326218e-02
1.006817593370215036e-01
1.040035648038610816e-01
7.516382238827645779e-02
9.871680056676268578e-02
2.378168869763612747e-01
1.535094060236588120e-01
9.655076754279434681e-02
9.147289159591309726e-02
9.287900011986494064e-02
1.094159884378314018e-01
1.221036580391228199e-01
1.812551543116569519e-01
2.078558653593063354e-01
1.754690096713602543e-01
2.450930181657895446e-01
1.269890698604285717e-01
1.068270981486421078e-01
8.003069345431867987e-02
9.153567103317072906e-02
8.779671124648302794e-02
9.510890913952607661e-02
9.484112029895186424e-02
8.956616744399070740e-02
1.042738584801554680e-01
8.819279866293072701e-02
7.595483127806801349e-02
1.062438949011266232e-01
2.696949616074562073e-01
4.007366178557276726e-01
2.147774528712034225e-01
1.986714761005714536e-01
1.092479680664837360e-01
1.154532842338085175e-01
2.048044549301266670e-01
1.130831553600728512e-01
9.084268356673419476e-02
8.425586442535859533e-02
8.294733485672622919e-02
8.165105721855070442e-02
7.586805487517267466e-02
9.005270479246973991e-02
1.160742889187531546e-01
8.486923377495259047e-02
9.862762180273421109e-02
7.372829702217131853e-02
8.154304651543498039e-02
7.812163181370124221e-02
7.827755296602845192e-02
6.983437179587781429e-02
8.791175528313033283e-02
8.197114226322810282e-02
9.598260419443249702e-02
1.066192819271236658e-01
9.651395981200039387e-02
1.090492294169962406e-01
1.268658665940165520e-01
1.339427847415208817e-01
7.647102377086412162e-02
6.621892517432570457e-02
8.013060665689408779e-02
1.090647527016699314e-01
8.056972722988575697e-02
7.217462849803268909e-02
6.913488230202347040e-02
6.949825375340878963e-02
6.513393577188253403e-02
7.719999959226697683e-02
8.189991116523742676e-02
1.604124121367931366e-01
1.795566583750769496e-01
9.046586137264966965e-02
8.955664036329835653e-02
8.136227680370211601e-02
8.356073033064603806e-02
1.086529542226344347e-01
7.915152190253138542e-02
7.089007057948037982e-02
9.338276879861950874e-02
8.778647915460169315e-02
6.817378257983364165e-02
6.412687263218685985e-02
6.365474135964177549e-02
6.340211394126527011e-02
6.097755604423582554e-02
8.410785940941423178e-02
9.456393984146416187e-02
1.202201014384627342e-01
1.370096541941165924e-01
1.105703150387853384e-01
8.462478528235806152e-02
7.195815863087773323e-02
7.232544093858450651e-02
6.881926872301846743e-02
6.335529123316518962e-02
6.042493693530559540e-02
7.111471984535455704e-02
6.932608759962022305e-02
8.456366698374040425e-02
6.893942807801067829e-02
7.268983888207003474e-02
7.025003027956699952e-02
8.254233142361044884e-02
9.472901739354711026e-02
7.036396511830389500e-02
7.428985298611223698e-02
8.792120951693505049e-02
8.887519896961748600e-02
1.017575549485627562e-01
8.413345948792994022e-02
7.208201731555163860e-02
8.941293234238401055e-02
6.982635357417166233e-02
8.783244597725570202e-02
7.737370703989654430e-02
7.188444770872592926e-02
7.700980186928063631e-02
1.042635822668671608e-01
7.781974156387150288e-02
7.170680630952119827e-02
8.316927310079336166e-02
7.154460158199071884e-02
8.416468556970357895e-02
6.939129975216928869e-02
7.097158324904739857e-02
7.053485419601202011e-02
7.461562426760792732e-02
7.743905531242489815e-02
8.635575883090496063e-02
1.608497090637683868e-01
9.518505167216062546e-02
9.458232671022415161e-02
8.904856932349503040e-02
8.205672353506088257e-02
7.846132991835474968e-02
9.134914493188261986e-02
7.707551284693181515e-02
6.498959203599952161e-02
6.763612362556159496e-02
7.612083735875785351e-02
9.115414554253220558e-02
1.662855476606637239e-01
8.509362579206936061e-02
6.824932806193828583e-02
7.052269531413912773e-02
8.466755202971398830e-02
8.673021430149674416e-02
9.094270179048180580e-02
9.851507347775623202e-02
6.577335379552096128e-02
6.859247619286179543e-02
1.520041695330291986e-01
7.325942610623314977e-02
6.417382671497762203e-02
6.265508884098380804e-02
6.790652591735124588e-02
5.950526508968323469e-02
6.421588873490691185e-02
1.208277815021574497e-01
8.220867067575454712e-02
7.308019463380333036e-02
6.502430783439194784e-02
6.226535257883369923e-02
1.157482301350682974e-01
7.307413418311625719e-02
7.735459681134670973e-02
5.674391941283829510e-02
9.292335808277130127e-02
1.812769747339189053e-01
1.096793138422071934e-01
8.156494470313191414e-02
7.246265461435541511e-02
6.550193321891129017e-02
9.192610392346978188e-02
1.148084013848347240e-01
9.598899073898792267e-02
8.341972809284925461e-02
6.962915696203708649e-02
8.559661804974894039e-02
6.463134172372519970e-02
7.332232057524379343e-02
6.392286007758229971e-02
7.453384902328252792e-02
7.963975379243493080e-02
8.860229142010211945e-02
7.583198812790215015e-02
6.346909259445965290e-02
5.883355747209861875e-02
9.259021305479109287e-02
1.133136437274515629e-01
1.390689421969000250e-01
9.389362251386046410e-02
8.918111538514494896e-02
8.034415508154779673e-02
7.474237820133566856e-02
8.926293209697178099e-02
7.262085258844308555e-02
6.609435600694268942e-02
9.935135068371891975e-02
9.799778158776462078e-02
1.694852901273407042e-01
8.972613682271912694e-02
8.708276553079485893e-02
8.815838745795190334e-02
8.630404263385571539e-02
6.911770894657820463e-02
6.536415219306945801e-02
7.599852361909142928e-02
7.629923429340124130e-02
9.537793940398842096e-02
6.772566121799172834e-02
6.768236070638522506e-02
7.076675444841384888e-02
1.128279450349509716e-01
1.258581695146858692e-01
