8.920230588742664724e-01
5.709366713251385894e-01
4.128429953541074560e-01
4.017813759190695388e-01
3.528702599661691086e-01
3.364601092679159744e-01
3.224372948919023707e-01
3.007944907460893824e-01
2.834570982626506419e-01
2.440286406448909096e-01
2.569083496928215027e-01
2.337977971349443629e-01
2.340026104024478248e-01
2.207821761923176862e-01
2.269656988126891040e-01
2.429889930146081067e-01
2.017468618495123767e-01
2.052569751228605077e-01
1.786327904888561913e-01
1.746270959930760480e-01
1.887795898531164362e-01
1.774386747607163139e-01
1.832504086196422577e-01
1.793109859739031031e-01
1.694373711943626404e-01
1.683099780763898656e-01
1.599389511559690669e-01
1.880711753453527257e-01
1.614404624061925031e-01
1.583488051380430028e-01
1.553417422941752724e-01
1.593125297554901787e-01
1.870980901377541639e-01
1.556670138878481768e-01
1.583403881107057765e-01
1.410548043038163946e-01
1.446985613022531703e-01
1.494507119059562683e-01
1.518783010542392731e-01
1.631269646542412854e-01
1.508103305740015887e-01
1.672830304929188439e-01
1.605843954852649025e-01
1.598252398627144910e-01
1.414329814059393786e-01
1.442434452474117279e-01
1.558458938130310723e-01
1.551398805209568688e-01
1.461382050599370763e-01
1.419751292892864891e-01
1.495499398027147486e-01
1.436422898301056572e-01
1.730619621063981817e-01
1.428146250545978546e-01
1.455910104726041987e-01
1.281875212277684972e-01
1.304298708481448077e-01
1.535015547914164447e-01
1.329904773405619911e-01
1.194732497845377300e-01
1.182086366627897595e-01
1.336540563830307671e-01
1.370434904737131976e-01
1.183413799319948528e-01
1.225456499627658319e-01
1.453199109860829064e-01
1.174275183251925897e-01
1.507834781493459508e-01
1.254672471966062353e-01
1.182028507547719098e-01
1.227645442954131555e-01
1.184934925820146229e-01
1.103169045278004218e-01
1.389855550868170642e-01
1.137196746255670216e-01
1.257131110344614222e-01
1.331453115812369636e-01
1.252445104931081965e-01
1.305118006254945562e-01
1.332161415900502965e-01
1.499433464237621971e-01
1.558988434927804090e-01
1.449931710958480835e-01
1.194910039859158613e-01
1.218392992658274554e-01
1.116809158452919531e-01
1.203335475708757069e-01
1.391292874302182958e-01
1.234394232077258013e-01
1.040698252618312836e-01
1.110321081110409308e-01
1.114924699068069458e-01
1.058591114623206042e-01
1.197683885693550110e-01
1.097450240382126380e-01
1.081773963357720997e-01
1.244851851037570428e-01
1.097898632287979126e-01
1.127791452620710705e-01
1.191139537841081619e-01
1.187552479760987378e-01
1.083460902529103376e-01
1.014667573784078930e-01
1.089450434914657068e-01
1.084931695035525751e-01
1.210271748048918627e-01
1.346889766199248217e-01
1.398749218455382637e-01
1.273532871689115331e-01
1.140230617352894354e-01
1.066856565220015429e-01
1.156463048287800360e-01
1.220203057995864343e-01
1.086671844656978275e-01
9.215838142803736699e-02
1.107873113027640771e-01
1.062886470130511712e-01
1.089491705809320782e-01
1.171285701649529554e-01
9.331385711474078637e-02
9.415203652211598384e-02
9.489402494260243404e-02
1.021654100290366601e-01
9.889159511242594236e-02
8.949943099703107363e-02
9.335763167057718748e-02
9.504776714103561897e-02
1.034405252763203192e-01
9.567847156098910344e-02
9.946558837379727847e-02
1.003110062863145496e-01
9.712891280651092529e-02
1.025468866739954327e-01
9.081530996731349004e-02
9.760175113167081362e-02
1.010531932115554810e-01
1.122205060507569935e-01
1.003512122801372003e-01
9.451551948274884707e-02
9.152702162308352929e-02
9.352154550807816047e-02
9.428786912134715092e-02
1.134520886199814893e-01
1.151630894414016199e-01
1.306950833116258814e-01
1.100761134709630634e-01
1.052347570657730103e-01
9.494299548012870293e-02
9.841776426349367612e-02
8.213519517864499575e-02
1.012053282133170556e-01
1.044315810182264853e-01
1.266503280826977440e-01
1.061558212552751873e-01
8.973136384572301394e-02
9.374513689960752016e-02
8.827516543013709527e-02
8.857366070151329041e-02
8.586956427565642369e-02
8.618120742695671577e-02
9.588245648358549589e-02
9.325472052608217710e-02
8.141362560646873969e-02
7.854557622756276614e-02
8.057610956685883064e-02
8.462433463760785091e-02
7.991404724972588081e-02
7.731323715831552035e-02
9.029602791581835264e-02
8.466483253453459257e-02
8.736088020460945625e-02
7.656427552657467384e-02
9.662065974303654659e-02
1.009296279932771351e-01
8.795424976519175542e-02
8.049057823206696993e-02
8.458304511649268609e-02
8.100733187581811434e-02
9.109535547239440423e-02
8.254762818770748634e-02
7.491443705345902926e-02
8.187746043716158384e-02
7.698755179132733828e-02
8.152934296854905116e-02
7.802812994590827000e-02
8.475653827190399170e-02
8.264605088957718837e-02
8.423159510961600316e-02
7.718593627214431763e-02
8.078496610479694862e-02
8.629352439727101809e-02
7.929993660322257054e-02
8.143195190599986089e-02
8.228568652910846215e-02
7.737760405455317014e-02
7.716571379985127932e-02
8.284593400146279818e-02
8.288225398531981480e-02
8.348736220172472966e-02
8.898187508540493507e-02
8.096746089203017693e-02
7.727111370435782445e-02
8.059060147830418575e-02
8.153772833091872674e-02
8.486535692853587609e-02
8.675142537270273679e-02
8.223820025367396813e-02
7.949872288320745939e-02
8.349232402231011874e-02
7.873692230454512608e-02
8.992047288588114751e-02
7.693087362817355168e-02
1.113966581012521412e-01
8.473076564925056953e-02
7.326865249446459782e-02
7.000966742634773254e-02
6.816070846148900020e-02
7.458030512290340919e-02
7.393343533788408750e-02
8.243414254060812962e-02
7.746299835188048821e-02
7.518753941570009702e-02
6.742286203163010139e-02
7.883021741041115749e-02
8.439122326672077179e-02
8.698794165892261010e-02
7.664416357874870300e-02
7.842071780136652959e-02
7.070765591093472469e-02
6.703801772424153316e-02
7.790845073759555817e-02
7.930913567543029785e-02
7.325502724519797337e-02
7.271118754787105065e-02
7.531734289867537957e-02
1.022911476237433337e-01
9.247298645121711236e-02
7.802480592259339320e-02
7.125489999141011721e-02
6.204967147537639865e-02
9.706874617508479131e-02
7.067329596195902341e-02
8.808067228112902158e-02
8.092335904283183556e-02
8.538313476102692146e-02
7.936513317482811469e-02
8.716149415288652891e-02
1.000573885227952625e-01
1.099979297391005945e-01
8.473798073828220367e-02
7.687197545809405785e-02
6.962378722216401583e-02
6.890977307089737880e-02
7.888816323663506991e-02
7.350817482386316770e-02
6.938001726354871279e-02
7.337334007024765015e-02
6.873974895903042781e-02
7.040331725563321597e-02
8.496026535119328982e-02
7.080838004393237572e-02
6.867362345967974180e-02
6.989839061030320155e-02
7.426432466932705867e-02
6.709634672318186277e-02
7.178066724113055241e-02
7.940727525523730290e-02
9.168568785701479429e-02
9.388996208352702599e-02
6.784040214759963494e-02
6.632851569780282008e-02
7.418710605374403966e-02
7.132455733205590731e-02
8.994838302688938636e-02
7.956552425665515405e-02
6.959620277796473020e-02
6.549536915762084466e-02
6.710423263055938226e-02
6.212241335638931522e-02
7.137438761336463433e-02
6.872744991311005580e-02
8.230151901287692529e-02
7.545026418353829867e-02
8.467938617936202061e-02
6.547239582453455442e-02
6.732715400201934319e-02
6.503333710134029388e-02
6.894779577851295471e-02
6.161780149808952084e-02
6.936624592968396175e-02
6.403539010456629765e-02
7.285782295678343290e-02
7.750473916530609131e-02
6.887391928051199430e-02
6.502661667764186859e-02
6.146774041865553373e-02
6.327201239764690399e-02
6.709811570388930779e-02
6.283871989165033811e-02
6.337014825216361058e-02
