2.572690223210624336e-02
1.040087979553001342e-02
7.433116885035165843e-03
4.450120929894703023e-03
2.740175188851675693e-03
2.338396451835121365e-03
1.673902709236634598e-03
1.605293297741030006e-03
1.462690789984273090e-03
1.578606382411505433e-03
1.608740455204887019e-03
1.478511312078418507e-03
1.397034327965229750e-03
1.477975913855646400e-03
1.582702929486653727e-03
1.450527999882719439e-03
1.467222218967176002e-03
1.293894310947507620e-03
1.187855610623955727e-03
1.195658189577183646e-03
1.392679234933374153e-03
1.184440941350268497e-03
1.205950755060517269e-03
1.508450767557535915e-03
1.585039617826363963e-03
1.221075105214757548e-03
1.337595716384904756e-03
1.327727842310975643e-03
1.165909256087616086e-03
1.169914799642615992e-03
1.199304849641131534e-03
1.071250078634225803e-03
1.254966149904898328e-03
1.234985709223630204e-03
1.109630838202844711e-03
1.170310449586915149e-03
1.133228818486843852e-03
9.872529023726070701e-04
1.025380807862217875e-03
1.402044194817010907e-03
1.108401147316076833e-03
1.191200293500774580e-03
1.160979262619678525e-03
1.113397659667368384e-03
1.093904076177360787e-03
1.093912620230444747e-03
1.127103460021317005e-03
1.073692509505365638e-03
1.340118407305063977e-03
1.280635932094550651e-03
1.228960763130869122e-03
1.068621957009392156e-03
1.103954131914568768e-03
1.150045859893517866e-03
1.233371469425037503e-03
1.103665309658806177e-03
1.201124254813683854e-03
1.419053791323676705e-03
1.255423134093039709e-03
1.039930976860757323e-03
9.848046798392065624e-04
1.013705473659294023e-03
1.122274860141000670e-03
8.761937705068183332e-04
1.176691734664408193e-03
1.197062619862013537e-03
1.009304691771311388e-03
1.075013039683523925e-03
9.244980049386088182e-04
8.556134583029363682e-04
1.076883303799799603e-03
1.221262874813484325e-03
1.266548227119658736e-03
1.136949235972549172e-03
1.189911588361220731e-03
1.182944684322657361e-03
1.055897329933941364e-03
1.008501592358308210e-03
1.065223885234445333e-03
1.190021592524967116e-03
1.137270646203043236e-03
1.122767787559756118e-03
1.060694909288681072e-03
1.179773996617378964e-03
1.347430740549628286e-03
1.372050834886197595e-03
1.054858140248273162e-03
1.181566459958308416e-03
1.230579231300258118e-03
1.030544430250301957e-03
9.759098611539229751e-04
1.179277173443032132e-03
1.231224550532975274e-03
1.287472430184217467e-03
1.407054327760956210e-03
1.477523074884499760e-03
1.410452066920697689e-03
1.172279178198160901e-03
9.759002215495067448e-04
1.032706836537857203e-03
1.234541206421064510e-03
1.110855402657762170e-03
1.019264259541939350e-03
8.815169400934662293e-04
9.725341140957814842e-04
1.285146830403911247e-03
9.315419218702507406e-04
9.780001377553812405e-04
1.039703538741118235e-03
8.861185467269803951e-04
7.677562222982357810e-04
8.653395322783451150e-04
9.466388894777212669e-04
8.942483816229339312e-04
8.816586965362408022e-04
9.805209743457712988e-04
8.624841700241501997e-04
1.016553158738783521e-03
9.491389209870249033e-04
1.046669374253334775e-03
1.017725411137299909e-03
1.166419363081721292e-03
1.219343140421967359e-03
9.057036201868738602e-04
9.374035663703190894e-04
9.717480612120457748e-04
8.440686506219208241e-04
9.800758478896959107e-04
1.353335304884240031e-03
1.154721236421859783e-03
1.224860432557761669e-03
1.277987591622929426e-03
1.149079712506915780e-03
9.897019897055412112e-04
1.098885142710059881e-03
1.109784942985113116e-03
1.096498599508777261e-03
1.135895772936887068e-03
1.169129707185285463e-03
1.132337546940626874e-03
1.005203812383115292e-03
9.686783430100019644e-04
9.428308736200311044e-04
8.954504903938088943e-04
9.275474273765991996e-04
9.134375723078846931e-04
9.349247390803482006e-04
9.612933873930680365e-04
8.312093227037362000e-04
8.438078137779873996e-04
8.596444095019251108e-04
9.759565624075808386e-04
9.138517031845237682e-04
1.019904049046869727e-03
8.098245889414101839e-04
1.037725280704242812e-03
1.076385607510539069e-03
1.324093929724767804e-03
1.292524364544078708e-03
1.110845311943973752e-03
1.277863946078079118e-03
1.358866724850875960e-03
1.235501607879996300e-03
1.172768542476530524e-03
1.295390015002340078e-03
1.411082821765116376e-03
1.247157558931835967e-03
1.281826644636956678e-03
1.172340595595804677e-03
1.081526807476101146e-03
1.155068557376840192e-03
1.025833838087107392e-03
1.306282614158200397e-03
1.251943633958165197e-03
1.089223498378747183e-03
1.058856133438114671e-03
8.821656478435865780e-04
9.022699045349977156e-04
9.978785029878573139e-04
9.581711076732192566e-04
8.586096768600068232e-04
1.112752178284738807e-03
1.086564776155033189e-03
1.098952405819935427e-03
1.023337016314534173e-03
1.171611615323594731e-03
1.056090949402589945e-03
1.101750344137794298e-03
1.112568998775844125e-03
9.120005582060132553e-04
9.838377009145915508e-04
9.015462876829717686e-04
9.710032734022076796e-04
1.016391112768490462e-03
1.305039348413369578e-03
1.026555330359510106e-03
1.113692232008491306e-03
8.894203014538756748e-04
1.014405013328152074e-03
1.035511038415799214e-03
8.372000842687807223e-04
7.877476039409105112e-04
8.413079776801168919e-04
8.770408873845424126e-04
9.376491403340228657e-04
1.103140738060963974e-03
1.171109037906197534e-03
1.125550928658672649e-03
1.080461885846619157e-03
1.053826708812266588e-03
1.316742006955402269e-03
1.230857380765623373e-03
1.096054013552410231e-03
1.015670784649306017e-03
9.419983086575355003e-04
1.003780173570183740e-03
7.854423518957835823e-04
1.042099004345280753e-03
1.034870461028601380e-03
1.008917818710740062e-03
1.189627855118098035e-03
1.069859821914828342e-03
9.256448538508266211e-04
9.833755611907690763e-04
9.763068727417183309e-04
9.685473757729466627e-04
1.067033403420022649e-03
9.712113657899733256e-04
8.838476496748626232e-04
1.156266653976802377e-03
1.163023881547685118e-03
1.009070788443620654e-03
7.918642285013837009e-04
8.170841902028769255e-04
7.107740530045703053e-04
8.943994762375950813e-04
8.673624251969158649e-04
9.579142788425087929e-04
1.103320674571607856e-03
9.157348956380571793e-04
1.177518279291689396e-03
8.627561577928385874e-04
9.525093108615172296e-04
9.941034950315952301e-04
8.747203932476363322e-04
1.078439402460519819e-03
1.065671202793185262e-03
9.815495827102235695e-04
1.040433475282043219e-03
1.120105959541563539e-03
1.081217575119808316e-03
1.039573798022632150e-03
1.723306103875594511e-03
1.878987931247268466e-03
2.383402723353356123e-03
2.844054767462824134e-03
2.421375713311135769e-03
2.142900285044951284e-03
3.368409716391137544e-03
9.961945636730109438e-03
2.082029942955289717e-02
1.673226550753627653e-02
6.747978506609797478e-03
4.468294226431420747e-03
2.488153271510132845e-03
1.984862876789910639e-03
1.632940394171912817e-03
1.427971874363720417e-03
1.279099441100177989e-03
1.283349253104201478e-03
1.337200594467244071e-03
1.455829649265589490e-03
1.458921827309365721e-03
1.280257037641214504e-03
1.287866525152432098e-03
1.078737055649980903e-03
1.269917910186839924e-03
1.163535722298547626e-03
1.101941177954099101e-03
9.977734173714583338e-04
1.145694533728861290e-03
1.176060011078204365e-03
1.154005930792274251e-03
1.056216773577034473e-03
1.038550752647487150e-03
1.211920682440645021e-03
1.033979359947677108e-03
1.000436692265793681e-03
1.038904014941570983e-03
1.065041516475113406e-03
1.172313333622046786e-03
1.252331667014264542e-03
1.036973869694130792e-03
9.704407462517597536e-04
9.607465472072362900e-04
1.163578504929319024e-03
8.681866373600703865e-04
8.515051408072135588e-04
7.834528015726911635e-04
9.429972851648926735e-04
