1.667834349638341266e-03
7.759285018485235141e-04
7.521915494611388416e-04
8.516044993149606349e-04
8.149301559713325888e-04
8.949527614995053454e-04
7.989201281146195545e-04
6.827869495425961405e-04
7.902923374020151288e-04
8.148120296506309538e-04
9.297210367788609877e-04
9.666659660931480958e-04
7.880401543317068621e-04
9.472408940047515394e-04
9.075963355012630447e-04
9.285912620773734616e-04
7.693530887512391777e-04
6.861771184240320282e-04
5.710469436292585745e-04
5.831312434900993644e-04
7.266803540436452599e-04
5.846160117806377052e-04
6.814654426355110572e-04
1.008189387472444368e-03
9.092756326457387180e-04
7.525100005104354067e-04
8.197787821317385629e-04
7.132979287569852708e-04
6.730908751610274092e-04
6.636366750554818913e-04
7.632480532935771332e-04
7.268490812030473308e-04
6.476130572417261241e-04
7.239010117604936139e-04
7.364028776799770235e-04
7.027684263639935808e-04
5.774679769896657287e-04
6.605579095010302455e-04
7.185446386421589018e-04
6.342472831755386828e-04
6.498350504491673873e-04
7.139849905414800838e-04
6.995629703037833198e-04
6.631135536161692975e-04
6.842728502019063651e-04
7.311514162115360276e-04
6.555859213940015478e-04
6.312325299643960609e-04
6.436621341364164159e-04
6.415973567575411962e-04
5.515401920236303896e-04
5.962273893314168870e-04
8.356711018438401804e-04
8.275528364863834769e-04
7.978836442098805265e-04
6.953527634706054136e-04
6.622374961520300328e-04
8.008870813922074451e-04
7.098712797558523208e-04
7.778526541139734818e-04
7.267558585705333977e-04
7.828981186704416081e-04
6.673405832292413683e-04
6.733235059073194861e-04
6.088080776144602852e-04
6.794526217211233543e-04
6.072870356116542249e-04
6.935941637493669987e-04
5.565568801677344205e-04
5.500454924338938831e-04
6.162262870930135250e-04
6.971283307250001043e-04
5.210492986646530046e-04
5.729687951603217901e-04
6.771284357742651284e-04
6.576621273875628932e-04
6.946680307584373118e-04
8.188053677593799470e-04
8.467335183492028742e-04
8.068299104802702888e-04
8.198182729661072270e-04
8.733589217483409255e-04
1.014042967366740903e-03
8.296995258301888927e-04
8.741612270425417035e-04
7.382476760540157557e-04
7.649248184048031791e-04
6.677074998151510954e-04
6.732373915024494155e-04
6.768890337920502841e-04
7.173304605346761138e-04
7.205861314248881728e-04
6.418271085222888991e-04
7.191060637859137891e-04
6.946466945871515109e-04
6.408877839260783806e-04
5.241078906692564487e-04
5.851818898104523643e-04
6.994207904330993668e-04
7.329405680617415934e-04
6.391340590964414686e-04
5.569760856145110741e-04
5.389732970414977268e-04
5.308047203518645929e-04
5.912457295619931831e-04
6.137264809742765592e-04
7.948102153788663953e-04
6.892286259435901003e-04
7.710327489277053878e-04
8.590796542672538786e-04
8.606328583003854723e-04
9.541762165578180580e-04
8.538870698478268550e-04
7.187423838523068981e-04
7.454905717168003321e-04
7.262176016076026322e-04
7.376569402894299224e-04
7.307419406348152936e-04
6.372237763379848046e-04
6.170437462921989991e-04
5.033787900557447478e-04
5.325869684671296657e-04
5.686275000794251784e-04
5.506519197584374727e-04
5.381798316528530954e-04
6.511303884173301817e-04
7.536319363249564200e-04
6.076363068515140816e-04
6.643651592496194452e-04
6.278005817684492512e-04
5.966070258230166600e-04
6.357664058573151604e-04
1.252819189654761148e-03
1.010432116393195990e-03
7.163802694872414096e-04
6.596987904662167997e-04
7.045894285271826372e-04
7.257464979039994837e-04
6.329350351159902452e-04
7.276967333286608235e-04
7.982481926630594343e-04
6.932186753194974826e-04
6.434673774301222010e-04
6.672568101509425030e-04
7.031952309740805655e-04
7.569113528772600501e-04
6.165369459746503859e-04
6.115247945815912873e-04
5.756324711623356759e-04
5.962199019880866976e-04
7.344596670009195805e-04
6.843666441885656090e-04
6.082649526529406532e-04
7.926785880332126201e-04
6.972970241852300332e-04
6.720223923605915918e-04
7.272000473580862061e-04
7.607970274923564957e-04
6.145482199683197349e-04
6.769073232518214986e-04
6.406582205703383655e-04
5.691854921200214298e-04
5.680849487697215913e-04
7.073215980965056032e-04
6.887674604321977539e-04
6.119871410957880824e-04
6.763158307876437902e-04
8.726031113550753414e-04
6.632777130059702231e-04
6.154576227632596076e-04
6.207161311881224290e-04
4.930662521234664307e-04
6.304066122730115013e-04
9.331156646734790026e-04
5.893140654447243630e-04
6.123108951693499117e-04
7.635192764849451199e-04
6.379963421128003777e-04
6.238730167847519143e-04
5.793052673413369045e-04
6.450578297708967285e-04
7.514983850629313768e-04
7.693665990556933492e-04
5.837133296728623869e-04
4.942010005164009347e-04
5.067018500994890928e-04
4.994287752963014453e-04
6.147491237099625676e-04
6.502057490012559280e-04
7.013510636936285108e-04
6.387943438695449635e-04
6.650846135974126027e-04
7.286483719087156639e-04
5.272854193064727395e-04
4.864183658930031962e-04
6.537314712707148956e-04
6.430812998013081191e-04
6.707831129652300434e-04
6.673206654867451385e-04
8.996362264856303708e-04
5.481516609985479741e-04
7.237050977939935492e-04
6.938659904622717679e-04
6.503381760251757517e-04
5.795492753876667217e-04
5.891274654698607340e-04
6.637939919815643609e-04
8.474658396536190316e-04
6.233660632891482086e-04
6.109214913234801113e-04
6.322104033499368041e-04
6.092516322448654010e-04
5.353370031930113808e-04
4.685616318295758977e-04
5.267325805585929780e-04
4.724284195904864848e-04
5.217782309046015143e-04
6.862930497032051309e-04
8.594212397982023150e-04
6.039193724159543737e-04
5.582955138953892352e-04
6.476347365318552672e-04
6.055606484694994480e-04
6.575184816028922796e-04
7.425543735735118389e-04
7.362546702528274031e-04
8.047443085448129953e-04
6.642036697533177303e-04
6.483049732387849646e-04
6.450487447804526507e-04
8.308600058386984453e-04
6.494998892058470802e-04
6.391511124093085527e-04
4.951560074818859474e-04
5.109610976528768762e-04
7.530139141875368371e-04
5.770278497182420880e-04
6.960035320126303987e-04
6.092206106251595379e-04
4.773769883046808825e-04
5.573734892287144022e-04
6.128678207077380017e-04
6.821578365481016995e-04
7.329196439394237636e-04
7.038878806940230713e-04
6.322181082061050297e-04
6.065821492627851159e-04
5.534998321979257450e-04
7.216036319732666016e-04
8.448740317314667536e-04
6.872362037507915525e-04
6.189156066332208083e-04
5.721623387408295231e-04
5.727714589355807498e-04
5.391338521516637027e-04
6.430844414832168846e-04
5.274910562500161959e-04
5.838436181396613241e-04
5.760639967200787900e-04
6.524588894344082518e-04
9.365737542362982063e-04
6.538302052496490838e-04
7.631901841561653226e-04
7.691320221822120756e-04
7.093891571888601751e-04
6.648168752067967237e-04
6.124759935406281532e-04
5.699052846083711580e-04
5.615882523431393490e-04
7.035086853552217261e-04
7.114368383650129064e-04
6.248972127459159536e-04
5.288424681087857456e-04
6.375599401316753073e-04
5.843143812135645704e-04
5.948556247044747098e-04
6.815077856452645896e-04
5.943615902460327787e-04
7.035634020882609472e-04
8.469079835585466070e-04
9.595190701810153364e-04
9.440624976138535128e-04
7.208930726751292721e-04
8.034772778812207788e-04
7.323065939616705969e-04
7.502131292743509979e-04
6.800869213245613410e-04
5.935148173624551268e-04
6.599945696315875692e-04
8.306831701989530505e-04
6.830712342267169536e-04
7.813686066870822490e-04
7.097144844010472298e-04
5.538780104344416663e-04
5.444671336782017307e-04
5.900673108714583502e-04
5.950899335163596258e-04
6.145511931543680070e-04
6.625658899888788684e-04
6.596788642989275886e-04
