6.170617138084611986e-01
2.590771270425696327e-01
1.765042225781240093e-01
1.522482378702414707e-01
1.524861058906505085e-01
1.299829369312838490e-01
1.343942551236403660e-01
1.195335235250623573e-01
1.174672591058831400e-01
1.237060864897150808e-01
1.044587143941929502e-01
1.089007740742281849e-01
1.107834583442462162e-01
9.935130492637031518e-02
1.032174966837230423e-01
9.170541284899962065e-02
9.349920110482919100e-02
1.010164573396507004e-01
8.200831191712304458e-02
9.567662210840928438e-02
8.226349420453372974e-02
8.230322383736309033e-02
8.534891589691764868e-02
7.561057894245575006e-02
7.349532254432376843e-02
7.797438141546751689e-02
8.356725993125062313e-02
1.027267508600887558e-01
9.092178940773010254e-02
7.873287796974182129e-02
8.491082018927524622e-02
8.029877414044581108e-02
7.116867180325482656e-02
7.378949499443958338e-02
7.670512383705690995e-02
6.449607602859798450e-02
6.913963264148485777e-02
6.927908525655143701e-02
6.880982408888246249e-02
6.607747097548685722e-02
6.669850588629119836e-02
6.770259181135579452e-02
7.804688321132409456e-02
8.570710425020049150e-02
7.470532016534554842e-02
8.479587145541843396e-02
7.518088435264010105e-02
6.976448303382647154e-02
5.635158168642144527e-02
7.046789283815182992e-02
7.812352576538135474e-02
7.323528943877470609e-02
7.987760370107073460e-02
7.329144093551133443e-02
7.114089201939732821e-02
7.505705560508527108e-02
6.703769709718854219e-02
6.213700987006488818e-02
7.234793352453332271e-02
8.484686440543125208e-02
6.173211473383401898e-02
6.929305274235575407e-02
6.921601413111937162e-02
6.182751667342687579e-02
6.419251790564310667e-02
5.776352847093030318e-02
5.929289934666533146e-02
5.270208085053845748e-02
7.069022875083119661e-02
7.087491295839611072e-02
7.037166172736569747e-02
5.888983038695234928e-02
6.424768621984280892e-02
5.924425411381219891e-02
6.223794043456253033e-02
6.421556598261783655e-02
5.225596674963047666e-02
5.894028199346441899e-02
6.424365241668726634e-02
5.495107713106431313e-02
6.093479457654451398e-02
8.768496309456072502e-02
7.328129922480959568e-02
6.286393066770151750e-02
7.039794345435343437e-02
8.815076300188114111e-02
9.239110899598974858e-02
8.191077979771714535e-02
6.350357242320713025e-02
5.423154289785184212e-02
6.756007320884811762e-02
5.388324766566878615e-02
5.298624697484468488e-02
5.659342861097110128e-02
5.263290995437847758e-02
5.678143567944828052e-02
7.269545330813056982e-02
5.961036623308533372e-02
5.339436517342140837e-02
5.323589181429461137e-02
5.710632079525997801e-02
6.313059910347587622e-02
5.344720008341889705e-02
6.005420104453438462e-02
5.835800794394392643e-02
5.650437848740502700e-02
6.195709864167790737e-02
6.908434943148963892e-02
6.840794553097925834e-02
5.320455182931924792e-02
6.033513998906863546e-02
8.857401519229538001e-02
6.082246511390334426e-02
6.623889760751473788e-02
9.466389762727837887e-02
6.912662990783390027e-02
5.176961745478605298e-02
5.313025787472724915e-02
6.726435924831189461e-02
6.638791519952447207e-02
5.344155992038155528e-02
5.776594245904370650e-02
8.067977506863444059e-02
6.924132855707093581e-02
5.750986267077295294e-02
5.722542067891672746e-02
6.963103146929490450e-02
5.859242281631419497e-02
5.933970173722818986e-02
5.813516813673471478e-02
4.693045565172245664e-02
5.477935467895708732e-02
6.451986494817231466e-02
4.581164730418669367e-02
5.597380999671785345e-02
7.661807988035052031e-02
9.007569716164939844e-02
6.832294452837422982e-02
5.302901448387848521e-02
5.542709629394506482e-02
5.387808725629981976e-02
5.139075190221008282e-02
5.347888642235806150e-02
5.908280895336678190e-02
6.047785066460308057e-02
5.039097574588499717e-02
5.279205955172840137e-02
5.425361151757993050e-02
6.124623002190338755e-02
8.361336137903363497e-02
6.189944987234316520e-02
5.365170067862460451e-02
5.533383355328911485e-02
6.228287870946683236e-02
5.386739302622644415e-02
5.333061496678151436e-02
6.097425108677462235e-02
5.772205265729050960e-02
4.900374283131800346e-02
5.818081745191624327e-02
4.205108581012800828e-02
4.767332235841374721e-02
4.849909873385178233e-02
4.727054995141530963e-02
4.529913632493270254e-02
5.507006545208002063e-02
5.366985725336953506e-02
5.055658823173297262e-02
5.663233399881344166e-02
5.213104051194692584e-02
6.490007072295013446e-02
4.967977851629257202e-02
5.468296308658624622e-02
5.681878661638811723e-02
5.083839739917924566e-02
4.691122972259396257e-02
4.677373592398668262e-02
4.691800024164350519e-02
4.299324449445856428e-02
5.237251392712718306e-02
5.060767049067899093e-02
5.536403987360628137e-02
5.035461573616454439e-02
4.912182884780984249e-02
5.894002622287524557e-02
5.191022157669067383e-02
5.916091897769978208e-02
8.558253179255284615e-02
7.472869028386316947e-02
5.494864069317516309e-02
5.344272797044954948e-02
4.887608007380837144e-02
4.645903712432635640e-02
5.016472808232432662e-02
5.035583508249960594e-02
5.322250831676157007e-02
7.053283445144954700e-02
5.698833281272336349e-02
4.293188207635754289e-02
4.996662949653048191e-02
5.163295655266234713e-02
4.121824167668819427e-02
5.503028297894879683e-02
6.831361608285653475e-02
5.271677682666402187e-02
6.958239966709363344e-02
5.293287278005951585e-02
5.942247366826785421e-02
5.353128017955705031e-02
5.011967510769241990e-02
4.605140203708096847e-02
4.658300218809591914e-02
5.830229965871885911e-02
4.475231360840169897e-02
4.677122375486712780e-02
5.080334038326615037e-02
4.841474776989534989e-02
4.998277637519334821e-02
5.258376131716527291e-02
5.018778753123784991e-02
6.665014416763656580e-02
6.051581745084963493e-02
6.288643926382064819e-02
4.960228208648530951e-02
4.951212182641029358e-02
5.432992894202470779e-02
4.738331880224378595e-02
4.765867000739825582e-02
5.457852094581252395e-02
5.751459779658991966e-02
5.862257904128024416e-02
6.392608720221017171e-02
4.565822637002719259e-02
5.020999006534877795e-02
5.235320761015540419e-02
4.498981199178256341e-02
4.432928130814903916e-02
6.015523062332680387e-02
5.906996895608149223e-02
4.671969264745712280e-02
5.243805727284205770e-02
4.807657023009501152e-02
4.314232852898145648e-02
5.179954084910844830e-02
9.267690660137879732e-02
5.618424399902945815e-02
7.054419717506359155e-02
5.855724980172358207e-02
5.028429098035160083e-02
5.236398997275452938e-02
4.758669406567749005e-02
4.244205990414086360e-02
4.207282758464938460e-02
4.550744093170291243e-02
5.295858042020546580e-02
4.994063236211475354e-02
5.789445830803168630e-02
4.440603120938727694e-02
4.678160158035002403e-02
4.811024724652892409e-02
4.632225485616608962e-02
5.047058931698924361e-02
4.607137949451019926e-02
5.475950446960173301e-02
4.541476355179360075e-02
4.587560411738721838e-02
4.460566030129006071e-02
4.329021407389327392e-02
4.566686061259947471e-02
5.306937780819440814e-02
5.268591505132223102e-02
4.883571351437192287e-02
4.400197490069426842e-02
4.044521629418197650e-02
3.939870911601342507e-02
4.266443623131827012e-02
4.013892380814803457e-02
3.746625241872511558e-02
4.439868219196796417e-02
4.387562467079413747e-02
3.754958324134349823e-02
4.040551146394327775e-02
4.518003242188378676e-02
5.234162715312681846e-02
6.059959619060942965e-02
4.525119850510045394e-02
4.737627329794984188e-02
5.780889103679280605e-02
5.831490711946236277e-02
4.314920031710674925e-02
4.972508025208586396e-02
4.245395419236860923e-02
5.109867355541179018e-02
7.203715608308189355e-02
6.532206778463564567e-02
5.547006438045125332e-02
4.864441162269366598e-02
4.708864422220932627e-02
4.455841058178951902e-02
4.116783485943941584e-02
