8.091765126058211507e-03
1.685581829709311254e-03
1.172467635478824464e-03
1.113305075947816159e-03
9.059403169279296904e-04
8.745690148013333986e-04
9.230163452836374297e-04
6.861439091153442643e-04
7.503535870152215235e-04
8.496833383105695031e-04
8.289134323907395565e-04
7.227711748176564267e-04
7.170361524913460450e-04
7.982613868080079122e-04
7.060512599612896569e-04
6.915100559126586156e-04
7.562830190484722817e-04
8.279569136599699728e-04
7.253691592874626825e-04
8.211163221858441830e-04
7.190808673234035065e-04
6.277293529516706503e-04
6.083827989641577222e-04
6.477852545989056573e-04
7.574877216635892861e-04
7.031820365227759101e-04
6.175543550246705539e-04
6.574915275753786311e-04
7.229102406806002350e-04
6.251245465440054879e-04
7.153047171110908263e-04
8.797562021451691859e-04
8.273450250271708207e-04
9.031797371183831981e-04
9.862181342517337222e-04
9.317351349939902118e-04
7.155787160930533698e-04
6.607388223831852205e-04
6.044138349049414487e-04
6.452039737875263185e-04
5.916459194850176573e-04
7.102767548834283641e-04
7.116440004513909781e-04
6.167082736889521353e-04
5.805115215480327606e-04
6.663131469395011230e-04
5.681868458244328842e-04
6.443859951104968569e-04
6.700873103303214276e-04
6.732809143917014129e-04
7.305888109840452237e-04
8.337393480663498387e-04
6.239260799096276507e-04
7.098796544596552632e-04
6.131941491427521417e-04
7.005538946638505170e-04
8.433711482211947441e-04
7.481477786010752194e-04
8.305045291005322969e-04
7.326670883533854773e-04
8.026312706836809209e-04
1.114003534894436598e-03
8.911999175325036049e-04
7.892201945651322170e-04
7.002276717685163455e-04
7.498165126889943860e-04
7.059068089195837288e-04
6.950768700335174365e-04
6.196735310368239446e-04
6.335662503261119561e-04
6.461845885496586128e-04
5.643506612007816560e-04
6.425317532072464697e-04
6.852945118832091346e-04
5.422417734128732970e-04
6.231849198229611137e-04
6.945023584800461567e-04
6.149779733580847292e-04
8.420517687530566743e-04
7.033958196795234716e-04
6.700055363277594321e-04
8.103606989607215361e-04
8.647270112608870015e-04
7.365557209899028287e-04
6.949682137928903103e-04
7.396444329060613892e-04
6.162285688333212896e-04
6.773642923993369088e-04
6.686821191882094109e-04
8.019016667579610637e-04
6.956510478630661964e-04
7.033577460485199943e-04
6.287991321490457022e-04
6.783090803461770723e-04
6.500287873980899580e-04
5.635962161856393525e-04
7.677647479188939080e-04
8.367430651560425975e-04
7.796406784715752096e-04
7.352910974683861227e-04
6.273706210777163072e-04
6.248375400900840326e-04
6.554554507602006414e-04
6.989091867581010082e-04
6.939768228524674900e-04
8.832743469004829219e-04
6.206093879882246039e-04
7.403212832286954360e-04
6.532756941548238270e-04
6.274499134936680541e-04
6.136139253309617512e-04
6.298307892090330377e-04
6.560368793240438411e-04
6.693593575619160695e-04
6.115054769907146475e-04
6.904226941211769834e-04
5.682663603996236613e-04
5.615139108461638219e-04
6.036869289043049090e-04
6.642946488379190004e-04
6.045563398705174887e-04
6.071673997212201357e-04
5.977692586990693844e-04
7.700037191777179277e-04
6.443527585361152671e-04
6.551172467879950783e-04
6.530521224097659118e-04
5.847708671353757381e-04
6.593168363906443119e-04
6.204009987413883209e-04
6.527180686437835224e-04
6.602071361461032918e-04
6.103181726454447002e-04
5.405161267844959877e-04
5.651749913037443793e-04
5.442296445835381529e-04
5.859623992970834465e-04
4.897404054645448706e-04
5.682195711415261247e-04
5.149018504501631007e-04
7.207350999427337935e-04
7.889027590863406224e-04
7.704393394912282481e-04
6.181766589482625036e-04
6.678598816506564834e-04
6.013273727148771069e-04
6.759760784916579507e-04
5.919277318753302097e-04
5.696637361931304209e-04
7.046390072597811692e-04
5.635183042613789439e-04
5.640435634025682717e-04
5.818831540333728068e-04
6.219694293880214438e-04
6.677780863052854574e-04
5.290908991203953967e-04
5.216477322392166095e-04
5.171017837710678577e-04
5.747342268781115973e-04
5.606367146053040660e-04
5.429873960868766055e-04
6.226311282565196717e-04
5.702699379374583707e-04
6.034214748069643974e-04
7.022786031787594087e-04
6.713948911055922725e-04
7.444497139658778472e-04
6.308414759890486724e-04
6.834227184299379804e-04
6.858006779414912209e-04
5.797816168827315533e-04
5.035286458830039212e-04
6.107362763335307801e-04
6.162884984708701499e-04
7.448842748999595859e-04
7.146717437232533946e-04
7.816297040941814437e-04
6.277148961089551883e-04
7.367534950996438301e-04
6.370254249001542799e-04
5.756977557515104323e-04
5.371015538306286082e-04
5.190114917544027097e-04
1.089947422345479301e-03
1.090347700907538363e-03
7.126718584913760857e-04
6.292262192194660216e-04
5.410403789331515775e-04
4.936390992952510931e-04
5.944906908553094105e-04
6.270027874658505411e-04
6.458945378350714481e-04
5.563686136156320572e-04
4.661724631053706155e-04
5.628554713136206360e-04
5.611927617186059048e-04
5.936786415986716964e-04
6.128051803292086088e-04
5.343487437736864397e-04
5.591085879132151821e-04
7.400069443974643946e-04
9.418374354330202088e-04
7.105635013431310654e-04
5.402533531499405847e-04
5.582730247018237836e-04
5.499956780113280253e-04
4.778131415757040147e-04
5.407273070886731365e-04
5.757059940757850445e-04
5.973673852471013792e-04
5.229780004204561024e-04
6.771740037947893576e-04
5.458651459775865512e-04
5.818330964151148489e-04
6.556414339380959525e-04
4.294140574832757133e-04
5.073719619152446732e-04
6.677472983331729462e-04
6.395985527584950201e-04
6.659342441707849069e-04
6.746054355365534334e-04
6.408281081045667186e-04
6.541947950609028339e-04
5.493557274652024038e-04
7.431936644328137383e-04
7.667803399575253472e-04
6.004326239538689599e-04
5.678741416583458655e-04
5.134818192649011305e-04
7.118744911470760613e-04
7.365222632264097243e-04
9.774112705296525774e-04
1.225855868930617867e-03
7.337634412882228837e-04
1.044530762980381677e-03
8.411100017838180499e-04
6.502538511995225928e-04
5.709110992029309273e-04
7.925532001536339955e-04
6.722048080215851104e-04
6.088062849206229412e-04
7.026774983387440443e-04
7.187401759438216253e-04
6.009224239581574707e-04
5.596423744767283328e-04
5.000988681179781466e-04
5.806214020897944262e-04
5.819213091551015847e-04
6.289441371336579323e-04
5.895073797243336475e-04
7.662759356511136257e-04
6.651323890158285842e-04
4.509475159769256729e-04
5.109700772057598197e-04
4.557848801293099667e-04
6.220769602805376487e-04
8.005974135206391775e-04
5.717829917557537556e-04
5.184012348763644912e-04
4.978610047449668393e-04
5.903255621281763062e-04
5.823708828150605523e-04
4.402834922075271498e-04
4.392053209206399638e-04
4.744002149285127972e-04
6.039077125024050474e-04
4.755280853714793812e-04
5.066965134271109953e-04
5.525419527354339831e-04
6.490216648671776490e-04
5.356327194022015171e-04
6.278803533253570759e-04
6.351653544697910114e-04
5.021529427419106455e-04
5.454984056996181607e-04
5.268134487171967535e-04
5.250469005356232181e-04
4.640479824350526188e-04
6.282867863774300055e-04
8.058233322420468078e-04
5.993346994121868899e-04
4.635550527988622767e-04
4.655226832255720984e-04
6.621503892044226184e-04
6.166472992238899217e-04
6.300930186019589214e-04
4.768572961135457032e-04
5.270759080303833105e-04
5.239214534716059692e-04
5.437049054307863333e-04
4.643769973578552260e-04
5.573387083131819747e-04
5.486830622733880570e-04
6.516557574893037117e-04
5.232371855527162769e-04
6.069804502961535743e-04
5.970033700577915148e-04
5.261864377340922392e-04
6.118077057180925987e-04
5.918387051982184179e-04
