5.854035697877407074e+00
1.582321718335151672e+00
1.178966745734214783e+00
1.005331046879291534e+00
9.957772158086299896e-01
8.453892543911933899e-01
8.314140364527702332e-01
7.429467123001813889e-01
7.494923919439315796e-01
7.200438547879457474e-01
7.256072498857975006e-01
6.489406125620007515e-01
6.013720110058784485e-01
5.801015272736549377e-01
6.255070976912975311e-01
5.595856569707393646e-01
5.198572520166635513e-01
4.970489740371704102e-01
4.643594343215227127e-01
4.483526553958654404e-01
4.532992895692586899e-01
4.338018223643302917e-01
4.218777157366275787e-01
4.672075025737285614e-01
4.274746961891651154e-01
4.065674208104610443e-01
4.882743116468191147e-01
4.129565525799989700e-01
3.884722851216793060e-01
4.450768269598484039e-01
4.159717708826065063e-01
3.633125219494104385e-01
3.712310716509819031e-01
4.053442683070898056e-01
4.008997865021228790e-01
3.718090225011110306e-01
4.326966088265180588e-01
3.396864784881472588e-01
4.175721807405352592e-01
3.953467793762683868e-01
3.667660169303417206e-01
3.941419962793588638e-01
4.245736282318830490e-01
5.643408633768558502e-01
4.576059263199567795e-01
3.306700494140386581e-01
4.199580522254109383e-01
3.517115497961640358e-01
4.082953929901123047e-01
2.897259443998336792e-01
3.872472736984491348e-01
3.405168242752552032e-01
2.875326788052916527e-01
3.030424285680055618e-01
2.357442192733287811e-01
3.260624725371599197e-01
3.165045380592346191e-01
2.924551591277122498e-01
2.945809299126267433e-01
2.750789849087595940e-01
2.594265723600983620e-01
2.556354207918047905e-01
2.975891209207475185e-01
2.936397278681397438e-01
2.579322252422571182e-01
2.334196409210562706e-01
2.608777713030576706e-01
5.973552688956260681e-01
6.542750010266900063e-01
4.831142816692590714e-01
3.572380477562546730e-01
3.531156489625573158e-01
3.479807116091251373e-01
3.375783497467637062e-01
2.209746511653065681e-01
2.052479754202067852e-01
2.172565325163304806e-01
2.419377337209880352e-01
2.492468189448118210e-01
2.179783592000603676e-01
1.802345826290547848e-01
2.387688476592302322e-01
3.724894756451249123e-01
2.208884973078966141e-01
2.195605272427201271e-01
4.077414860948920250e-01
3.096060240641236305e-01
2.548299459740519524e-01
2.102594487369060516e-01
1.838210895657539368e-01
1.733216037973761559e-01
1.771850418299436569e-01
1.948287053965032101e-01
1.568335993215441704e-01
1.604503076523542404e-01
1.670430172234773636e-01
1.393111534416675568e-01
1.771101583726704121e-01
1.550209647975862026e-01
1.573819573968648911e-01
1.553675313480198383e-01
1.277937726117670536e-01
1.789484545588493347e-01
1.662734025157988071e-01
1.773383012041449547e-01
2.265509441494941711e-01
1.483566812239587307e-01
1.670327242463827133e-01
1.990356505848467350e-01
1.997490227222442627e-01
1.542130145244300365e-01
1.663035838864743710e-01
1.897081243805587292e-01
1.502832844853401184e-01
1.992735974490642548e-01
1.784478377085179090e-01
1.610904787667095661e-01
1.352278431877493858e-01
1.220389916561543941e-01
1.045827949419617653e-01
1.546848702710121870e-01
1.101858871988952160e-01
1.153568769805133343e-01
1.139225461520254612e-01
1.109090740792453289e-01
1.251966007985174656e-01
1.193615826778113842e-01
1.033266899175941944e-01
1.261591427028179169e-01
1.200733976438641548e-01
1.605999739840626717e-01
1.362548072356730700e-01
2.876275083981454372e-01
3.637139378115534782e-01
7.162437113001942635e-01
6.136606615036725998e-01
5.170676596462726593e-01
4.335461501032114029e-01
4.686486218124628067e-01
3.868693346157670021e-01
2.992933234199881554e-01
3.219393054023385048e-01
2.419453300535678864e-01
1.999802133068442345e-01
1.560469404794275761e-01
1.487072408199310303e-01
1.250892332755029202e-01
1.199625304434448481e-01
1.360999993048608303e-01
1.442118650302290916e-01
1.554128890857100487e-01
1.351193855516612530e-01
1.377362636849284172e-01
1.414114357903599739e-01
1.154686664231121540e-01
1.387198804877698421e-01
1.077362373471260071e-01
1.162470648996531963e-01
1.017715916968882084e-01
9.566019754856824875e-02
1.468001254834234715e-01
1.328537999652326107e-01
1.177063889335840940e-01
1.127051156945526600e-01
1.027769893407821655e-01
1.140736318193376064e-01
1.414780756458640099e-01
2.109908829443156719e-01
1.834512180648744106e-01
1.290056067518889904e-01
1.092470460571348667e-01
1.120786583051085472e-01
1.058778790757060051e-01
1.076844967901706696e-01
1.301261521875858307e-01
1.659059445373713970e-01
1.012019817717373371e-01
1.161340447142720222e-01
1.101795695722103119e-01
2.989663355983793736e-01
4.574560541659593582e-01
3.486065967008471489e-01
2.267891559749841690e-01
1.440888908691704273e-01
1.094232972245663404e-01
9.676168998703360558e-02
1.403144123032689095e-01
1.297549051232635975e-01
1.200945414602756500e-01
9.143889159895479679e-02
9.306067763827741146e-02
8.917944040149450302e-02
9.589716233313083649e-02
9.074790985323488712e-02
8.762860181741416454e-02
9.263177262619137764e-02
8.842491731047630310e-02
1.224641164299100637e-01
8.032465307042002678e-02
8.761076675727963448e-02
8.317774650640785694e-02
1.026582261547446251e-01
1.682630293071269989e-01
1.080539310351014137e-01
9.401533845812082291e-02
8.938301354646682739e-02
9.629663219675421715e-02
8.404537476599216461e-02
8.180571277625858784e-02
8.037336776033043861e-02
9.284617542289197445e-02
8.016578853130340576e-02
7.121982448734343052e-02
7.933134771883487701e-02
7.297172211110591888e-02
7.776219537481665611e-02
1.145191192626953125e-01
1.212627976201474667e-01
1.197095154784619808e-01
1.040807506069540977e-01
1.352678933180868626e-01
1.011137946043163538e-01
1.069305748678743839e-01
8.662423444911837578e-02
7.235796842724084854e-02
7.435670820996165276e-02
7.777496264316141605e-02
7.664234028197824955e-02
7.365875830873847008e-02
7.147527323104441166e-02
7.362973387353122234e-02
7.509795576333999634e-02
7.034870516508817673e-02
6.772609194740653038e-02
7.381070242263376713e-02
6.812106585130095482e-02
8.177305432036519051e-02
6.866816687397658825e-02
6.204007379710674286e-02
6.389793963171541691e-02
7.308542309328913689e-02
2.002811301499605179e-01
2.441344829276204109e-01
2.133412319235503674e-01
2.322095395065844059e-01
1.308199688792228699e-01
1.115435967221856117e-01
7.933090813457965851e-02
7.427495415322482586e-02
8.614652394317090511e-02
6.756800436414778233e-02
6.937866704538464546e-02
7.482364913448691368e-02
1.025578745175153017e-01
1.039181197993457317e-01
7.904397509992122650e-02
8.060068869963288307e-02
7.719283166807144880e-02
8.395179617218673229e-02
9.262267313897609711e-02
8.518369356170296669e-02
8.566966094076633453e-02
6.658594287000596523e-02
7.891267840750515461e-02
7.583461678586900234e-02
6.955055007711052895e-02
8.406585897319018841e-02
8.403165964409708977e-02
1.254635602235794067e-01
9.049633098766207695e-02
7.798403524793684483e-02
7.681378605775535107e-02
8.665272616781294346e-02
8.058909908868372440e-02
8.649176382459700108e-02
1.029064683243632317e-01
8.069788618013262749e-02
7.445898489095270634e-02
6.329422607086598873e-02
7.553468784317374229e-02
5.771003663539886475e-02
6.060698197688907385e-02
8.516195928677916527e-02
8.470296836458146572e-02
7.339536794461309910e-02
7.434037490747869015e-02
6.362485256977379322e-02
7.135181990452110767e-02
6.502441829070448875e-02
6.647783843800425529e-02
6.460656528361141682e-02
6.119924550876021385e-02
5.457542045041918755e-02
6.616142112761735916e-02
7.061299262568354607e-02
8.501122216694056988e-02
7.464254810474812984e-02
6.612232374027371407e-02
6.193942646495997906e-02
7.057411875575780869e-02
