4.343658132711425424e-03
1.582679979037493467e-03
1.200055663503007963e-03
1.103891103412024677e-03
1.131675897340755910e-03
9.928841973305679858e-04
9.823619911912828684e-04
9.266474226024001837e-04
8.841949093039147556e-04
9.852596485870890319e-04
1.080174159142188728e-03
9.698203539301175624e-04
1.167660087958211079e-03
8.695189972058869898e-04
9.436766158614773303e-04
9.716767744976095855e-04
8.490137443004641682e-04
9.211836004396900535e-04
9.059418080141767859e-04
9.178395084745716304e-04
9.451539299334399402e-04
1.005247861030511558e-03
9.301963764301035553e-04
9.694526088424026966e-04
8.921026364987483248e-04
8.526151395926717669e-04
9.249059366993606091e-04
8.710796464583836496e-04
8.498230617988156155e-04
1.026991474645910785e-03
9.958129012375138700e-04
8.439038210781291127e-04
8.487975719617679715e-04
7.096346053003799170e-04
7.671528928767656907e-04
8.701361439307220280e-04
1.003148292511468753e-03
9.780662730918265879e-04
1.003465884423349053e-03
9.162289970845449716e-04
9.984912358049768955e-04
1.008532661217032000e-03
1.052307092322735116e-03
9.584588697180151939e-04
1.031463976687518880e-03
1.017995491565670818e-03
9.645427344366908073e-04
9.417514847882557660e-04
8.528576618118677288e-04
8.963096643128665164e-04
9.302104408561717719e-04
8.279199391836300492e-04
8.879681117832660675e-04
1.027016936859581620e-03
9.776545957720372826e-04
8.959688821050804108e-04
9.189866686938330531e-04
8.847589306242298335e-04
7.669847291253972799e-04
8.989177622424904257e-04
9.510348172625526786e-04
8.570465543016325682e-04
8.876842457539169118e-04
1.037810699926922098e-03
9.786952759895939380e-04
9.628813131712377071e-04
1.001415868813637644e-03
8.610725053586065769e-04
8.255751527030952275e-04
9.160042791336309165e-04
9.649261046433821321e-04
8.948412360041402280e-04
8.488119819958228618e-04
1.109826582251116633e-03
9.375023510074242949e-04
9.632492256059776992e-04
9.373913235322106630e-04
8.157351912814192474e-04
8.537310059182345867e-04
8.834831678541377187e-04
9.271613707824144512e-04
8.764735430304426700e-04
8.896104809537064284e-04
1.027287278702715412e-03
9.729752855491824448e-04
8.879768865881487727e-04
1.038791604514699429e-03
1.077070362953236327e-03
9.608638283680193126e-04
9.776766019058413804e-04
7.662964126211591065e-04
8.457084622932597995e-04
9.386087440361734480e-04
8.063649511313997209e-04
8.148978504323167726e-04
6.737441035511437804e-04
7.777382597851101309e-04
8.741120582271832973e-04
9.356734408356714994e-04
8.033834819798357785e-04
9.828834117797669023e-04
1.066828874172642827e-03
1.010213229164946824e-03
9.665181569289416075e-04
1.123596957768313587e-03
1.131419296143576503e-03
1.030263330903835595e-03
1.007568971544969827e-03
1.064134721673326567e-03
1.137682840635534376e-03
9.873334056464955211e-04
1.056724526279140264e-03
7.999337831279262900e-04
8.956271376518998295e-04
8.721761587366927415e-04
1.175735538708977401e-03
1.382046677463222295e-03
1.059260350302793086e-03
7.988771430973429233e-04
8.124344858515542001e-04
9.031166446220595390e-04
1.168815422715852037e-03
1.547292711620684713e-03
1.249797369382577017e-03
9.525461828161496669e-04
1.115311955800279975e-03
8.513361826771870255e-04
9.976153742172755301e-04
1.034421606163959950e-03
1.047947658662451431e-03
1.161882377346046269e-03
1.023573116981424391e-03
9.858229350356850773e-04
9.516839418211020529e-04
9.141758855548687279e-04
8.815934997983276844e-04
8.634829646325670183e-04
7.833139170543290675e-04
1.055899607308674604e-03
9.502609573246445507e-04
7.895066082710400224e-04
8.530341583536937833e-04
7.971190643729642034e-04
9.618548356229439378e-04
7.901749540906166658e-04
7.375804416369646788e-04
8.222561009461060166e-04
7.668569742236286402e-04
7.350698397203814238e-04
8.011210156837478280e-04
7.798686492606066167e-04
9.500178566668182611e-04
1.076721404388081282e-03
8.960292288975324482e-04
9.423810515727382153e-04
9.474020480411127210e-04
8.314274018630385399e-04
7.101763567334273830e-04
7.852844501030631363e-04
8.387170164496637881e-04
8.957321369962301105e-04
9.049979889823589474e-04
8.849767891661031172e-04
9.161836969724390656e-04
7.295133418665500358e-04
8.110320886771660298e-04
8.932155069487635046e-04
8.504450561304111034e-04
7.127415010472759604e-04
7.870088229537941515e-04
8.582374357501976192e-04
7.062509012030204758e-04
7.691202463320223615e-04
8.078945793386083096e-04
7.321064294956158847e-04
7.700261630816385150e-04
7.463273177563678473e-04
8.027134390431456268e-04
7.353777036769315600e-04
8.202994067687541246e-04
8.386828158108983189e-04
8.632403842057101429e-04
7.351248386839870363e-04
9.765073846210725605e-04
9.170486482616979629e-04
7.608958112541586161e-04
7.727121865173103288e-04
9.195597667712718248e-04
8.519556158717023209e-04
7.446787421940825880e-04
7.028250074654351920e-04
8.373276796191930771e-04
8.929556679504457861e-04
7.017306834313785657e-04
7.090534163580741733e-04
7.925089630589354783e-04
9.040505137818399817e-04
8.919530046114232391e-04
8.674657437950372696e-04
8.744955521251540631e-04
9.588670436642132699e-04
1.002253357000881806e-03
8.853119543346110731e-04
9.190941400447627530e-04
9.186495990434195846e-04
8.773759436735417694e-04
8.631298769614659250e-04
8.271431415778351948e-04
7.639188206667313352e-04
7.418411005346570164e-04
7.159648685046704486e-04
8.007317264855373651e-04
8.392763920710422099e-04
9.544266467855777591e-04
8.081075211521238089e-04
9.759017011674586684e-04
8.266488002846017480e-04
8.311382534884614870e-04
8.335071288456674665e-04
8.145956235239282250e-04
8.970346279966179281e-04
1.056459921528585255e-03
9.003772684081923217e-04
7.475951133528724313e-04
8.301488560391589999e-04
8.755036178627051413e-04
7.783086912240833044e-04
7.501623695134185255e-04
1.056478868122212589e-03
9.523529733996838331e-04
8.523655596945900470e-04
8.971440292953047901e-04
8.800854702712967992e-04
7.099192607711302117e-04
8.833026040520053357e-04
8.093009437288856134e-04
1.047868456225842237e-03
8.202585668186657131e-04
1.005991449346765876e-03
9.701035414764191955e-04
9.282516475650481880e-04
8.883448390406556427e-04
7.332704262807965279e-04
7.136711774364812300e-04
7.860182813601568341e-04
8.940147126850206405e-04
8.469801614410243928e-04
8.568521352572133765e-04
7.484852976631373167e-04
6.551186561409849674e-04
8.388295500481035560e-04
7.842678787710610777e-04
6.839151756139472127e-04
7.445304490829585120e-04
6.928793081897310913e-04
7.647090860700700432e-04
8.154103707056492567e-04
6.924818208062788472e-04
7.535675067629199475e-04
8.781572614680044353e-04
7.561309612356126308e-04
7.558426004834473133e-04
8.245238022936973721e-04
7.723406433797208592e-04
7.858231874706689268e-04
8.345959031430538744e-04
7.579430421174038202e-04
7.624575409863609821e-04
7.084947719704359770e-04
9.276314558519516140e-04
1.159997416834812611e-03
7.998912842595018446e-04
8.333527111972216517e-04
8.624034016975201666e-04
7.170805765781551600e-04
7.341445343627128750e-04
8.654491266497643664e-04
9.367284983454737812e-04
9.118861416936852038e-04
8.826003104331903160e-04
7.387644182017538697e-04
9.171095407509710640e-04
7.859598390496103093e-04
7.668329708394594491e-04
8.389766444452106953e-04
8.354965721082407981e-04
1.037838581396499649e-03
9.703253126644995064e-04
8.796281763352453709e-04
8.130547648761421442e-04
8.150842986651696265e-04
8.519174662069417536e-04
8.139566089084837586e-04
7.385083918052259833e-04
8.178770985978189856e-04
7.487423208658583462e-04
8.127151377266272902e-04
9.982964838854968548e-04
7.797458201821427792e-04
7.921714095573406667e-04
