8.587620790617969679e-02
4.668807650271516833e-03
4.434060975192831086e-03
2.949132146134686092e-03
2.699824674234080867e-03
2.583404473709658821e-03
2.365629642736166542e-03
2.414434946751078601e-03
2.418006828520447016e-03
1.954173876080088704e-03
2.287390253220040245e-03
2.047139292475409246e-03
2.034625626401975838e-03
1.939993049913587468e-03
1.805061834882228404e-03
2.056810126389161785e-03
2.067294739670335300e-03
1.996096545078146836e-03
1.768816698593302442e-03
1.857078417043129918e-03
1.895043656874734628e-03
1.826997904572635889e-03
1.994360551739541351e-03
1.818984056948325882e-03
1.719667365810332357e-03
1.819287449605046496e-03
1.638285110955341444e-03
1.593933143438054905e-03
1.592309616255359111e-03
1.693026088805009606e-03
1.849015232605429786e-03
1.592557297016565510e-03
2.082272787811234680e-03
1.707524627608318808e-03
1.675664609781681415e-03
1.447277590005586990e-03
1.679823899981924048e-03
1.638491871730925892e-03
1.652325219653833378e-03
1.548601814115849748e-03
8.269414101960137486e-03
2.566037937604750616e-02
2.382695065954556699e-03
2.006650770692011525e-03
1.722768950276076750e-03
1.830472220451786038e-03
1.583443152216764500e-03
1.451898663071915594e-03
1.460753516920913807e-03
1.360737960427426275e-03
1.459187125930419332e-03
1.390602088604982189e-03
1.342251025534306474e-03
1.412121264729648915e-03
1.346114249631332567e-03
1.352718180099215638e-03
1.427481303779551619e-03
1.422008867554653113e-03
1.281827424043932703e-03
1.383016375341237841e-03
2.117077986118741980e-03
1.291708250153953026e-03
1.399975590175017715e-03
1.386996784892219727e-03
1.471568134058123681e-03
1.206056910674445848e-03
1.360337513660152264e-03
1.323532639071345416e-03
1.375857613031537504e-03
1.375040364487526432e-03
1.330822486376676515e-03
1.405011271932520619e-03
1.387814841627214987e-03
1.356852291904103291e-03
1.327018833790834240e-03
1.380756160674186757e-03
1.488571846857667056e-03
1.261398881279791710e-03
1.358333776722876968e-03
1.343087113659399137e-03
1.446697219328668335e-03
1.538433494100060637e-03
1.339236738008017054e-03
1.346954918699339076e-03
1.414040684064205543e-03
1.246366827623345561e-03
1.226205339816470495e-03
1.252246171218128262e-03
1.266213941674392950e-03
1.368236732937825337e-03
1.308520030803405265e-03
1.358682985972756293e-03
1.327554703367730699e-03
1.442382361542863438e-03
1.370968793232280394e-03
1.191950029281612722e-03
1.262916762901183411e-03
1.208873855648562269e-03
1.225990772945806471e-03
1.204968180256680730e-03
1.368995506065682653e-03
1.394943262969788357e-03
1.266532843538488310e-03
1.329720704010329581e-03
1.337574161320494951e-03
1.186457569621359983e-03
1.298704228919142674e-03
1.191636689383393293e-03
1.285963221632230790e-03
1.334462047088891181e-03
1.294093093243785806e-03
1.284454973378720269e-03
1.139723642084460942e-03
1.104642050519872220e-03
1.129733583030219325e-03
1.186968385277745739e-03
1.303713684095642944e-03
1.293042118553645306e-03
1.338566747458221854e-03
1.244065547451520242e-03
1.202540000667795452e-03
1.199552316281299758e-03
1.131694517859544238e-03
1.196796867477062810e-03
1.214611166282198720e-03
1.325897966475727500e-03
1.313048825473882861e-03
1.216122959830010213e-03
1.155937921094636438e-03
1.103859485682243341e-03
1.189379104359362038e-03
1.383453974267467900e-03
1.344277865987700878e-03
1.186332598221130196e-03
1.132067106664180799e-03
1.060477074217767773e-03
1.105320419166953448e-03
1.188802228828605458e-03
1.208522569280690798e-03
1.205471785327133028e-03
1.424851707326105004e-03
1.110312003696050862e-03
1.192772745987615360e-03
1.139731566161991802e-03
1.214800717738958582e-03
1.272315135261473671e-03
1.147080078058374626e-03
1.159916635459432238e-03
1.073792719846376363e-03
1.040049265765656582e-03
1.140072316271611118e-03
1.231927429146778075e-03
1.262181477460007318e-03
1.137846883368463530e-03
1.191158526881526359e-03
1.180850493256002665e-03
1.269175492612143559e-03
1.125118739974613306e-03
1.089549398658653818e-03
1.113142249568437221e-03
1.082477750829779085e-03
1.185495192811895958e-03
1.099123731434631856e-03
1.117836618616890442e-03
1.105301806595749550e-03
1.188564256657488041e-03
1.208757671814125354e-03
1.114756177860097260e-03
1.029842650929752371e-03
1.119747417620741304e-03
1.100681856041774197e-03
1.167960537490076757e-03
1.128309931552324077e-03
1.070391795544240257e-03
1.129765772314455683e-03
1.115029460589329717e-03
1.202639869790380917e-03
1.135098082326854068e-03
1.152209543551390054e-03
1.105973309425350472e-03
1.177703355027076093e-03
1.219601837398770830e-03
1.047283963103277232e-03
1.107933194501898710e-03
1.084534682852860907e-03
1.076017619030048651e-03
1.171187933785124494e-03
1.112948075080147066e-03
1.029187267144712151e-03
1.183731967243007843e-03
1.105053832557482312e-03
1.074668787903367310e-03
1.110489553404757010e-03
1.277868430882405856e-03
1.207473614844135380e-03
1.056176806853797567e-03
1.074266456998884635e-03
1.083855090501646646e-03
1.107460754484726213e-03
1.045669338334566682e-03
1.042375664781922335e-03
1.111274735572246328e-03
1.122804021444887999e-03
1.078637405477750680e-03
1.087367957762370822e-03
1.191476577570518662e-03
1.033927929193641107e-03
1.097324355326306355e-03
1.089162448233065104e-03
1.052023921735011688e-03
1.073452750167164628e-03
1.111009993921750500e-03
1.097052900541502099e-03
1.069887489743100942e-03
1.085892030208084925e-03
1.129779517381953495e-03
1.059333720387747695e-03
1.093422653726660188e-03
1.088641139750297273e-03
1.068957891010751012e-03
1.130661812987035367e-03
1.126588905194344375e-03
1.033325003048118484e-03
1.047439943515480641e-03
1.051356307624910823e-03
1.098598143569408641e-03
1.042656361152274631e-03
1.025585982447060202e-03
1.167061531361049181e-03
1.103282595823447355e-03
1.059272476525690643e-03
1.163584328829669065e-03
1.076959014440385248e-03
9.783421446067782582e-04
1.174354570237203226e-03
1.127660341668300804e-03
1.034678047066196240e-03
1.017128386481020320e-03
1.020975104228665116e-03
1.109116066856166488e-03
1.055721411606870032e-03
1.020888588391244325e-03
1.068506530897978457e-03
1.009060357374927169e-03
1.019638647826818243e-03
1.068451818830978492e-03
1.085596416557494314e-03
1.085617297884220204e-03
1.130232722901452569e-03
1.047887262673332038e-03
1.009596564332381364e-03
1.212359933504978055e-03
1.116490504668595689e-03
1.024603824883412893e-03
1.068747601059910277e-03
1.051066863314750006e-03
1.062703267850268352e-03
1.033508891571098239e-03
1.006116856856701519e-03
1.066409900130775622e-03
9.965180130585885553e-04
1.053951193059149850e-03
1.069344700618575375e-03
1.015830289823218061e-03
1.026757284909343400e-03
1.074014908114734757e-03
1.099001345126173141e-03
1.049483670906808551e-03
1.011107265367172702e-03
1.037111436016857667e-03
1.028262268384703623e-03
1.055093217963495996e-03
1.030140588633143015e-03
1.013821089649214737e-03
1.030155822473506448e-03
1.056942298488978060e-03
1.003144363774201601e-03
1.059491908661304698e-03
1.107738252567986963e-03
9.603187558241188309e-04
1.009881860451199674e-03
1.109044626355171290e-03
1.206862172022318651e-03
1.005038667174700884e-03
1.017409255011723695e-03
9.536400271687083203e-04
1.033124127067052474e-03
9.940336274806983296e-04
1.021907737371153570e-03
1.056854068212067805e-03
1.030749845085665584e-03
1.071010452981751779e-03
1.003500100117749863e-03
9.948905526051441631e-04
9.716996667870821678e-04
1.020768696281056055e-03
9.961495413265835947e-04
1.056536401693637618e-03
1.082338024906885762e-03
9.901905329360697911e-04
