3.588350210338830948e-02
1.984108351171016624e-02
1.797438166104257246e-02
1.677578468807041506e-02
1.675538555718958378e-02
1.647560191340744634e-02
1.753374859690666129e-02
1.809267932549118996e-02
1.802991121076047421e-02
1.824343949556350708e-02
1.675702892243862221e-02
1.775061320513486932e-02
1.600754950195550780e-02
1.603871583938598633e-02
1.655157832428812842e-02
1.660453230142593453e-02
1.628167219460010390e-02
1.645995317958295207e-02
1.691150730475783279e-02
1.783853583037853241e-02
1.697036465629935334e-02
1.595815485343337128e-02
1.500634816475212609e-02
1.569984657689928870e-02
1.691799722611904075e-02
1.666810195893049171e-02
1.713948776014149328e-02
1.720004803501069476e-02
1.603301698341965537e-02
1.679646763950586388e-02
1.570125678554177423e-02
1.569757722318172385e-02
1.827989597804844518e-02
1.896395510993897915e-02
1.823947438970208168e-02
1.653209649957716396e-02
1.660166527144611021e-02
1.735826418735086918e-02
1.666228538379073074e-02
1.675472748465835909e-02
1.555486922152340447e-02
1.532212072052061523e-02
1.646806932985782693e-02
1.799085307866334776e-02
1.659125508740544319e-02
1.668234709650278161e-02
1.602670159190893243e-02
1.592302159406244755e-02
1.484683258458971943e-02
1.530761001631617511e-02
1.820906726643443246e-02
1.942311758175492217e-02
1.676119961775839398e-02
1.686818236485123496e-02
1.594157530926167826e-02
1.593704079277813435e-02
1.534234927967190708e-02
1.542946640402078663e-02
1.546050105243921245e-02
1.577871800400316646e-02
1.586616672575473855e-02
1.539160618558526109e-02
1.916882442310452461e-02
1.831992128863930633e-02
1.573964459821581771e-02
1.670541861094534258e-02
1.638103714212775161e-02
1.506648547947406734e-02
1.552353966981172631e-02
1.619194368831813197e-02
1.583530209027230601e-02
1.559436209499836037e-02
1.589329079724848340e-02
1.585147688165306976e-02
1.587987546809017589e-02
1.844453364610671928e-02
1.610259874723851681e-02
1.513990829698741436e-02
1.552487188018858433e-02
1.726375930011272292e-02
1.635858495719730993e-02
1.767772901803255081e-02
1.597753874957561632e-02
1.525726900435984100e-02
1.552434093318879639e-02
1.504126321524381672e-02
1.584603181108832498e-02
1.605947562493383746e-02
1.712551182135939667e-02
1.500522890128195251e-02
1.545029194094240700e-02
1.529530542902648484e-02
1.489436668343841960e-02
1.428152821026742493e-02
1.594938314519822598e-02
1.677219541743397643e-02
1.675550462678074976e-02
1.530596339143812726e-02
1.595702017657458713e-02
1.602340964600443979e-02
1.577173680998384883e-02
1.515986011363565887e-02
1.444296026602387428e-02
1.533472305163741112e-02
1.764017445966601511e-02
1.544911446981131996e-02
1.511023552156984771e-02
1.502272114157676697e-02
1.464702826924622024e-02
1.423884569667279755e-02
1.507870485074818204e-02
1.587740490213036468e-02
1.473012790083885228e-02
1.495020976290106773e-02
1.580169782973826070e-02
1.624574363231658797e-02
1.569555643945932250e-02
1.567198620177805493e-02
1.620512339286506176e-02
1.602512379176914553e-02
1.469237268902361462e-02
1.578215858899056911e-02
1.524512213654816151e-02
1.463081673718988861e-02
1.500007878057658603e-02
1.473394855856895516e-02
1.543962438590824535e-02
1.628445493988692899e-02
1.598665495403111050e-02
1.667496762238442759e-02
1.603394080884754797e-02
1.738421004265546660e-02
1.994874831289052824e-02
1.572169936262070994e-02
1.593238580971956253e-02
1.541571039706468582e-02
1.647151983343064785e-02
1.553196944296359946e-02
1.532476497814059223e-02
1.571589601226151128e-02
1.527262176387012005e-02
1.540464824065566028e-02
1.522537963464856182e-02
1.581244515255093505e-02
1.588567993603646686e-02
1.523087727837264468e-02
1.457174904644489323e-02
1.657296735793352058e-02
1.590354936197400232e-02
1.537656760774552822e-02
1.490249969065189292e-02
1.476708003319799831e-02
1.549972300417721237e-02
1.627940791659057002e-02
1.517106681130826404e-02
1.483870674856007169e-02
1.526906969957053661e-02
1.427715509198606084e-02
1.436492488719522988e-02
1.544518498703837360e-02
1.404333580285310745e-02
1.460584355518221820e-02
1.409785551950335468e-02
1.544661307707428932e-02
1.544419229030609061e-02
1.491564512252807617e-02
1.505375658161938260e-02
1.604028437286615302e-02
1.485004373826086591e-02
1.458199350163340638e-02
1.484766034409403836e-02
1.468606805428862572e-02
1.531510213389992645e-02
1.549904122948646615e-02
1.581937042064964632e-02
1.624980084598064492e-02
1.577519751153886457e-02
1.519432030618190696e-02
1.515371357090771268e-02
1.460980107076466014e-02
1.451658094301819767e-02
1.506847436539828812e-02
1.532011283561587368e-02
1.575111071579158445e-02
1.798667307011782984e-02
1.651408434845507214e-02
1.586552048102021079e-02
1.667364491149782996e-02
1.628720085136592388e-02
1.542264879681170056e-02
1.519010728225111961e-02
1.582545740529894829e-02
1.516515086404979229e-02
1.584513331763446470e-02
1.504633110016584396e-02
1.482880651019513607e-02
1.485720183700323105e-02
1.533246212638914550e-02
1.382491099648177658e-02
1.449355371296405862e-02
1.590198385529219965e-02
1.517407586798071896e-02
1.460901591926813160e-02
1.502531296573579242e-02
1.454616049304604565e-02
1.389470775611698593e-02
1.498640249483287369e-02
1.639980566687881947e-02
1.570503520779311518e-02
1.421637684106826817e-02
1.572963893413543632e-02
1.640366511419415543e-02
1.545156524516642059e-02
1.493752580136060645e-02
1.534140952862799237e-02
1.427870467305183445e-02
1.463344516232609714e-02
1.597445104271173408e-02
1.499060932546853950e-02
1.375818531960248947e-02
1.403948883526027168e-02
1.341676274314522813e-02
1.396775715984404156e-02
1.515679555013775895e-02
1.511507360264658859e-02
1.459084101952612400e-02
1.432114741764962604e-02
1.379089024849236046e-02
1.503088558092713356e-02
1.548655517399311066e-02
1.476569562219083240e-02
1.453756587579846382e-02
1.510555706918239628e-02
1.369951930828392471e-02
1.433834643103182316e-02
1.377124697901308502e-02
1.442779703065752948e-02
1.431380333378911088e-02
1.504482124000787804e-02
1.461812811903655598e-02
1.659370134584605555e-02
1.631875340826809476e-02
1.562283509410917690e-02
1.479323538951575825e-02
1.428911969996988704e-02
1.508168992586433887e-02
1.463690488599240710e-02
1.517631500028073822e-02
1.382586113177239860e-02
1.373938331380486488e-02
1.426660264842212131e-02
1.402913331985473563e-02
1.456681122072040965e-02
1.423262716270983289e-02
1.396014671772718464e-02
1.474282369017601048e-02
1.481491317972540890e-02
1.418712213635444676e-02
1.490312148816883529e-02
1.497833365574479172e-02
1.454417896457016468e-02
1.372475312091410091e-02
1.350611080415546963e-02
1.419731099158525432e-02
1.409660661593079532e-02
1.689399802125990391e-02
1.702876850031316211e-02
1.419362099841237068e-02
1.590095632709562917e-02
1.711161178536713123e-02
1.641946011222899030e-02
1.566605777479708125e-02
1.464286129921674694e-02
1.468710890039801563e-02
1.644615638069808414e-02
1.400738987140357460e-02
1.419968339614570071e-02
1.372488695196807419e-02
1.445427071303129196e-02
1.390695725567638909e-02
1.360574178397655487e-02
1.423143241554498603e-02
1.488844607956707478e-02
1.389543325640261139e-02
1.514693396165966988e-02
1.436358303762972320e-02
1.361199105158448185e-02
1.328089041635394096e-02
1.481433925218880211e-02
1.465012882836163113e-02
1.436620447784662212e-02
1.386110847815871273e-02
1.411434961482882500e-02
1.455689216963946750e-02
1.432805620133876731e-02
1.390782818198204110e-02
1.409559873864054715e-02
1.360505688935518230e-02
1.432452662847936119e-02
1.672222996130585601e-02
