1.722883956506848224e-01
1.087263137102127131e-01
8.381119556725025177e-02
7.527313567698001862e-02
7.376474794000387192e-02
7.396736703813075464e-02
7.713498435914516171e-02
6.659093443304300863e-02
6.913729663938283920e-02
8.534103427082299909e-02
8.390069119632244388e-02
9.172702394425868988e-02
7.483350206166505814e-02
7.648714054375886640e-02
6.188958324491977692e-02
6.369700226932764608e-02
6.715556504204869825e-02
7.759054526686667841e-02
6.215078625828027864e-02
6.913589760661124906e-02
7.990289609879255850e-02
7.651260681450366974e-02
7.064194716513157168e-02
6.677946876734494608e-02
8.260454162955284396e-02
8.375123031437396726e-02
7.657683026045561392e-02
6.985269226133823672e-02
5.878276396542787829e-02
6.023609545081853867e-02
6.204668059945106506e-02
6.571098193526267450e-02
6.510264370590448935e-02
5.842589214444160461e-02
6.153691131621599059e-02
6.811896022409200113e-02
7.311847098171711523e-02
6.292012818157673160e-02
6.113550029695034166e-02
7.154759299010038376e-02
6.509241405874491293e-02
7.203128468245267868e-02
7.158428989350795746e-02
6.287120934575796127e-02
5.899877417832612853e-02
6.626117192208766382e-02
6.634819880127906799e-02
7.617510017007589340e-02
5.757917920127510886e-02
5.943115139380097250e-02
5.542572904378175597e-02
7.675830591470003683e-02
8.047599736601114551e-02
6.549668498337268829e-02
5.598394125699997226e-02
7.497372291982173920e-02
6.784078404307365695e-02
6.807374581694602966e-02
6.417510509490967352e-02
5.516542540863156319e-02
5.847602356225252429e-02
6.301754768937825602e-02
5.729825794696807861e-02
6.022701039910316467e-02
5.826678909361362318e-02
5.657103005796670914e-02
6.684155222028494159e-02
5.631650183349847655e-02
6.454238221049309054e-02
5.595308123156428337e-02
5.750531610101461411e-02
6.001462843269109865e-02
6.515193767845631201e-02
5.986974481493234634e-02
6.131531093269586286e-02
5.754785537719726840e-02
5.743909012526273589e-02
5.548108834773302078e-02
5.910949669778346738e-02
5.274843648076057295e-02
6.010544858872890472e-02
5.617145206779241423e-02
6.301434170454740802e-02
5.220608338713646213e-02
6.218475559726357321e-02
6.600932199507951459e-02
6.248252633959054669e-02
6.130289752036333084e-02
5.599016435444355289e-02
5.908335708081722398e-02
5.288276495411992073e-02
6.000043582171201567e-02
6.178405825048684935e-02
5.273306518793106218e-02
5.407839529216289243e-02
5.553118903189897815e-02
5.367140779271721562e-02
5.855268537998199740e-02
6.473717354238033017e-02
6.303661633282900412e-02
6.636851988732814234e-02
5.285861436277627945e-02
5.162820648401975770e-02
5.449994402006268224e-02
6.637926604598760882e-02
6.939642885699867647e-02
6.577880028635263443e-02
5.588819030672311644e-02
5.625802446156739911e-02
5.222601499408483644e-02
5.636703148484230319e-02
6.156618334352970123e-02
5.832617767155170302e-02
5.388795770704746246e-02
6.038071606308222095e-02
5.778349265456199368e-02
5.660228841006755690e-02
4.735699053853750090e-02
4.975356664508581023e-02
5.352749694138765613e-02
7.605543825775384903e-02
6.627959841862321455e-02
5.961908344179391722e-02
5.451633352786302428e-02
5.349400276318192621e-02
5.661510191857814511e-02
5.707642938941717009e-02
5.038607520982622823e-02
4.941894160583615303e-02
5.333053730428218703e-02
5.264564985409379144e-02
5.663552880287170410e-02
5.655085686594248096e-02
5.207060948014259616e-02
5.798175549134611945e-02
5.036485595628618916e-02
6.037965836003422737e-02
5.506604164838790894e-02
4.992157947272062024e-02
4.624325037002563477e-02
5.012858025729656497e-02
4.638378340750932971e-02
5.520360944792628011e-02
5.390829909592866759e-02
6.612369157373905459e-02
5.653516035526991168e-02
6.185382027179002484e-02
5.499334670603275160e-02
5.234706848859786710e-02
4.942464893683791438e-02
4.191540116444229802e-02
4.966677296906709532e-02
4.713595211505890170e-02
4.986986704170703888e-02
5.109691601246595105e-02
4.651768021285533627e-02
5.050813704729080478e-02
5.273402398452162881e-02
4.624413503333926062e-02
5.183614855632186214e-02
4.284122819080948830e-02
4.746878910809755603e-02
4.556019678711890897e-02
4.705161042511463165e-02
4.952168688178062300e-02
6.056715101003647128e-02
6.057986142113804678e-02
6.240871548652648926e-02
5.674833767116069932e-02
6.146192867308854918e-02
4.193362575024366101e-02
4.813210712745785713e-02
4.929651608690619607e-02
5.086970459669828276e-02
4.654525294899940213e-02
5.167340133339166919e-02
4.841895643621683260e-02
5.220645861700177331e-02
4.587965309619903426e-02
4.970040731132030487e-02
5.799325993284583369e-02
4.866691064089536528e-02
4.530801111832261086e-02
4.281334355473518510e-02
5.206247987225651880e-02
5.055831987410783906e-02
4.639887129887938777e-02
4.298463976010680199e-02
5.164775345474481583e-02
4.417344033718108992e-02
5.032573062926530560e-02
4.903754964470863342e-02
4.489455251023173610e-02
4.370820559561252455e-02
4.812095547094941139e-02
4.179513258859515051e-02
4.628370190039277077e-02
4.295026925392449180e-02
4.164173705503344813e-02
3.764089802280068398e-02
4.491769773885607997e-02
4.564983109012245993e-02
5.164023768156766891e-02
4.618657231330871443e-02
4.683502493426203867e-02
4.690978219732642313e-02
4.503584271296858649e-02
4.429373899474740167e-02
4.123929971829056601e-02
4.313074154779315134e-02
3.956324588507413587e-02
4.164025783538818221e-02
3.743194751441478868e-02
4.664120879024267335e-02
4.265405125916003903e-02
4.108571512624621669e-02
4.723745537921786308e-02
4.328148569911718230e-02
3.822122691199183325e-02
4.496123408898711205e-02
3.989188587293028554e-02
4.084332277998328070e-02
3.934079501777887344e-02
5.019403714686632156e-02
6.377793373540044386e-02
5.402768794447183887e-02
4.438886344432831088e-02
4.350798036903143207e-02
4.001762941479682784e-02
3.717256449162960330e-02
3.716551186516880989e-02
3.736492563039064269e-02
3.638104023411870003e-02
5.152252297848462781e-02
3.743106033653020859e-02
4.762278879061341424e-02
4.342457922175526480e-02
4.383632848039269170e-02
4.560159118846059123e-02
5.201591840013861795e-02
4.540946334600448608e-02
4.240107769146561623e-02
4.013623399659991403e-02
4.081735275685786923e-02
3.862550761550664902e-02
4.706621672958135466e-02
4.093902111053467074e-02
3.971151597797870775e-02
3.958573229610919814e-02
3.616379671730100831e-02
4.122297409921884398e-02
4.408743623644113818e-02
3.840408185496926169e-02
4.053779356181621413e-02
3.617470497265458385e-02
4.142780229449272156e-02
3.422333816997706613e-02
3.493364565074443678e-02
3.751662345603108684e-02
3.889355519786476950e-02
3.754268418997526446e-02
3.588890936225652695e-02
4.027403546497225484e-02
4.651886597275733948e-02
5.449146591126918793e-02
4.375436920672655383e-02
3.830696931108832498e-02
3.745087068527937213e-02
3.967870101332664212e-02
4.393661702051758489e-02
3.995124371722340306e-02
3.594049410894513408e-02
3.220042698085308353e-02
4.142608484253287177e-02
4.181109424680471559e-02
4.077808186411857605e-02
4.372377423569560190e-02
3.703396264463663240e-02
4.056090917438268800e-02
4.250604333356022835e-02
3.642726922407746315e-02
3.634241675026714941e-02
4.273096779361366948e-02
3.862588116899132867e-02
3.965440727770328661e-02
3.594184853136539459e-02
4.125465853139757832e-02
3.891263268887996951e-02
3.526481781154870709e-02
3.986919848248362402e-02
3.918655328452587405e-02
4.156297743320465365e-02
4.077096646651625494e-02
4.527623085305094996e-02
3.374007996171712875e-02
3.943595476448535919e-02
3.955425368621945381e-02
3.898056186735630174e-02
3.090810971334576746e-02
3.981445087119937082e-02
