1.259872514754533657e-01
7.127557359635830481e-02
5.115215908735990663e-02
4.811025336384773532e-02
4.225113932043313841e-02
4.135725125670432906e-02
4.016001466661691527e-02
3.701985776424408098e-02
4.055723100900650302e-02
4.376234617084264616e-02
5.516158267855644087e-02
4.166241139173507829e-02
3.509293682873249054e-02
3.173700086772442142e-02
3.560573346912861148e-02
3.628379050642251830e-02
4.042909797281026701e-02
3.652256038039922853e-02
3.874788675457239290e-02
3.459761049598455290e-02
3.665024936199188371e-02
3.691437728703021726e-02
3.149829246103763580e-02
3.211692515760659894e-02
3.142662756145000319e-02
3.072615079581737449e-02
2.926019392907619476e-02
2.357179010286927084e-02
2.795754577964544227e-02
3.090178817510604720e-02
3.186481948941945891e-02
3.248413112014532367e-02
2.705921698361635208e-02
2.791760209947824478e-02
2.748280037194490363e-02
2.752125207334756712e-02
2.940015327185392310e-02
2.989598643034696579e-02
1.931081395596265932e-02
2.073893472552299638e-02
2.651678957045078278e-02
2.741167172789573531e-02
2.409273665398359299e-02
2.517717992886901041e-02
3.369038086384534836e-02
3.256332129240036011e-02
2.597864121198654314e-02
2.251706663519143989e-02
2.737290756776928832e-02
2.544259410351514678e-02
2.704805471003055711e-02
2.766964659094810555e-02
2.663774769753217767e-02
2.423679269850254059e-02
2.523099929094314506e-02
2.713834643363952775e-02
2.502905838191509316e-02
2.685635611414909432e-02
2.523134164512157510e-02
2.592923697084188392e-02
2.473450824618339539e-02
3.195280116051435471e-02
3.425597120076417923e-02
3.138037063181400160e-02
3.632917888462543210e-02
2.681852001696825166e-02
3.082827106118202209e-02
2.411029208451509476e-02
2.332750391215086122e-02
2.240544408559799056e-02
2.856150660663843086e-02
2.593507366254925797e-02
2.832037359476089616e-02
2.632749099284410407e-02
2.609699610620737006e-02
2.917037717998027802e-02
2.734999991953373025e-02
2.709914073348045419e-02
2.235931232571601937e-02
2.425091955810785432e-02
2.151523511856794427e-02
2.346456870436668465e-02
2.495731692761182785e-02
2.952390983700752328e-02
2.273177467286586692e-02
2.638849876821041177e-02
2.477962076663970878e-02
2.433883845806121896e-02
2.510334327816963335e-02
2.629482280462980270e-02
2.383183864876627783e-02
3.012249805033206940e-02
2.466990388929844041e-02
2.910835947841405869e-02
3.371588978916406631e-02
2.923868335783481529e-02
2.823817133903503557e-02
2.675869129598140717e-02
2.520786169916391234e-02
2.328531313687563081e-02
2.692529335618019243e-02
2.712631132453680038e-02
2.876279968768358231e-02
2.583434041589498589e-02
2.639268971979618142e-02
3.221658784896135053e-02
2.751852273941040108e-02
2.492420636117458413e-02
2.573675140738487105e-02
2.406033957377076010e-02
2.849751319736242364e-02
3.625747524201870103e-02
2.473408710211515496e-02
2.887402065098285814e-02
2.187420427799224854e-02
1.999194305390119414e-02
2.592601180076599052e-02
2.855429071933031013e-02
2.882804069668054581e-02
2.423741519451141219e-02
2.644141726195812364e-02
2.690851129591464996e-02
2.832548674196004937e-02
2.476623542606830666e-02
2.401448618620634010e-02
2.589748036116361687e-02
2.515735719352960725e-02
2.030069064348936220e-02
2.285638097673654487e-02
2.861226294189691405e-02
2.474807482212781906e-02
2.397393714636564255e-02
2.057361276820302010e-02
2.954795071855187416e-02
2.314845845103263855e-02
2.549206204712390830e-02
2.528299065306782722e-02
2.587446048855781416e-02
2.646014522761106630e-02
3.321935394778847972e-02
2.259415481239557266e-02
2.337607480585575034e-02
2.321833409368991713e-02
2.532015126198530058e-02
2.842740528285503387e-02
2.228902652859687805e-02
2.082288991659879754e-02
2.212359849363565445e-02
2.206336539238691261e-02
2.111913319677114625e-02
2.196871712803840498e-02
2.540127374231815338e-02
2.922062408179044654e-02
2.106703547760844369e-02
2.542068716138601303e-02
1.934177652001380782e-02
2.111621769145131250e-02
1.835803659632801940e-02
1.920475661754608016e-02
1.960239969193935256e-02
2.113347779959440231e-02
2.698999326676130434e-02
2.193996906280517439e-02
2.100090999156236510e-02
1.921009654179215570e-02
2.259681411087512831e-02
2.174679823219776223e-02
1.912348018959164619e-02
1.728144716471433778e-02
2.152859102934599062e-02
1.846131328493356635e-02
1.588953379541635513e-02
2.212813021615147452e-02
2.425947710871696403e-02
2.490206919610500266e-02
1.808794345706701140e-02
2.175269601866602898e-02
1.965999696403741837e-02
2.238281331956386636e-02
2.738320846110582282e-02
2.071713581681251456e-02
2.677428293973207335e-02
1.788584766909480026e-02
2.271341718733310699e-02
1.951886769384145875e-02
2.027357891201973100e-02
2.428495641797780852e-02
2.417526356875896593e-02
2.216406892985105584e-02
1.797003895044326643e-02
1.665956685319542815e-02
1.826522070914506773e-02
2.100951885804534097e-02
2.167429961264133453e-02
1.785904197022318909e-02
2.054589465260505537e-02
1.754842810332775047e-02
1.779335029423236708e-02
1.981231262907385757e-02
1.905437912791967461e-02
2.257051551714539528e-02
2.148738969117403030e-02
1.918395003303885460e-02
2.273291898891329627e-02
2.071852330118417740e-02
1.847297856584191253e-02
2.359929624944925169e-02
2.895941575989127020e-02
2.428634762763976981e-02
2.287153098732232909e-02
1.997089739888906548e-02
1.757030794396996498e-02
2.132647586986422678e-02
2.554841423407196860e-02
2.772193476557731698e-02
2.382091032341122558e-02
2.083334410563111166e-02
1.987516954541206429e-02
2.280354145914316108e-02
1.849674647673964570e-02
2.339604776352643967e-02
2.640742827206849982e-02
2.054204065352678230e-02
1.936452370136976242e-02
2.063610013574361871e-02
1.960935946553945403e-02
2.226314516738057275e-02
2.254989780485629897e-02
2.130759581923484872e-02
1.878380840644240310e-02
1.714298203587532113e-02
1.803433811292052408e-02
1.755494847893714766e-02
1.962526477873325487e-02
1.740709468722343584e-02
2.345022177323698859e-02
2.393773421645164351e-02
2.608594764024019241e-02
2.514403779059648514e-02
2.069146670401096275e-02
1.747212586924433778e-02
2.100385967642069002e-02
2.045779563486576150e-02
2.288597943261265824e-02
2.415212932974099974e-02
2.339763827621936867e-02
2.303754296153783659e-02
2.130915746092796464e-02
2.026637885719537874e-02
1.854359060525894234e-02
2.061068592593073845e-02
1.615133117884397576e-02
1.667105071246623854e-02
1.821304112672805786e-02
1.929331868886947562e-02
1.799580622464418481e-02
1.851510293781757216e-02
1.814250741153955460e-02
2.297832146286964486e-02
2.503881528973579337e-02
2.217747122049331526e-02
2.126688659191131731e-02
2.182190716266631941e-02
2.278879117220640113e-02
1.886560227721929481e-02
1.963132508099079201e-02
1.984461201354861121e-02
2.346592899411916594e-02
2.210935568436980109e-02
1.926318760961294105e-02
1.688235970214009216e-02
2.359480708837509086e-02
1.918641990050673485e-02
1.689396761357784410e-02
2.420702148228883605e-02
2.360063139349222183e-02
2.095408719033002923e-02
2.126501929014921327e-02
2.640706431120633940e-02
2.998544313013553481e-02
2.645752690732479026e-02
2.339765233919024329e-02
2.338278032839298179e-02
2.305533550679683685e-02
2.285846639424562315e-02
2.021866003051400046e-02
2.290478935465216706e-02
2.381341736763715675e-02
2.679233290255069594e-02
2.264917548745870590e-02
1.877928171306848457e-02
2.540497966110706260e-02
1.905233627185225556e-02
1.905215308070182939e-02
1.931827766820788314e-02
1.915644658729433875e-02
2.100901491940021515e-02
1.548834824934601853e-02
2.244525812566280226e-02
1.751763224601745467e-02
