2.146461699157953436e-03
1.056544622406363401e-03
7.699545298237353346e-04
5.020173295633867817e-04
5.279690492898225351e-04
5.570915207499637766e-04
7.230544113554060025e-04
5.747262301156296892e-04
4.784001765074208487e-04
7.231597235659136935e-04
5.173523808480240188e-04
6.126008171122521379e-04
5.303126497892662449e-04
4.927765403408557177e-04
6.182602955959737301e-04
6.325242939055897295e-04
4.523819254245608937e-04
4.198959912173450102e-04
5.269747867714613893e-04
5.292649992043152018e-04
4.593423102051019560e-04
5.349014129023999409e-04
6.345209578284994201e-04
5.427599884569644711e-04
5.089518555905670361e-04
3.481891020783222995e-04
5.430607387097551985e-04
5.628573999274522066e-04
5.531773087568581538e-04
4.454665671801194332e-04
3.851465415209531892e-04
4.967266897438094454e-04
4.009518816019408405e-04
6.179209798574447415e-04
5.985021183732896826e-04
4.102241626242175807e-04
5.263156839646398804e-04
3.971323836594820239e-04
4.841000714804977395e-04
4.107448534341528795e-04
4.410673049278557084e-04
4.646126006264239658e-04
3.976782521931454322e-04
4.899432999081910090e-04
5.509440874448045871e-04
5.873740359675138972e-04
5.058817216195166545e-04
4.445343947736546397e-04
3.710630204295739748e-04
3.895182802807539485e-04
3.489885173621587564e-04
3.744103392818942883e-04
3.891808417392894734e-04
4.616886173607781421e-04
4.662867606384679567e-04
5.095929183880798952e-04
4.959825542755425193e-04
4.700081131886691072e-04
4.456646129256114364e-04
3.988948534242809036e-04
4.642186133423820030e-04
4.470347135793417909e-04
5.452063312986865206e-04
4.456613707588985454e-04
3.794414893491193869e-04
4.843752220040187348e-04
3.684802912175655473e-04
3.644981188699603081e-04
4.784511947946157306e-04
5.173322948394343474e-04
5.092374893138184710e-04
4.986276704585179903e-04
4.032730008475482681e-04
5.072433617897331498e-04
5.181289190659299927e-04
5.704880837583914616e-04
3.931850093067623892e-04
3.566704384866170368e-04
4.374834752525202930e-04
4.407655011164024689e-04
4.701933270553126714e-04
4.847813135711476098e-04
4.860979272052645575e-04
4.991637368220835490e-04
4.555993305984884717e-04
4.833441926166415215e-04
4.602334403898566853e-04
4.728094849269836924e-04
6.107190274633467197e-04
4.493984743021428585e-04
3.964464878663420569e-04
3.691614227136597146e-04
3.754239442059770226e-04
5.392712861066684344e-04
4.231657658237963915e-04
3.084451687755063393e-04
5.852444446645677090e-04
5.564294900977983854e-04
4.316860722610726953e-04
5.969739402644335790e-04
5.493542907061055086e-04
4.301890454371459999e-04
4.322377746575511884e-04
4.629242699593305805e-04
4.600984786520711969e-04
4.316679725889116417e-04
4.577570769470185150e-04
3.740072279470041394e-04
4.183652548817917488e-04
4.540271649602800499e-04
4.583566755172796331e-04
4.769089224282652357e-04
3.462069056695326946e-04
4.923177271848544695e-04
4.614181874785572074e-04
3.616585905547254004e-04
4.344814107753336321e-04
3.855298855341970921e-04
3.752730903215706132e-04
5.160038650501519658e-04
4.303304915083572160e-04
4.135838884394615672e-04
3.791067050769924901e-04
3.684774128487333655e-04
2.831182777299545488e-04
4.489782499149441502e-04
4.351047566160559546e-04
3.416950043174437962e-04
2.951150920125655721e-04
4.689240508014336012e-04
4.469240608159452894e-04
3.417267260374501456e-04
4.349663417087867639e-04
4.310722448281012692e-04
5.044199540861881836e-04
4.138906282605603120e-04
3.463996312348171852e-04
4.434059635968878974e-04
3.679863904835656177e-04
3.984450653661042235e-04
4.353165888460352908e-04
5.046870181104167862e-04
5.461945838760584593e-04
4.817791341338306665e-04
3.792041912674904086e-04
5.517296318430453756e-04
4.522069415543228171e-04
4.741922457469627261e-04
4.775840177899226655e-04
5.010076914913952134e-04
4.391288326587528207e-04
4.543711780570447662e-04
4.589608375681564429e-04
3.453836950939148773e-04
4.848516982747241855e-04
5.423625509138219492e-04
6.403205508831888871e-04
4.159301548497751572e-04
3.746235917787998806e-04
3.231358743505552303e-04
3.944680996937677047e-04
3.798969584750011455e-04
3.704999195178970911e-04
3.600891155656427362e-04
4.689219000283628919e-04
5.765713664004579403e-04
4.954923846526071212e-04
5.352063104510307529e-04
5.177837389055639722e-04
5.335296271368860765e-04
5.088124307803809643e-04
5.208037473494186997e-04
6.532618863275274634e-04
6.051373027730732723e-04
5.648801103234291294e-04
4.445917467819526683e-04
4.086857225047424436e-04
4.089103924343362342e-04
4.478165210457518697e-04
5.761648295447230556e-04
4.419668373884633292e-04
3.765166533412411592e-04
4.040101237478666116e-04
4.772441665409132621e-04
3.500620747217908718e-04
3.599174728151410601e-04
4.000585584435612072e-04
3.221053324523381672e-04
4.654991673305630575e-04
4.407616332173347582e-04
3.839885670458897731e-04
4.757154907565564134e-04
3.680251640616916012e-04
3.901010699337348125e-04
4.262948175892233957e-04
5.093667132314294577e-04
5.283195612719282074e-04
4.538970213616266955e-04
4.359287326224148057e-04
4.439208918483927629e-04
3.604269237257540443e-04
3.502212857711128891e-04
3.965708267060108374e-04
4.327090631704777262e-04
5.011022760299966173e-04
4.227555560646578886e-04
4.655892262235283852e-04
5.955307860858738422e-04
4.255596228176728108e-04
4.380782207590528049e-04
4.048190865432843674e-04
4.769667939399369061e-04
3.596369686420075704e-04
4.229275247780606042e-04
5.111642472911626317e-04
4.408944718306883953e-04
4.404005565447732915e-04
3.489392984192818403e-04
3.935253786039538898e-04
3.681799105834215988e-04
4.686378786573186625e-04
3.816482363617979207e-04
4.291148085030727305e-04
5.274650582578032775e-04
4.160297947237268199e-04
3.909675724571570754e-04
4.623763903509825685e-04
3.873085312079638460e-04
3.720951208379119635e-04
3.958727596909738860e-04
6.040904496330768087e-04
5.955839151283726096e-04
5.759951425716280504e-04
5.357372487196698568e-04
4.191824293229728829e-04
3.911093954229727387e-04
3.558390133548528064e-04
3.770502225961536169e-04
6.859964196337386966e-04
5.718441912904381969e-04
5.070276063634082241e-04
5.044556921347976165e-04
5.072027997812256217e-04
4.939942242344841578e-04
4.034558223793283105e-04
4.856967600062489401e-04
3.291907152743078660e-04
5.352898093406111219e-04
4.868166462983935963e-04
3.867117920890450478e-04
4.902546730590984442e-04
7.252800598507747488e-04
5.218258709646760984e-04
5.143178306752816276e-04
6.355513702146709182e-04
5.817152850795537233e-04
4.976169060682877681e-04
4.077104618772864559e-04
3.279719472629949667e-04
3.935758199077099345e-04
3.509875503368675817e-04
3.804532665526494167e-04
4.597584484145045280e-04
3.996248939074576118e-04
3.128993063000962355e-04
5.066191311925649860e-04
5.888893152587115981e-04
5.028273852076381011e-04
5.451387522043659849e-04
5.321470496710389419e-04
5.066310055553913333e-04
4.404446633998304714e-04
4.268623859388753880e-04
4.104996027308515988e-04
5.507395078893750472e-04
3.893742774380371191e-04
6.582186731975525184e-04
7.210314332041888995e-04
5.472084594657644629e-04
5.236486467765644193e-04
5.307259736582637267e-04
5.034828092902899222e-04
5.660982569679617882e-04
3.235322685213759433e-04
3.392655693460255644e-04
4.762565571581944606e-04
4.254210420185699842e-04
4.520317044807597886e-04
3.447685667197220027e-04
3.629521932452917207e-04
4.259501656633801758e-04
3.160761960316449512e-04
3.576918839826248803e-04
4.388693472719751082e-04
4.200979281449690570e-04
3.581929719075560787e-04
3.569588108803145479e-04
3.959055960876866958e-04
3.532444039592519619e-04
3.640243667177855968e-04
