7.264089537784457207e-02
3.690521372482180595e-02
3.153930860571563244e-02
2.656241320073604584e-02
2.195694501278921962e-02
2.051145065343007445e-02
2.003225602675229311e-02
1.990554929943755269e-02
1.902500033611431718e-02
1.886610442306846380e-02
1.933002629084512591e-02
1.908800663659349084e-02
1.643728523049503565e-02
1.665655232500284910e-02
1.703804073622450233e-02
1.622562191914767027e-02
1.727238553576171398e-02
1.826750789768993855e-02
1.939784153364598751e-02
1.744579116348177195e-02
1.515540626132860780e-02
1.672411058098077774e-02
1.586590241640806198e-02
1.879573171027004719e-02
3.048624785151332617e-02
2.279586659278720617e-02
1.871182746253907681e-02
1.882186532020568848e-02
1.892428495921194553e-02
1.814238727092742920e-02
1.883287279633805156e-02
2.420578995952382684e-02
1.878578343894332647e-02
1.693932217312976718e-02
1.759121334180235863e-02
1.861191348871216178e-02
1.887122134212404490e-02
1.685683417599648237e-02
1.881435443647205830e-02
1.978709403192624450e-02
1.873400952899828553e-02
1.784867234528064728e-02
1.833095937035977840e-02
2.542149228975176811e-02
1.920088852057233453e-02
1.914053939981386065e-02
1.828893431229516864e-02
1.761743414681404829e-02
1.820635702461004257e-02
1.742535131052136421e-02
1.694336952641606331e-02
1.656569202896207571e-02
1.603328261990100145e-02
1.612028636736795306e-02
1.586435461649671197e-02
2.238215802935883403e-02
4.319185926578938961e-02
2.805716544389724731e-02
2.302030788268893957e-02
1.864089333685114980e-02
1.719866093480959535e-02
1.520091114798560739e-02
1.722442609025165439e-02
1.796766696497797966e-02
1.677806366933509707e-02
1.565984974149614573e-02
1.504950743401423097e-02
1.607703109038993716e-02
1.616485480917617679e-02
1.699020853266119957e-02
1.735583797562867403e-02
1.655863039195537567e-02
1.588617288507521152e-02
1.538977690506726503e-02
1.446624251548200846e-02
1.448075933149084449e-02
1.433887775056064129e-02
1.436697749886661768e-02
1.394777983659878373e-02
1.512287609511986375e-02
2.352102991426363587e-02
1.846428692806512117e-02
1.797075936337932944e-02
1.901964354328811169e-02
3.625764942262321711e-02
2.942499844357371330e-02
2.536385867279022932e-02
2.018971339566633105e-02
1.775625976733863354e-02
1.770275062881410122e-02
1.846101810224354267e-02
1.570863043889403343e-02
1.553715125191956758e-02
1.548680529231205583e-02
1.575738086830824614e-02
1.540176972048357129e-02
1.509072910994291306e-02
1.503525907173752785e-02
1.518157275859266520e-02
1.613224513130262494e-02
1.511078886687755585e-02
1.479262777138501406e-02
1.520019629970192909e-02
1.540092274080961943e-02
1.518693380057811737e-02
1.384453399805352092e-02
1.288772613042965531e-02
1.362615224206820130e-02
1.324635470518842340e-02
1.404364057816565037e-02
1.459798088762909174e-02
1.496319752186536789e-02
1.376643381081521511e-02
1.438246271573007107e-02
1.518306951038539410e-02
1.599247794365510345e-02
1.550845574820414186e-02
1.535328739555552602e-02
1.614145404892042279e-02
3.355984459631145000e-02
2.695218869484961033e-02
2.146391948917880654e-02
1.851606532000005245e-02
1.756250811740756035e-02
1.681286492384970188e-02
1.653966936282813549e-02
1.516613864805549383e-02
1.563727663597092032e-02
1.575108768884092569e-02
1.469360431656241417e-02
1.524285884806886315e-02
1.657448738114908338e-02
1.714421971701085567e-02
1.808071805862709880e-02
1.721358869690448046e-02
1.760687597561627626e-02
2.494076173752546310e-02
1.919560041278600693e-02
2.127573057077825069e-02
1.830517483176663518e-02
1.766364264767616987e-02
2.427569404244422913e-02
2.867806481663137674e-02
2.267097501317039132e-02
2.065960678737610579e-02
1.697060995502397418e-02
1.761556894052773714e-02
1.595694106072187424e-02
1.479737833142280579e-02
1.817408268107101321e-02
4.022783471737056971e-02
2.331473561935126781e-02
1.990618283161893487e-02
1.839764520991593599e-02
1.989764784229919314e-02
1.956593641079962254e-02
1.703191240085288882e-02
1.656039658701047301e-02
1.649361854651942849e-02
2.024335507303476334e-02
1.747585088014602661e-02
1.522103836759924889e-02
1.487147569423541427e-02
1.528233883436769247e-02
1.718868123134598136e-02
2.917262283153831959e-02
2.686852565966546535e-02
3.511306724976748228e-02
2.434585813898593187e-02
1.888809923548251390e-02
1.715914160013198853e-02
1.678075036033987999e-02
1.430534868268296123e-02
1.408073428319767118e-02
1.484162325505167246e-02
1.431320217670872808e-02
1.600368105573579669e-02
4.460180341266095638e-02
4.094790853559970856e-02
2.794426062610000372e-02
2.005761209875345230e-02
1.673764904262498021e-02
1.584017439745366573e-02
1.597045484231784940e-02
1.552210916997864842e-02
1.513810834148898721e-02
1.598999311681836843e-02
1.440306490985676646e-02
1.429530006134882569e-02
1.518362661590799689e-02
1.460639777360484004e-02
1.493495190516114235e-02
1.415126607753336430e-02
1.461865991586819291e-02
1.393830456072464585e-02
1.430645055370405316e-02
1.460352010326460004e-02
1.443370862398296595e-02
1.252402248792350292e-02
1.374662609305232763e-02
1.650336617603898048e-02
1.765396277187392116e-02
1.802488893736153841e-02
1.821428316179662943e-02
1.662492373725399375e-02
1.469739241292700171e-02
1.383886544499546289e-02
1.483751623891294003e-02
1.502464828081429005e-02
1.457162725273519754e-02
1.468944724183529615e-02
1.319231279194355011e-02
1.449727686122059822e-02
2.170305291656404734e-02
1.674119726521894336e-02
1.569055410800501704e-02
1.527310872916132212e-02
1.520108932163566351e-02
1.365936215734109282e-02
1.318411855027079582e-02
1.280506327748298645e-02
1.379922655178233981e-02
1.321595290210098028e-02
1.383858307963237166e-02
1.318236754741519690e-02
1.299349404871463776e-02
1.366669044364243746e-02
1.315330015495419502e-02
1.557236973894760013e-02
1.681637502042576671e-02
1.531165861524641514e-02
1.452643622178584337e-02
1.484465028624981642e-02
1.382956473389640450e-02
1.372526900377124548e-02
1.359702867921441793e-02
1.300624018767848611e-02
1.357723627006635070e-02
1.384929922642186284e-02
1.450898248003795743e-02
1.308477425482124090e-02
1.299074367852881551e-02
1.280374138150364161e-02
1.352284807944670320e-02
1.323968690121546388e-02
1.248054322786629200e-02
1.312971411971375346e-02
1.319111266639083624e-02
1.282010728027671576e-02
1.387862110277637839e-02
1.347864663694053888e-02
1.431633415631949902e-02
1.334658934501931071e-02
1.315885037183761597e-02
1.309246616438031197e-02
1.206031622132286429e-02
1.354330300819128752e-02
1.272608089493587613e-02
1.290864782640710473e-02
1.226287928875535727e-02
1.530472299782559276e-02
4.726073471829295158e-02
2.547293948009610176e-02
2.167600591201335192e-02
2.152303257025778294e-02
1.646407070802524686e-02
1.512561296112835407e-02
1.527978229569271207e-02
1.846452080644667149e-02
1.817222381941974163e-02
2.177532791392877698e-02
1.905261172214522958e-02
1.918180461507290602e-02
2.726167591754347086e-02
1.851192093454301357e-02
1.720469631254673004e-02
1.451717887539416552e-02
1.388405071338638663e-02
1.426512713078409433e-02
1.318158151116222143e-02
1.331570203183218837e-02
1.385274704080075026e-02
1.637476723408326507e-02
1.456226326990872622e-02
1.576768275117501616e-02
1.453424117062240839e-02
1.361991558223962784e-02
1.301980705466121435e-02
1.343495951732620597e-02
1.632889447500929236e-02
1.506866310955956578e-02
1.372540584998205304e-02
1.356950419722124934e-02
1.368553395150229335e-02
1.308108749799430370e-02
1.308273436734452844e-02
1.322744251228868961e-02
1.372951420489698648e-02
1.297125325072556734e-02
1.285532710608094931e-02
