4.394838666277272460e-02
2.623569552919694306e-02
2.112063313169138673e-02
2.155222597398928283e-02
1.890232986105339769e-02
1.928551960736513138e-02
1.871257115687642927e-02
1.905901756669793959e-02
2.153211512735911728e-02
1.969131707612957125e-02
1.962655050946133378e-02
1.943194746438945894e-02
1.813767584306853059e-02
1.862195373645850541e-02
1.844979835940258744e-02
1.891275628336838363e-02
1.916303033275263551e-02
1.927419259612049227e-02
1.814781887722866777e-02
1.872246453006352548e-02
2.002550302339451554e-02
1.909826083907059310e-02
1.867062452116182922e-02
1.812894775399139999e-02
1.832579062985522506e-02
1.809370025460209017e-02
1.742058426940015434e-02
1.850792951881885529e-02
1.924242584833077072e-02
2.085717927132333879e-02
2.047298609146050094e-02
1.820872923625366929e-02
1.698578707873821259e-02
1.843065582215785980e-02
1.692823320627212524e-02
1.765180665201374413e-02
2.018485165068081497e-02
1.818116448287452822e-02
1.813809307558195832e-02
1.838630564244730231e-02
1.893497923655169252e-02
1.868256334481494668e-02
1.776936863149915571e-02
1.765923268560852175e-02
1.771452424249478699e-02
1.806675429855074053e-02
1.777983802769865160e-02
1.872706533010516997e-02
1.881747626300369139e-02
1.860958670399018647e-02
1.788165260638509627e-02
1.879398837419492957e-02
1.724990903000746603e-02
1.652161624016506430e-02
1.906677282282284377e-02
1.885879425598042253e-02
1.826957254005329850e-02
1.712941817407096987e-02
1.776432558628065345e-02
1.865690760314464569e-02
2.003470249474048615e-02
1.922150029401694174e-02
1.842037202524287459e-02
1.636452613664524797e-02
1.726790271433336493e-02
1.606396352872252464e-02
1.586741674691438675e-02
1.801763328590563415e-02
1.825880651761378412e-02
1.719550968014768241e-02
1.827551098540425301e-02
1.869535013767225501e-02
1.964983543647186998e-02
1.985339580902031539e-02
1.864644539143358107e-02
1.764309985030974512e-02
1.723286775606019255e-02
1.726070192775555970e-02
1.621743657493165611e-02
1.737036376393267037e-02
1.616242720878549935e-02
1.836932530360562560e-02
1.598242836605225439e-02
1.785615053293960336e-02
1.690440897696784614e-02
1.800449598314506766e-02
1.732553568269525404e-02
1.714970144842352037e-02
1.694950142077037217e-02
1.676896633580327034e-02
1.721161277964711189e-02
1.844140581254448061e-02
1.809661848736660722e-02
1.848633281354393129e-02
1.761714495452387091e-02
1.781685716871704225e-02
1.706875102328402755e-02
1.727216803867901926e-02
1.791120839438268067e-02
1.778810943609901787e-02
1.785254491759197953e-02
1.739298731886914848e-02
1.636944578162261368e-02
1.661476007263575430e-02
1.666865444609097122e-02
1.747870904260448097e-02
1.824456998812300917e-02
1.743941168699945574e-02
1.713937600808484313e-02
1.644887868314981461e-02
1.731846880699907179e-02
1.707197359896131875e-02
1.678792240896395324e-02
1.715322390996984123e-02
1.887839207691805604e-02
1.800002031294362786e-02
1.739140985799687150e-02
2.029052576316254380e-02
1.910774356552532791e-02
1.781068948496665125e-02
1.688354262816054580e-02
1.667510159313678741e-02
1.639917878700154069e-02
1.583885181961314920e-02
1.632478088140487671e-02
1.809728052467107773e-02
1.722441074837531214e-02
1.581589092633553864e-02
1.766548186008419161e-02
1.629233280462877992e-02
1.529411106769527733e-02
1.684152068836348298e-02
1.677873511133449319e-02
1.798919814505747436e-02
1.646459302199738267e-02
1.776850429762686853e-02
1.796029321849346161e-02
1.691878720053604720e-02
1.615517839257206087e-02
1.735027626688991423e-02
1.897347345948219299e-02
1.758955931290984154e-02
1.675474889842527154e-02
1.686191053262778641e-02
1.727527885564736007e-02
1.764024381658860566e-02
1.772188248911074279e-02
1.703887060284614563e-02
1.613303646445274353e-02
1.679823640733957291e-02
1.694681794781769876e-02
1.731399839211787348e-02
1.606601283752492546e-02
1.650220900774002075e-02
1.684739387461117385e-02
1.750889487032379274e-02
1.710232639951365236e-02
1.687468521829162474e-02
1.757268860403980379e-02
1.719391046624098654e-02
1.816887069227440116e-02
1.607662758656910537e-02
1.690115912684372543e-02
2.024529994066272612e-02
1.946565868066889998e-02
1.785051756139312620e-02
1.882900310946362260e-02
1.611031053055609827e-02
1.765933646155255082e-02
1.673632088516439562e-02
1.664091600105166435e-02
1.785344949790409683e-02
1.668243855237960815e-02
1.641295065305062653e-02
1.649336323940328239e-02
1.713464914688042282e-02
1.577774362106408243e-02
1.570589660799929024e-02
1.633658659245286818e-02
1.639969074832541701e-02
1.582182365070496435e-02
1.709706183256847617e-02
1.777349758361066942e-02
1.667579363233276726e-02
1.805576362780162217e-02
1.609075594959514383e-02
1.523296721279621124e-02
1.501399391729916870e-02
1.826413348317146301e-02
1.831641394112791185e-02
1.594421779736876488e-02
1.628877003011958841e-02
1.547834343676056205e-02
1.548863554905567826e-02
1.622751055817519064e-02
1.513340969436935066e-02
1.591867501182215455e-02
1.595133802454386587e-02
1.623859309724398972e-02
1.603072389428104524e-02
1.780607012499655847e-02
1.654500873493296859e-02
1.774861916367496614e-02
1.550265720912388442e-02
1.862537075898476960e-02
1.787505272243703966e-02
1.731522594179426069e-02
1.834086614793964745e-02
1.761634647846221924e-02
1.727741331394229765e-02
1.588439389265009286e-02
1.579884266746895555e-02
1.676616551620619538e-02
1.871119213423558594e-02
1.883660642696278337e-02
1.631247411881174211e-02
1.767120204333747988e-02
1.748077744351966140e-02
1.663164421916007996e-02
1.689622198630656366e-02
1.683271722868084908e-02
1.689097125615392561e-02
1.563593133219650863e-02
1.607557678861277345e-02
1.604688254051974891e-02
1.538357976824045181e-02
1.636970349188361998e-02
1.623253604131085631e-02
1.789191205586706038e-02
1.698531822434493424e-02
1.622870803943702103e-02
1.537911254646522584e-02
1.571428562913622026e-02
1.678694086149334908e-02
1.804371484156165953e-02
1.686626246997288345e-02
1.775365369394421577e-02
1.583263025219951506e-02
1.540480860109840096e-02
1.600165299272962929e-02
1.696981137086238031e-02
1.655449784759964113e-02
1.713847821312291381e-02
1.541386391701442780e-02
1.705955720639654519e-02
1.575585248480950232e-02
1.520807781655873596e-02
1.525617477351001380e-02
1.626670081168413162e-02
1.532372027369482102e-02
1.576698272089873190e-02
1.529463047959974883e-02
1.584853318386844276e-02
1.590176518740398642e-02
1.625885668077639221e-02
1.707821811682411553e-02
1.603516237810254097e-02
1.793268895042793992e-02
1.730443058269364592e-02
1.637544409771050577e-02
1.661510299891233444e-02
1.689493403370891447e-02
1.565204886719584465e-02
1.551967393606901169e-02
1.520621064784271302e-02
1.468419809160488067e-02
1.571853565318243745e-02
1.821001452792967920e-02
1.720751668991787192e-02
1.552071389076965270e-02
1.508113475782530723e-02
1.555267914331385018e-02
1.549488864839076996e-02
1.578650690082992677e-02
1.608831009694508193e-02
1.642010713528309698e-02
1.663598504715732215e-02
1.649801373215658423e-02
1.594369466017399664e-02
1.660435606858559968e-02
1.496845197730830787e-02
1.578928350604006173e-02
1.800787102963243361e-02
1.553853388343538582e-02
1.663186693830149415e-02
1.547550689429044724e-02
1.565711492938654664e-02
1.596756665302174333e-02
1.809523480811289428e-02
1.728458396558250551e-02
1.558027157027806579e-02
1.424594948600445450e-02
1.478376139753631233e-02
1.613338351515786889e-02
1.560354106394308028e-02
1.616002160257526757e-02
1.653301762416958809e-02
1.702523337943213227e-02
1.656979422218033196e-02
1.625884523881333116e-02
