2.113733238407543846e-01
1.641988961824349114e-01
1.482958394501890376e-01
1.607431396842002869e-01
1.747042531413691424e-01
1.569155284336634926e-01
1.602682790585926720e-01
1.484803541430405327e-01
1.831046757953507520e-01
1.495943404734134674e-01
1.353946652795587346e-01
1.351876450436455823e-01
1.392885851008551501e-01
1.295091677457094193e-01
1.308371158582823657e-01
1.373934868190969660e-01
1.373036381389413640e-01
1.290165952273777672e-01
1.361354328691959381e-01
1.305380649864673615e-01
1.374828613230160423e-01
1.403507419994899086e-01
1.237942145339080285e-01
1.187615272189889576e-01
1.255843048649174787e-01
1.238918554569993641e-01
1.364002094737120918e-01
1.332541560488087751e-01
1.252887818430151179e-01
1.215095839330128241e-01
1.230490771787507154e-01
1.211638115346431732e-01
1.143916818712438915e-01
1.202945171722343970e-01
1.146861011428492449e-01
1.019728082631315563e-01
1.139546244272163916e-01
1.021636213575090740e-01
1.063568538853100348e-01
1.112021229096821356e-01
1.156868035239832782e-01
1.281506679952144623e-01
1.132903146956648205e-01
1.355249668870653346e-01
1.409353390336036682e-01
1.157581843435764313e-01
1.080876530281135034e-01
1.049940261457647656e-01
1.124653598027569867e-01
1.051100582948752832e-01
1.070326827466487885e-01
1.123991566044943713e-01
1.077503663088594105e-01
9.564853991780962461e-02
1.089114770293235779e-01
1.127750415887151386e-01
1.136561126581260156e-01
1.085706762969493866e-01
9.429997365389551633e-02
9.594697132706642151e-02
1.065919702606541730e-01
1.208118785704885151e-01
1.078330938305173542e-01
1.176170339541775800e-01
1.272228471934795380e-01
9.783803857862949371e-02
1.008976429168667172e-01
1.147317242409501697e-01
1.198047601750918817e-01
9.830111424837793821e-02
1.094238502638680555e-01
1.142359365309987690e-01
1.123519454683576252e-01
9.573369526437350285e-02
9.759007128221648675e-02
1.187100570116724346e-01
9.951448280896459109e-02
1.163259611598082971e-01
9.917692680444036013e-02
1.083710949335779522e-01
1.004345044493675232e-01
9.988181718758173955e-02
9.038027482373374444e-02
1.025787227387939121e-01
9.628403665763991814e-02
1.035194758857999470e-01
1.001886618988854505e-01
9.304639324545860291e-02
1.030994031046118115e-01
1.046430335513183069e-01
9.910367322819572944e-02
9.693482837506703365e-02
9.610483396266188139e-02
1.002858632377215814e-01
8.889207988977432251e-02
9.231940869774137026e-02
9.198631346225738525e-02
9.891340242964881402e-02
9.501940278070312995e-02
9.380338819963592034e-02
9.804930218628474248e-02
9.190417453646659851e-02
9.590181655117444026e-02
1.006598573710237171e-01
1.050291849034173108e-01
9.186956499304090029e-02
1.108881267053740405e-01
1.132721315537180279e-01
1.009005249610969018e-01
9.654438282762255186e-02
1.033138212348733570e-01
1.132569776049682092e-01
1.109086259135178137e-01
1.037770946110997822e-01
1.010278436754431103e-01
9.428665467670985234e-02
1.016140101211411573e-01
9.290683003408568841e-02
9.508105527077402586e-02
9.044334531894751561e-02
1.043682593320097302e-01
9.502367542258330357e-02
9.232798963785171509e-02
8.994924809251512998e-02
1.073251675282205914e-01
1.100462568657738782e-01
9.362510059561048037e-02
8.804353353168282992e-02
9.357302902000290412e-02
8.307834927524838931e-02
9.850264500294413084e-02
9.378932576094355100e-02
9.057267622223921788e-02
9.444181514637810249e-02
8.325884863734245300e-02
8.353326256786074155e-02
9.813803860119410527e-02
9.556309559515543950e-02
8.799789899161883366e-02
9.314028599432536137e-02
8.727146099720682615e-02
8.475583499031406898e-02
8.654387401682990533e-02
8.596177452376910222e-02
9.740322136453219426e-02
9.245993436447211278e-02
8.684732365821089262e-02
9.441121507968221194e-02
1.015555847968373920e-01
1.142626122704574060e-01
9.802340183939252383e-02
9.559935969965797919e-02
9.646793428276266569e-02
9.888344417725290769e-02
1.035075091889926385e-01
9.526563010045460689e-02
8.790169815932001585e-02
8.788683398493699062e-02
7.974462477224213142e-02
8.658610603639058101e-02
8.669722053621496671e-02
8.563076811177390557e-02
9.349095289196286684e-02
9.042472285883766669e-02
9.693427490336554986e-02
9.625977969595364558e-02
8.979932351836136806e-02
8.653054120285171014e-02
7.805596558111053962e-02
8.450987722192492002e-02
8.196769548313957710e-02
8.512604715568679314e-02
7.678055257669516576e-02
8.796359891338008385e-02
8.596087406788553709e-02
8.508749785167830926e-02
8.300198188849858272e-02
8.737873818193163389e-02
7.653756572731904018e-02
8.210695295461586940e-02
8.616961246090275306e-02
6.885633298328944218e-02
7.363892133746828550e-02
7.928237611693995934e-02
7.955106454236167413e-02
7.472606748342514038e-02
6.644308886357716548e-02
7.183337903448513972e-02
7.897733391395636571e-02
8.353792051119464379e-02
7.132413690643650550e-02
6.300125084817409515e-02
6.437076229069914335e-02
5.946877864854676482e-02
6.034212479633944276e-02
6.535404308566025722e-02
5.817093141376972198e-02
8.095136550920349616e-02
6.008301994630268344e-02
4.938427651567118409e-02
6.244653170662266967e-02
7.499779734228338712e-02
5.867869273892471066e-02
5.865441448986530304e-02
6.783820289586271757e-02
5.470674751060349700e-02
6.059988694531576875e-02
6.520529251013483518e-02
7.227903604507446289e-02
6.558485315846544761e-02
5.577824211546352634e-02
4.977885953017643222e-02
5.406359929059233183e-02
6.552246745143618101e-02
5.723519649888787753e-02
6.078949570655822754e-02
5.810155267161982301e-02
5.296165642461606732e-02
5.185227481914417985e-02
5.513857597751276735e-02
6.208261714449950924e-02
6.747339985200337398e-02
5.352233802633626220e-02
5.122343557221548799e-02
4.576307348906993866e-02
5.645803628223283049e-02
5.150452096547399050e-02
6.220198715371744874e-02
5.607063882052898407e-02
5.117641948163509369e-02
4.731024908167975190e-02
4.771213007292577496e-02
4.720482842198440304e-02
4.579491913318634033e-02
4.494906296687466857e-02
5.559604588363852018e-02
4.855355274464402682e-02
5.143600170101438052e-02
4.865761327424219379e-02
4.871856940111943951e-02
6.137262417801788578e-02
5.108356183128697631e-02
5.702241403715951201e-02
4.681009107402393093e-02
4.963328995342765337e-02
5.064286996743509045e-02
5.340617269809756762e-02
4.615999532065221539e-02
4.558934643864631653e-02
5.072568396904638538e-02
5.371636285313537845e-02
4.162589833140373230e-02
4.218446689524820575e-02
5.452729149588516483e-02
4.678144798214946276e-02
4.851576033979654312e-02
4.927946547312395814e-02
4.579949831323964354e-02
4.789373225399425754e-02
5.123479371624333617e-02
4.541390748428447005e-02
4.285631421953439713e-02
5.008791653173310515e-02
4.661678336560726166e-02
4.440145540450300687e-02
4.187568716172661298e-02
5.071164920393909925e-02
4.857774983559336179e-02
4.350603558123111725e-02
4.522458809827055448e-02
5.387022612350327727e-02
5.311883134501321074e-02
5.205119321388857606e-02
4.524291093860353941e-02
4.153385000037295577e-02
4.274771721767527816e-02
4.108683232750211245e-02
4.426563810557126999e-02
4.554086404719522724e-02
4.815626144409179688e-02
5.912696237542799244e-02
4.489433525928428897e-02
4.527131388229983094e-02
3.948091808706521988e-02
4.209468260939631945e-02
4.677363990672996769e-02
4.606580893908228391e-02
4.183523037603923550e-02
3.931412380188703537e-02
3.909663776201861146e-02
4.793042370251247158e-02
4.175855472151722425e-02
5.176037816064698455e-02
4.104588473481791261e-02
3.676433196025235411e-02
4.883264391017811540e-02
4.116664135030338040e-02
3.938668154712234026e-02
4.159426476274218076e-02
4.083754029124975204e-02
