1.000000000000000021e-03
9.999931201348784097e-04
9.999962846777539840e-04
9.999971194924305723e-04
9.999970476960223439e-04
9.999974957274589474e-04
9.999977063421209428e-04
9.999975036310484056e-04
9.999979911674880106e-04
9.999979424007267650e-04
9.999982678617713814e-04
9.999983808598625172e-04
9.999983530689531865e-04
9.999985484734946924e-04
9.999984053320333348e-04
9.999981215652216371e-04
9.999985657067193053e-04
9.999986275352739512e-04
9.999988948481209391e-04
9.999988338465102752e-04
9.999989236071642629e-04
9.999990834698268671e-04
9.999991666421212226e-04
9.999990898995193660e-04
9.999989831105105236e-04
9.999988396150354727e-04
9.999987039096948447e-04
9.999991621962363731e-04
9.999991536622817971e-04
9.999993418415714392e-04
9.999993273450088517e-04
9.999992963014253493e-04
9.999992109014756506e-04
9.999993017367301163e-04
9.999992332310793115e-04
9.999992043515459981e-04
9.999992320185737381e-04
9.999991323626094848e-04
9.999992340447893049e-04
9.999990403458472194e-04
9.999989017631719362e-04
9.999993894929315105e-04
9.999993755973059749e-04
9.999991949831503989e-04
9.999993627799548448e-04
9.999994562348213031e-04
9.999992816191512895e-04
9.999994005508371867e-04
9.999994384638452062e-04
9.999992624803155910e-04
9.999994752431060497e-04
9.999994055238370632e-04
9.999993956580420333e-04
9.999993259393476740e-04
9.999993878294171322e-04
9.999994397474128594e-04
9.999994675521683193e-04
9.999995233150140491e-04
9.999995530274592270e-04
9.999995529386704416e-04
9.999995638637474739e-04
9.999995492093384942e-04
9.999992988525346297e-04
9.999993582119957695e-04
9.999993983226586076e-04
9.999995185958397790e-04
9.999995239428974281e-04
9.999995834509443557e-04
9.999995800466330177e-04
9.999995422799361298e-04
9.999995880691321323e-04
9.999996085860375812e-04
9.999995663823664678e-04
9.999995804893942967e-04
9.999995003096341130e-04
9.999995246498499368e-04
9.999995040639987707e-04
9.999996382619841771e-04
9.999994200168347940e-04
9.999994973638936732e-04
9.999996044116974542e-04
9.999995329663172432e-04
9.999994871292784346e-04
9.999995784090078693e-04
9.999996190538126654e-04
9.999995854574430555e-04
9.999995009341824861e-04
9.999995633392106797e-04
9.999996701050447006e-04
9.999996396642476821e-04
9.999996018360930109e-04
9.999995668877196056e-04
9.999996183770480315e-04
9.999996206828927828e-04
9.999995075358374726e-04
9.999996586105223528e-04
9.999996184903861898e-04
9.999994998039717607e-04
9.999995918155563102e-04
9.999996486897962198e-04
9.999996606040197338e-04
9.999996515576096284e-04
9.999996742024435531e-04
9.999995507210808314e-04
9.999996449741989455e-04
9.999996057960716233e-04
9.999996531824561531e-04
9.999997090564848642e-04
9.999996563909445326e-04
9.999997326007419030e-04
9.999996026075449237e-04
9.999993391307485536e-04
9.999995821080029726e-04
9.999996377085017870e-04
9.999996369813629517e-04
9.999997056119875726e-04
9.999996672329155168e-04
9.999996971533789761e-04
9.999996904055143392e-04
9.999996201678507807e-04
9.999997139615525357e-04
9.999997346274230262e-04
9.999996582388608838e-04
9.999996863021996460e-04
9.999996468039158790e-04
9.999996753667320538e-04
9.999997365537326155e-04
9.999997534282135947e-04
9.999996073017211780e-04
9.999993934378752745e-04
9.999995001407440375e-04
9.999996676209601480e-04
9.999997151083738888e-04
9.999997224391119020e-04
9.999994291387329093e-04
9.999996771937562628e-04
9.999996946842373315e-04
9.999997648997111747e-04
9.999997469670666560e-04
9.999996511266190987e-04
9.999995795863473452e-04
9.999996804916113074e-04
9.999996542578402925e-04
9.999995609885935829e-04
9.999995740725994668e-04
9.999996200651404057e-04
9.999996373820027595e-04
9.999997070244878977e-04
9.999997383117614509e-04
9.999997351064074998e-04
9.999997511616317072e-04
9.999996956327587578e-04
9.999996630358789183e-04
9.999997203295790844e-04
9.999996814749766063e-04
9.999997240572656466e-04
9.999997394337567427e-04
9.999997671494363204e-04
9.999996209879122473e-04
9.999995365818929640e-04
9.999997580809492567e-04
9.999997537384073057e-04
9.999997567844115098e-04
9.999997208985842139e-04
9.999997087585137980e-04
9.999997470928989433e-04
9.999996034190813086e-04
9.999996802330022010e-04
9.999997088861079138e-04
9.999997067854044051e-04
9.999997343907757359e-04
9.999996369440811422e-04
9.999996717565083886e-04
9.999996600724195793e-04
9.999996014707452849e-04
9.999997041900896000e-04
9.999997506549241841e-04
9.999997622806785797e-04
9.999997674092265566e-04
9.999996854653120121e-04
9.999996745743086352e-04
9.999997218215789675e-04
9.999996545698277076e-04
9.999996281094434766e-04
9.999996834049390895e-04
9.999997367560829048e-04
9.999997785379278158e-04
9.999997019856324970e-04
9.999996816047822777e-04
9.999997224679993846e-04
9.999996798875667153e-04
9.999997119074556257e-04
9.999996891979980474e-04
9.999997877801348588e-04
9.999997927700645522e-04
9.999997537234845638e-04
9.999997927978192605e-04
9.999997200602025495e-04
9.999996975718725579e-04
9.999996398432082611e-04
9.999997205500416216e-04
9.999996795489146488e-04
9.999998097991891904e-04
9.999998029047282768e-04
9.999997563973934012e-04
9.999997687012436142e-04
9.999997797390141382e-04
9.999997715389131667e-04
9.999997279626644375e-04
9.999997739117321219e-04
9.999996655445128439e-04
9.999997831082495844e-04
9.999997974953721541e-04
9.999998065383141135e-04
9.999997695868448853e-04
9.999998000974946646e-04
9.999997873674515165e-04
9.999997728967102879e-04
9.999997678646088163e-04
9.999998224654198849e-04
9.999997477678288903e-04
9.999997680117628067e-04
9.999997740206423985e-04
9.999997975796467552e-04
9.999997896796863385e-04
9.999997770575776851e-04
9.999997551342957019e-04
9.999996205048166959e-04
9.999997323398180250e-04
9.999998086458864767e-04
9.999997117984837664e-04
9.999996143452119686e-04
9.999996966026142471e-04
9.999997591009178715e-04
9.999998132223554548e-04
9.999997550869921779e-04
9.999997982366613455e-04
9.999997114324577635e-04
9.999997879329841632e-04
9.999997941627291817e-04
9.999996752632737962e-04
9.999996961798378499e-04
9.999997320450386331e-04
9.999997691692743933e-04
9.999997478942965201e-04
9.999998054411572430e-04
9.999997821016838769e-04
9.999997890835553380e-04
9.999997583009464543e-04
9.999997865082679155e-04
9.999996940800240375e-04
9.999997551707268464e-04
9.999998015097098444e-04
9.999997897198573300e-04
9.999997667176413127e-04
9.999997532218387469e-04
9.999997803137867895e-04
9.999997991206634185e-04
9.999998092871387190e-04
9.999998055691794018e-04
9.999997794322623354e-04
9.999998199878915028e-04
9.999997135222461753e-04
9.999994606389112431e-04
9.999996965445239958e-04
9.999997423154598653e-04
9.999998199330503885e-04
9.999998108811201762e-04
9.999998332499320571e-04
9.999997722822868453e-04
9.999997756977338070e-04
9.999997533027219637e-04
9.999998158911524958e-04
9.999998106344307885e-04
9.999998094800115634e-04
9.999998415753949890e-04
9.999998097150730996e-04
9.999998200163006355e-04
9.999998575484234445e-04
9.999998078029609209e-04
9.999997645809214752e-04
9.999997503994701060e-04
9.999997724199358520e-04
9.999997930430432405e-04
9.999998268493200289e-04
9.999998358650482970e-04
9.999997915498509519e-04
9.999997768147454551e-04
9.999997630093064582e-04
9.999998027313600126e-04
9.999998278467747519e-04
9.999998433951155785e-04
9.999998359345241890e-04
9.999998202570845908e-04
9.999997972481727577e-04
9.999997675673216648e-04
9.999997692120570110e-04
9.999998435771004310e-04
9.999997279409220639e-04
9.999997709792490894e-04
