8.349117773928139974e-03
6.135481348457305466e-03
5.402376483145512713e-03
5.469289056858734309e-03
5.037222149487780715e-03
4.820750033678977524e-03
5.029267018758936704e-03
4.511512209367202902e-03
4.565944993182232368e-03
4.189300620438237213e-03
4.050349167205001544e-03
4.084961378554764592e-03
3.834976594110852885e-03
4.019623512010041082e-03
4.362629417109450090e-03
3.812143260515049679e-03
3.729072460708649558e-03
3.346271622975013644e-03
3.437384148128330708e-03
3.302445083758548481e-03
3.047358698064559293e-03
2.905801612589704180e-03
3.036650884161262113e-03
3.209867312474862320e-03
3.428871878177711975e-03
3.623830301589087231e-03
2.913542392075454002e-03
2.928343619906196606e-03
2.582351750645198434e-03
2.610636228621986306e-03
2.670198292961638385e-03
2.827585852508874339e-03
2.659866114539143241e-03
2.787291776928070390e-03
2.839296823367476463e-03
2.789494704063001478e-03
2.964963284811299258e-03
2.785812420035271245e-03
3.118225869624630196e-03
3.335786205226261205e-03
2.487113013079291987e-03
2.515258102089558846e-03
2.855963618984740191e-03
2.540942796162868732e-03
2.347231167062234676e-03
2.697910586568085748e-03
2.464485967433766109e-03
2.385278149679499055e-03
2.733612733304892784e-03
2.305840387156135249e-03
2.454242050206582957e-03
2.474523284227440369e-03
2.613362555980290169e-03
2.490499161036783052e-03
2.382550437591577763e-03
2.322676346490257573e-03
2.197687299677023899e-03
2.128092893766925318e-03
2.128304250379044020e-03
2.102138143719027054e-03
2.137162845189634168e-03
2.665353779632010072e-03
2.550034002572493935e-03
2.469062020904139263e-03
2.208539045807954466e-03
2.196239440021791143e-03
2.054391618769027799e-03
2.062769453531425410e-03
2.153526078664550793e-03
2.042971582053915245e-03
1.991444981142290443e-03
2.096059594278860874e-03
2.061681766798229617e-03
2.250093948341121662e-03
2.194608108287579226e-03
2.241625101305544376e-03
1.914464111522599802e-03
2.424140923386929828e-03
2.256716503516623985e-03
2.002035972270134294e-03
2.175325559954600137e-03
2.279576220500626176e-03
2.066787467093060028e-03
1.964635424021827365e-03
2.049437687291126662e-03
2.248687344897342538e-03
2.103401874927313727e-03
1.828260130040641621e-03
1.910749835109240222e-03
2.008542847378473693e-03
2.094837827730531687e-03
1.966379772822715848e-03
1.960430134970106691e-03
2.233764983860677886e-03
1.859838430965809423e-03
1.966087754178596353e-03
2.251232153196868098e-03
2.033660163808809901e-03
1.886668222907342306e-03
1.854400343482235465e-03
1.878951823240832290e-03
1.816870871392127669e-03
2.133576309700545466e-03
1.896619061498265460e-03
1.998529806242961473e-03
1.874565765702802941e-03
1.716937511350567335e-03
1.865874599101708135e-03
1.646001572034468856e-03
2.006596104413466836e-03
2.587664382238136912e-03
2.057700601749514347e-03
1.915928178564890423e-03
1.917849901426387426e-03
1.727071069916220111e-03
1.836201476276313072e-03
1.751707201995151642e-03
1.771114987174146962e-03
1.961760633429022235e-03
1.702402914433102802e-03
1.639751993168733725e-03
1.860850533519528517e-03
1.782813388241552902e-03
1.891725390267215380e-03
1.813621529819149777e-03
1.633789765611781079e-03
1.580599484058391050e-03
1.994709493469839102e-03
2.479064437609753997e-03
2.250474169972891802e-03
1.835130553349460358e-03
1.698986742045044103e-03
1.676985399650507760e-03
2.405002085173404622e-03
1.808510829792603055e-03
1.758833636382692647e-03
1.543393708887283401e-03
1.601174521247709188e-03
1.880113507228854501e-03
2.063899582840110058e-03
1.799249053491573528e-03
1.871657257556523079e-03
2.109055756591260433e-03
2.077389575884138351e-03
1.962025855104193670e-03
1.916791306269404090e-03
1.722922765398643115e-03
1.628329340172441405e-03
1.638271488972302273e-03
1.587847603092852437e-03
1.756099435672360065e-03
1.847744772308751145e-03
1.683346093877365795e-03
1.796478105365837807e-03
1.672089920918408239e-03
1.624834837122379142e-03
1.535991424278013119e-03
1.959641758156450194e-03
2.166888976812754875e-03
1.565615743043293363e-03
1.579604954091145793e-03
1.569805507499136320e-03
1.681632791204672054e-03
1.717816491451996767e-03
1.600776342552547461e-03
2.004546168456344205e-03
1.799977059770179388e-03
1.717440159011043898e-03
1.723625620606502500e-03
1.640482958847362801e-03
1.917948379597969643e-03
1.823678226700346664e-03
1.855852060926784083e-03
2.009464136790484190e-03
1.731236934000136059e-03
1.589463441632688046e-03
1.551966653144183162e-03
1.535134336384209397e-03
1.785189912066255814e-03
1.815833687463677334e-03
1.678849889063521424e-03
1.870812603125446630e-03
1.941143890450659597e-03
1.791027350057112577e-03
1.633162196652081406e-03
1.497958642798230848e-03
1.737675788861356386e-03
1.796112015941425362e-03
1.676898131048993072e-03
1.800949030439369380e-03
1.708504621331628955e-03
1.774565580202952823e-03
1.466368625283633476e-03
1.449026700452362305e-03
1.579652813042661157e-03
1.448929662154497307e-03
1.684156592665730316e-03
1.750496470393907026e-03
1.910275289494740370e-03
1.682682477525974506e-03
1.801901405039978621e-03
1.388213690676677430e-03
1.413149939923498237e-03
1.571053991363825005e-03
1.530864643619248662e-03
1.493891074604011783e-03
1.521445020396066305e-03
1.660215267053756320e-03
1.513523460169763964e-03
1.840853867562193677e-03
1.482421345396065307e-03
1.432410903936742145e-03
1.400063151346617532e-03
1.527931130687264997e-03
1.423178127305092019e-03
1.467793685151264071e-03
1.516917132233318484e-03
1.533630803398984077e-03
1.341194052273701623e-03
1.598638929671755042e-03
1.533144631570107150e-03
1.513158871890290776e-03
1.432112816378082031e-03
1.459791239253000221e-03
1.502956812098426220e-03
1.575121741839929619e-03
1.960890257338944280e-03
1.646804447151034275e-03
1.392416119894110751e-03
1.708827713675993088e-03
1.976739857223277098e-03
1.753299328572067821e-03
1.562311816470403477e-03
1.375664682678976250e-03
1.575273876752410337e-03
1.429786755531830189e-03
1.709912505343948608e-03
1.465840461222748950e-03
1.444149485139764556e-03
1.813910500219974124e-03
1.754520491598860225e-03
1.647711026874419844e-03
1.529315014761921561e-03
1.598238105591582659e-03
1.404027546461867693e-03
1.485857224140904554e-03
1.461858588491419348e-03
1.564903708640486002e-03
1.470756150267429939e-03
1.760573123312114078e-03
1.575004563691388563e-03
1.418142181232963806e-03
1.459651822714429096e-03
1.537414926324823889e-03
1.581260808866078848e-03
1.491940641579659384e-03
1.426651096584177422e-03
1.390081079750272834e-03
1.403565536939391884e-03
1.494930965188694593e-03
1.350519936654324526e-03
1.703709713183343410e-03
2.337706434589467436e-03
1.753467168830531242e-03
1.615825017276955244e-03
1.350725640996212158e-03
1.384259728518755835e-03
1.299819802577411232e-03
1.518967741407993132e-03
1.507533508916630545e-03
1.581001653041886690e-03
1.365801138729837334e-03
1.385162258597311428e-03
1.389377989414099061e-03
1.266955774841143885e-03
1.388520624268015828e-03
1.350413364554314214e-03
1.201389322216671503e-03
1.395479586024425634e-03
1.544439754644898969e-03
1.590277435944268498e-03
1.518508584826792473e-03
1.448072002906548384e-03
1.324531345744617283e-03
1.289587084963721630e-03
1.453286527018797991e-03
1.503775110713353362e-03
1.549586379903638211e-03
1.413771318957993779e-03
1.320710776398252443e-03
1.259658409061988798e-03
1.289314124733209610e-03
1.349509764144099164e-03
1.433284916473846629e-03
1.534612521553706125e-03
1.529173285234719515e-03
1.258926294547946852e-03
1.660281611532953179e-03
1.523307432714653608e-03
1.300056383785742724e-03
