4.639630714480422365e-03
7.037568874166984364e-04
2.891305484808981419e-04
1.476589654645833630e-04
1.079059247307381412e-04
1.148446133715639759e-04
1.430924737513506405e-04
1.071308324753772467e-04
1.036865038546047363e-04
1.187710153508784376e-04
1.577357956863890845e-04
1.049537738589079806e-04
9.748539952469352651e-05
8.207935350487547592e-05
1.094722645479793597e-04
1.824932731228488434e-04
1.427121223011789482e-04
8.290634650620631874e-05
8.768209801545660961e-05
1.612978816602232061e-04
9.892352260833017492e-05
8.147874388286206889e-05
7.999756493709834961e-05
1.359760878442198544e-04
1.619759074712515384e-04
1.065497436732249832e-04
1.120694474880828712e-04
1.271226670053836447e-04
1.159385428763926029e-04
1.362619353274471552e-04
1.080339884777602432e-04
1.048277186591325201e-04
1.565773165662233781e-04
1.834407636411733184e-04
1.099011427102500202e-04
5.591852459474466741e-05
5.325734558650047193e-05
4.779115395075151724e-05
4.828595870333772777e-05
4.438459482595422622e-05
4.597472731180268665e-05
4.619567162559465822e-05
4.158291085332166404e-05
4.195779355971975867e-05
5.028918128932433800e-05
4.639024490116801095e-05
5.568191983528729546e-05
6.550482870998645870e-05
4.658979837825570879e-05
4.316742160881403834e-05
4.349114916342506818e-05
4.428607989163873084e-05
4.267375391607760741e-05
4.441347501645060889e-05
4.052209988003596663e-05
3.871660460151217254e-05
4.187746775354944775e-05
3.760623909137824559e-05
3.626954907974179210e-05
3.876752883738127212e-05
3.770437558016151832e-05
4.077543867185197147e-05
3.875906010139978816e-05
3.515629511017131945e-05
3.707889338425287380e-05
3.724738790448387470e-05
3.852269487412597360e-05
3.679295006900486871e-05
3.977657319123145799e-05
3.592357748665994042e-05
3.657592759210322034e-05
3.388010344152510148e-05
3.641492185124661773e-05
3.760486977530250923e-05
4.026009245487665125e-05
3.457173778243534249e-05
3.781540564025482796e-05
4.106434100417812689e-05
3.437972018697397168e-05
3.783681122034690026e-05
3.608452511559191467e-05
3.459513544313315284e-05
3.339845381177790481e-05
3.338424606849194179e-05
3.815785902062136662e-05
4.007641770218278607e-05
3.693070433846993363e-05
4.007104996018920736e-05
3.697261911982327058e-05
3.644384885678606705e-05
3.878173772950264291e-05
3.479347756901437426e-05
3.930847742594778538e-05
3.921762168159291772e-05
3.614823655975909307e-05
3.681647065509183929e-05
3.256204844977841396e-05
3.623506324258510665e-05
3.307053257709699999e-05
3.541519579716565684e-05
3.550094889329844471e-05
3.686944144551249818e-05
3.707699167869960916e-05
3.468879492031288044e-05
3.718801896244067093e-05
3.769137420979524664e-05
3.265160624945756654e-05
3.628807376356378822e-05
3.389046349567299691e-05
3.258113419609511886e-05
3.209479674344612918e-05
3.357858794946591053e-05
3.387618270560204350e-05
3.144780806140165134e-05
3.913320247911063963e-05
3.623128587174793090e-05
3.591542822265948476e-05
3.729228659434930096e-05
3.621473345112079728e-05
3.502387086260377755e-05
4.429379642763371281e-05
3.620828915460917475e-05
3.811546048382297158e-05
3.416476389056218797e-05
3.509894495915719624e-05
3.393719874255015804e-05
3.447817691362855359e-05
3.189474352295388178e-05
3.616034461485565350e-05
3.522440056258346885e-05
3.695620360208282844e-05
3.395612398698607469e-05
3.535670552274065083e-05
3.145643026264702892e-05
3.835082402235313626e-05
3.517220782094610882e-05
3.391695291180727388e-05
3.235905377981620524e-05
3.164351265264773126e-05
3.582585438715269816e-05
3.629539845094672694e-05
3.426465264055877924e-05
3.856833063764497638e-05
3.795732434235489023e-05
3.507432733098731051e-05
3.422049772588683301e-05
3.677208511171078318e-05
3.112177024664369737e-05
3.724638401380568761e-05
3.353525196297070038e-05
3.359552197492264835e-05
3.813897293232577554e-05
3.919326215844577205e-05
4.190136927431204031e-05
3.600228046707343310e-05
3.540000848021774860e-05
3.428629191292106463e-05
3.769905101523219915e-05
3.564630653847033131e-05
3.515939447664239136e-05
3.675813470755727935e-05
3.353716726307634906e-05
3.236563631952250403e-05
3.553135033335389560e-05
3.255086200002360483e-05
3.603023297297400739e-05
3.546509268696689345e-05
3.569013805597358682e-05
3.919575168478523056e-05
3.629914997298711938e-05
3.321710257870634991e-05
3.479928320877278197e-05
3.439946589136716584e-05
3.708012646759590767e-05
3.749388547715314356e-05
3.596157167569464705e-05
3.837234573055818695e-05
3.781518228750332548e-05
3.768082368830954023e-05
3.646300894232761133e-05
3.071208247044858821e-05
3.632395735047267777e-05
3.610575631204195936e-05
4.127569493568060893e-05
3.441116687578247245e-05
3.643381559844496344e-05
3.446956792399041961e-05
3.815953383118061358e-05
3.496625233885041411e-05
3.878588224899047959e-05
3.305655302124490364e-05
3.559815836763989804e-05
3.482104914023933335e-05
3.506211023226282243e-05
3.447130754801420522e-05
3.669795574081179378e-05
3.148003921332450593e-05
3.634045960528677944e-05
3.603378871431279910e-05
3.516070912729972947e-05
3.580122000513304007e-05
4.033894890055403755e-05
3.523686284193230196e-05
3.141348277399389670e-05
3.541737245732771224e-05
3.134843264936200045e-05
3.759525641630476938e-05
3.639584486479993268e-05
3.446719835521531002e-05
3.619647156339947776e-05
3.797751234838200136e-05
3.477085805283614109e-05
3.820590513657263788e-05
4.070454528310189015e-05
3.289844196268333149e-05
3.368132112020822875e-05
3.552302041498478502e-05
3.418127638915872192e-05
3.508052462788519124e-05
3.421291148697491735e-05
3.238296602304264885e-05
3.559999545120119425e-05
3.463117393135019912e-05
3.247959284635726362e-05
3.392769662911488982e-05
3.501727664307078338e-05
3.609960214434020239e-05
3.405105867147396626e-05
3.560962690435668445e-05
3.499913768073862410e-05
3.742145288829066456e-05
3.282841872102213409e-05
3.564953581907933587e-05
3.421055273639993715e-05
3.330199098471846449e-05
3.555542082865844770e-05
3.311088834092707048e-05
3.287215507665869455e-05
3.543759952375885705e-05
3.283479896995949884e-05
3.860774239384274912e-05
3.552519640499284464e-05
3.296968354429976418e-05
3.476510956763951741e-05
3.785081600270994026e-05
3.460553039315671353e-05
3.921646939967391398e-05
3.560327192979840589e-05
3.835795407786989558e-05
3.676889268957127510e-05
3.308183151698598041e-05
3.431928445551373082e-05
3.782419547573418031e-05
3.423159968837066237e-05
3.747282837713627118e-05
3.445802270250982894e-05
3.388450462999140835e-05
3.555018204343995053e-05
3.795092638220490879e-05
3.734196137597073475e-05
3.547827748805406793e-05
3.534124454362379405e-05
3.638951803670926652e-05
3.567800711990505439e-05
3.606687105754022803e-05
3.651798837573120362e-05
3.374442645795888593e-05
3.565898479887676760e-05
3.757697164761147787e-05
3.567429226486159498e-05
3.020330740056172334e-05
3.328102923804085060e-05
3.687444672993335249e-05
3.494462113227009167e-05
3.544272160644667196e-05
3.264338834254120169e-05
3.930935666798368702e-05
3.431066694534628977e-05
3.693820594650644185e-05
3.613693067898949635e-05
3.569347762478221190e-05
3.389619958302079366e-05
3.565500657331492770e-05
3.743182376063870293e-05
3.579896158618411022e-05
3.593003738818592075e-05
3.635686114552969710e-05
3.618575771581259267e-05
3.432630422283086284e-05
3.698236641388288383e-05
3.591884820994700631e-05
3.518083634078624948e-05
3.520650716382078826e-05
3.244716974318419917e-05
3.540935013964037112e-05
3.166822898492682725e-05
3.668595443167233867e-05
3.725118853923815610e-05
3.484237669525962341e-05
3.494614688143452620e-05
