3.414519922807812777e-03
1.962943712715059692e-03
1.575679751113057137e-03
1.150847785174846562e-03
1.016689708922058301e-03
1.004841923713684125e-03
1.099856261862441854e-03
1.021577196661383000e-03
1.046942488756030798e-03
9.721805923618376472e-04
9.516026708297431686e-04
9.428652992937713861e-04
9.422008588444441557e-04
8.275751781184226708e-04
9.465928073041140816e-04
8.727269421797245307e-04
8.214930829126387401e-04
8.768216066528111696e-04
8.611430006567388556e-04
8.125201216898858764e-04
7.767554168822243376e-04
7.501813408453017907e-04
7.981817121617496230e-04
6.795575551223010042e-04
8.184003294445574067e-04
8.691538299899548075e-04
9.207688970491289659e-04
8.481281285639852719e-04
8.028629992622882561e-04
8.424920262768865065e-04
7.968890888150781827e-04
7.928187551442533731e-04
7.617593801114708185e-04
7.935333211207762577e-04
1.030349533539265351e-03
1.005071977851912466e-03
1.000179973198101011e-03
8.090445015113800330e-04
8.807053673081099987e-04
7.554148905910551548e-04
7.207674032542854114e-04
7.082085736328736164e-04
5.872254492715001323e-04
7.648030121345072551e-04
7.157315034419297955e-04
7.158740307204424901e-04
6.620260566705838279e-04
7.430704485159367106e-04
6.560270558111369610e-04
5.977540189633145712e-04
6.294105638517067053e-04
5.830942827742546797e-04
6.774284294806421237e-04
5.996459716698154590e-04
6.161542667541652484e-04
6.226624129340053038e-04
8.322906156536191919e-04
6.118066579801961563e-04
6.400601705536246300e-04
6.914690253324806907e-04
6.374938151566311500e-04
6.364671688061207099e-04
8.337720064446330070e-04
7.343184261117130518e-04
5.886885017389431162e-04
6.621295353397727446e-04
6.932320247869938612e-04
6.857120752101764083e-04
8.062828128458932042e-04
9.383986296597867770e-04
9.183120855595916510e-04
5.558379227295518355e-04
7.127945340471341989e-04
6.505909143015742736e-04
7.441474939696490548e-04
7.357838330790400505e-04
6.778796261642128663e-04
5.318857176462188797e-04
6.946505222003906748e-04
6.333021854516118331e-04
6.452860427089035945e-04
5.619617819320410707e-04
6.295348488492890976e-04
8.192550565581768317e-04
8.098523801891132756e-04
6.721194135025143407e-04
6.150047673145308657e-04
6.453901180066168742e-04
5.445608345326036432e-04
6.133908871561288400e-04
6.073977332562207959e-04
6.216106063220650174e-04
7.983670046087353988e-04
6.757481780368835168e-04
5.506236513610929684e-04
4.956473567290231586e-04
6.621348438784480095e-04
6.791948981117457151e-04
6.358994811307639100e-04
6.265222560614347675e-04
5.567730870097876029e-04
6.508944090455770926e-04
5.173848883714526458e-04
5.249212204944342592e-04
4.665773391025141098e-04
5.708835844416171746e-04
6.364599103108048439e-04
7.642297423444688320e-04
6.427418265957385302e-04
6.831451231846585653e-04
6.166497245430946133e-04
6.783596996683627584e-04
6.004194234265014746e-04
6.016462604748085575e-04
6.589564116438850327e-04
6.579810404218732877e-04
6.436856812797487216e-04
6.598673586267978170e-04
4.674745374359190681e-04
5.085099779535085180e-04
5.318564682966098623e-04
5.348756036255508878e-04
4.998407210223376317e-04
6.426794891012832956e-04
8.501996344421058893e-04
7.896342023741454320e-04
6.967924593482166962e-04
6.677243043668567701e-04
5.728869524318725088e-04
7.056652015307917974e-04
7.488512899726628824e-04
5.271594942314550497e-04
6.701370177324861722e-04
6.164038612041621967e-04
4.994668677682056589e-04
5.252328235656022592e-04
6.309445103397593119e-04
7.852076931158080263e-04
7.000798446824774363e-04
5.918048147577792840e-04
6.804400472901761532e-04
6.070585717679932497e-04
6.639904720941558047e-04
6.081398576498031183e-04
4.985883351764641702e-04
5.943234718870371580e-04
5.860056262463331223e-04
6.653374002780765295e-04
5.128989025251940326e-04
6.081193132558837533e-04
6.653139425907284021e-04
5.968168290564790802e-04
6.270126701565459587e-04
5.733703641453757665e-04
4.701207857578992627e-04
6.544420961290597699e-04
5.162738962098956108e-04
5.649230355629697225e-04
6.731604400556534962e-04
8.035242441110313156e-04
6.857035943539813595e-04
7.389681821223347945e-04
6.940080027561634345e-04
5.183177039725705764e-04
5.181796674150973775e-04
5.482029984705150561e-04
4.981649195542559245e-04
5.305670783855021000e-04
4.527000826783478368e-04
6.662222614977509217e-04
6.366139365127310374e-04
5.232569470535963991e-04
6.382823339663445950e-04
5.357891670428216891e-04
6.720911304000764652e-04
6.417786004021764018e-04
5.270795474643819468e-04
4.757359012728556882e-04
4.416473530000075698e-04
4.687837645178660750e-04
5.329268315108492970e-04
5.117059714393690445e-04
6.281604175455868678e-04
7.012387446593493440e-04
7.134186627808958726e-04
5.315309157595038197e-04
5.272607435472309373e-04
5.046882375609129884e-04
4.721000237623229840e-04
5.193125834921374917e-04
4.742195582366548262e-04
6.228869460755959153e-04
5.279319826513529041e-04
6.554555409820749922e-04
5.345811834558845000e-04
6.575000472366810279e-04
5.729569616960361817e-04
5.017511313781142668e-04
4.588135285302996852e-04
5.994796927552669807e-04
4.522468443610705435e-04
4.292294150218367685e-04
4.704727762145921588e-04
4.893593839369713826e-04
6.895624974276870489e-04
6.024719390552490733e-04
5.132102291099726937e-04
5.676376254996285059e-04
5.482961394591256542e-04
6.397665390977635546e-04
6.101335398852825382e-04
5.133062048116698427e-04
5.210654111579060338e-04
4.703816870460286520e-04
4.418314376380294453e-04
4.623929955414496254e-04
6.452149304095655463e-04
6.115114520071074367e-04
6.830221274867654280e-04
6.782559154089540460e-04
4.605858368449844312e-04
6.052806013030931787e-04
6.994605384534225302e-04
6.808375590480863614e-04
7.514349883422255950e-04
5.576550902333110571e-04
6.708399567287414832e-04
6.812634703237563805e-04
7.702436123508960009e-04
7.232548639876767559e-04
8.930848678573965593e-04
7.348795130383223512e-04
5.458415165776386640e-04
7.127384946215897582e-04
5.705011368263513067e-04
5.922510172240436077e-04
6.019767024554312229e-04
5.193432763917372064e-04
5.537071177968755148e-04
6.647043337579816580e-04
4.510586033575236689e-04
4.840509966015815626e-04
4.374498297693207643e-04
4.753985296702012311e-04
5.595453112618997693e-04
5.823840037919580936e-04
4.594672122038900635e-04
4.270107805496081493e-04
4.922143911244347475e-04
6.316548999166116552e-04
5.409896344644949057e-04
5.148393349372782247e-04
4.807645978871733167e-04
4.776843212312087633e-04
5.155282618943601630e-04
4.636489262338727929e-04
4.721922683529556014e-04
4.443171463208273162e-04
4.385144857224076986e-04
4.780722898431122520e-04
4.310736723709851395e-04
5.362559459172189236e-04
5.800219398224726753e-04
5.520005419384687922e-04
5.762367509305477142e-04
5.823944200528785153e-04
4.922294465359300375e-04
5.336290094419382079e-04
5.608572770142927983e-04
4.991371330106631138e-04
5.743106463341973939e-04
4.498843307374045361e-04
6.307479867246002176e-04
6.037331419065594890e-04
7.275030657183378935e-04
6.699291581753641801e-04
6.358138867653906562e-04
5.190583469811826944e-04
5.937450623605400324e-04
6.333853467367589691e-04
5.660551018081605218e-04
4.944330139551311731e-04
5.789266142528504133e-04
4.518072528298944235e-04
4.043551831273362257e-04
4.903062043013050719e-04
3.620558592956513058e-04
5.265764164505525990e-04
5.370875005610287189e-04
5.285743391141295433e-04
4.942082741763442755e-04
4.759822390042245171e-04
4.587640898535027992e-04
4.479394294321536909e-04
3.966623669839464236e-04
4.023475135909393647e-04
5.018356692744419196e-04
5.163214693311602311e-04
6.527643650770187595e-04
6.148494547232985063e-04
