1.000000000000000021e-03
1.000000000000000021e-03
1.000000000000000021e-03
1.000000000000000021e-03
1.000000000000000021e-03
1.000000000000000021e-03
1.000000000000000021e-03
1.000000000000000021e-03
1.000000000000000021e-03
1.000000000000000021e-03
1.000000000000000021e-03
1.000000000000000021e-03
1.000000000000000021e-03
1.000000000000000021e-03
1.000000000000000021e-03
1.000000000000000021e-03
1.000000000000000021e-03
1.000000000000000021e-03
1.000000000000000021e-03
1.000000000000000021e-03
1.000000000000000021e-03
1.000000000000000021e-03
1.000000000000000021e-03
1.000000000000000021e-03
1.000000000000000021e-03
1.000000000000000021e-03
1.000000000000000021e-03
1.000000000000000021e-03
1.000000000000000021e-03
1.000000000000000021e-03
1.000000000000000021e-03
1.000000000000000021e-03
1.000000000000000021e-03
1.000000000000000021e-03
1.000000000000000021e-03
1.000000000000000021e-03
1.000000000000000021e-03
1.000000000000000021e-03
1.000000000000000021e-03
1.000000000000000021e-03
1.000000000000000021e-03
1.000000000000000021e-03
1.000000000000000021e-03
1.000000000000000021e-03
1.000000000000000021e-03
1.000000000000000021e-03
1.000000000000000021e-03
1.000000000000000021e-03
1.000000000000000021e-03
1.000000000000000048e-04
1.000000000000000048e-04
1.000000000000000048e-04
1.000000000000000048e-04
1.000000000000000048e-04
1.000000000000000048e-04
1.000000000000000048e-04
1.000000000000000048e-04
1.000000000000000048e-04
1.000000000000000048e-04
1.000000000000000048e-04
1.000000000000000048e-04
1.000000000000000048e-04
1.000000000000000048e-04
1.000000000000000048e-04
1.000000000000000048e-04
1.000000000000000048e-04
1.000000000000000048e-04
1.000000000000000048e-04
1.000000000000000048e-04
1.000000000000000048e-04
1.000000000000000048e-04
1.000000000000000048e-04
1.000000000000000048e-04
1.000000000000000048e-04
1.000000000000000082e-05
1.000000000000000082e-05
1.000000000000000082e-05
1.000000000000000082e-05
1.000000000000000082e-05
1.000000000000000082e-05
1.000000000000000082e-05
1.000000000000000082e-05
1.000000000000000082e-05
1.000000000000000082e-05
1.000000000000000082e-05
1.000000000000000082e-05
1.000000000000000082e-05
1.000000000000000082e-05
1.000000000000000082e-05
1.000000000000000082e-05
1.000000000000000082e-05
1.000000000000000167e-06
1.000000000000000167e-06
1.000000000000000167e-06
1.000000000000000167e-06
1.000000000000000167e-06
1.000000000000000167e-06
1.000000000000000167e-06
1.000000000000000167e-06
1.000000000000000167e-06
1.000000000000000167e-06
1.000000000000000167e-06
1.000000000000000167e-06
1.000000000000000167e-06
1.000000000000000167e-06
1.000000000000000167e-06
1.000000000000000167e-06
1.000000000000000219e-07
1.000000000000000219e-07
1.000000000000000219e-07
1.000000000000000219e-07
1.000000000000000219e-07
1.000000000000000219e-07
1.000000000000000219e-07
1.000000000000000219e-07
1.000000000000000219e-07
1.000000000000000219e-07
1.000000000000000219e-07
1.000000000000000219e-07
1.000000000000000219e-07
1.000000000000000219e-07
1.000000000000000219e-07
1.000000000000000219e-07
1.000000000000000352e-08
1.000000000000000352e-08
1.000000000000000352e-08
1.000000000000000352e-08
1.000000000000000352e-08
1.000000000000000352e-08
1.000000000000000352e-08
1.000000000000000352e-08
1.000000000000000352e-08
1.000000000000000352e-08
1.000000000000000352e-08
1.000000000000000352e-08
1.000000000000000352e-08
1.000000000000000352e-08
1.000000000000000352e-08
1.000000000000000352e-08
1.000000000000000352e-08
1.000000000000000352e-08
1.000000000000000352e-08
1.000000000000000352e-08
1.000000000000000352e-08
1.000000000000000352e-08
1.000000000000000352e-08
1.000000000000000352e-08
1.000000000000000352e-08
1.000000000000000352e-08
1.000000000000000352e-08
1.000000000000000352e-08
1.000000000000000352e-08
1.000000000000000352e-08
1.000000000000000352e-08
1.000000000000000352e-08
1.000000000000000352e-08
1.000000000000000352e-08
1.000000000000000352e-08
1.000000000000000352e-08
1.000000000000000352e-08
1.000000000000000352e-08
1.000000000000000352e-08
1.000000000000000352e-08
1.000000000000000352e-08
1.000000000000000352e-08
1.000000000000000352e-08
1.000000000000000352e-08
1.000000000000000352e-08
1.000000000000000352e-08
1.000000000000000352e-08
1.000000000000000352e-08
1.000000000000000352e-08
1.000000000000000352e-08
1.000000000000000352e-08
1.000000000000000352e-08
1.000000000000000352e-08
1.000000000000000352e-08
1.000000000000000352e-08
1.000000000000000352e-08
1.000000000000000352e-08
1.000000000000000352e-08
1.000000000000000352e-08
1.000000000000000352e-08
1.000000000000000352e-08
1.000000000000000352e-08
1.000000000000000352e-08
1.000000000000000352e-08
1.000000000000000352e-08
1.000000000000000352e-08
1.000000000000000352e-08
1.000000000000000352e-08
1.000000000000000352e-08
1.000000000000000352e-08
1.000000000000000352e-08
1.000000000000000352e-08
1.000000000000000352e-08
1.000000000000000352e-08
1.000000000000000352e-08
1.000000000000000352e-08
1.000000000000000352e-08
1.000000000000000352e-08
1.000000000000000352e-08
1.000000000000000352e-08
1.000000000000000352e-08
1.000000000000000352e-08
1.000000000000000352e-08
1.000000000000000352e-08
1.000000000000000352e-08
1.000000000000000352e-08
1.000000000000000352e-08
1.000000000000000352e-08
1.000000000000000352e-08
1.000000000000000352e-08
1.000000000000000352e-08
1.000000000000000352e-08
1.000000000000000352e-08
1.000000000000000352e-08
1.000000000000000352e-08
1.000000000000000352e-08
1.000000000000000352e-08
1.000000000000000352e-08
1.000000000000000352e-08
1.000000000000000352e-08
1.000000000000000352e-08
1.000000000000000352e-08
1.000000000000000352e-08
1.000000000000000352e-08
1.000000000000000352e-08
1.000000000000000352e-08
1.000000000000000352e-08
1.000000000000000352e-08
1.000000000000000352e-08
1.000000000000000352e-08
1.000000000000000352e-08
1.000000000000000352e-08
1.000000000000000352e-08
1.000000000000000352e-08
1.000000000000000352e-08
1.000000000000000352e-08
1.000000000000000352e-08
1.000000000000000352e-08
1.000000000000000352e-08
1.000000000000000352e-08
1.000000000000000352e-08
1.000000000000000352e-08
1.000000000000000352e-08
1.000000000000000352e-08
1.000000000000000352e-08
1.000000000000000352e-08
1.000000000000000352e-08
1.000000000000000352e-08
1.000000000000000352e-08
1.000000000000000352e-08
1.000000000000000352e-08
1.000000000000000352e-08
1.000000000000000352e-08
1.000000000000000352e-08
1.000000000000000352e-08
1.000000000000000352e-08
1.000000000000000352e-08
1.000000000000000352e-08
1.000000000000000352e-08
1.000000000000000352e-08
1.000000000000000352e-08
1.000000000000000352e-08
1.000000000000000352e-08
1.000000000000000352e-08
1.000000000000000352e-08
1.000000000000000352e-08
1.000000000000000352e-08
1.000000000000000352e-08
1.000000000000000352e-08
1.000000000000000352e-08
1.000000000000000352e-08
1.000000000000000352e-08
1.000000000000000352e-08
1.000000000000000352e-08
1.000000000000000352e-08
1.000000000000000352e-08
1.000000000000000352e-08
1.000000000000000352e-08
1.000000000000000352e-08
1.000000000000000352e-08
1.000000000000000352e-08
1.000000000000000352e-08
1.000000000000000352e-08
1.000000000000000352e-08
1.000000000000000352e-08
1.000000000000000352e-08
1.000000000000000352e-08
1.000000000000000352e-08
1.000000000000000352e-08
1.000000000000000352e-08
1.000000000000000352e-08
1.000000000000000352e-08
1.000000000000000352e-08
1.000000000000000352e-08
1.000000000000000352e-08
1.000000000000000352e-08
1.000000000000000352e-08
