2.472565487027168218e-01
2.043530687689781300e-01
1.785032860934734344e-01
1.728963166475296076e-01
1.603621393442153931e-01
1.322228088974952698e-01
1.310788653790950775e-01
1.158286996185779599e-01
1.259937785565853063e-01
1.279507003724575098e-01
1.376169800758361705e-01
1.346974529325962178e-01
1.332064189016818889e-01
1.169659160077571869e-01
1.141892820596694946e-01
1.140396893024444580e-01
1.021298937499523218e-01
9.207714796066283902e-02
9.996739700436592380e-02
1.093846082687377902e-01
1.177253283560276004e-01
1.045429255813360159e-01
1.070097990334033938e-01
1.003716446459293338e-01
9.867759346961975375e-02
8.937993980944156092e-02
9.157075956463814337e-02
9.028293192386627197e-02
1.012905105948448126e-01
8.897571414709090631e-02
9.416855201125144681e-02
9.015232548117638189e-02
9.169100299477576932e-02
9.708305150270461759e-02
8.572368025779723844e-02
7.620630934834479731e-02
7.281627841293811243e-02
6.349359415471553247e-02
9.034215360879897794e-02
8.958265408873558600e-02
7.548267617821693976e-02
6.976368762552738467e-02
6.970333307981491089e-02
6.519976407289504450e-02
7.021411396563052854e-02
8.440675213932991028e-02
9.137819707393646240e-02
6.335877254605293274e-02
7.785274125635624487e-02
5.482887849211692810e-02
4.988532997667789737e-02
5.393500961363315721e-02
5.381421968340873579e-02
5.243116244673728943e-02
5.677940063178539554e-02
5.076412148773670058e-02
5.656558685004711012e-02
4.842050932347774506e-02
5.172889344394206862e-02
5.017420239746570726e-02
6.168885231018066129e-02
5.118631701916456084e-02
4.686660356819629530e-02
5.143281295895576338e-02
5.364626608788967271e-02
4.759082533419132371e-02
4.945031329989433427e-02
4.931200854480266571e-02
5.565892420709132871e-02
4.800304695963859836e-02
5.227171964943409105e-02
5.186582393944263319e-02
5.230311341583728652e-02
4.941964261233806888e-02
4.570414461195469041e-02
5.217943731695413867e-02
4.896017648279667178e-02
4.916066415607929507e-02
4.344609118998050967e-02
4.258938375860452791e-02
5.007107369601726532e-02
5.214882902801036557e-02
4.984708540141582350e-02
4.620534367859363556e-02
5.402881056070327898e-02
5.349038280546665469e-02
4.935975596308708052e-02
5.555463545024395128e-02
4.384802021086216250e-02
4.434948004782199998e-02
4.889619089663028995e-02
5.197938829660415927e-02
5.286657623946666718e-02
5.143989212810993333e-02
5.364315472543239316e-02
4.532165564596653262e-02
4.529710300266742706e-02
4.752845801413059512e-02
5.878820642828941345e-02
4.692316465079784255e-02
5.185305215418338498e-02
4.707146175205707828e-02
4.370689652860164365e-02
4.705104008316993852e-02
4.608490988612175265e-02
4.326795078814029555e-02
5.233086049556732317e-02
5.313585661351680894e-02
5.251659676432609419e-02
4.800657778978347640e-02
4.840393885970115800e-02
6.012488976120948514e-02
4.504802897572517117e-02
4.917125664651393613e-02
4.686875920742750168e-02
4.907478876411915103e-02
4.694399461150169234e-02
4.771180003881454745e-02
4.886030033230781555e-02
4.653415028005838255e-02
5.374452173709869107e-02
4.849412664771080017e-02
5.178013741970062533e-02
4.495635703206062039e-02
5.024501439183950285e-02
5.400231778621673862e-02
4.957200475037097653e-02
5.517143756151199341e-02
4.865888692438602448e-02
4.720009621232747893e-02
5.694128684699535647e-02
5.119017902761698047e-02
4.844207651913166185e-02
4.653878286480903764e-02
5.025605857372283936e-02
5.690058544278144698e-02
4.717404693365097323e-02
4.574656374752521237e-02
4.397468231618404527e-02
5.515633374452590804e-02
5.166535917669534683e-02
4.382287748157977919e-02
5.372683070600033084e-02
4.858904704451560974e-02
5.024240687489509721e-02
4.892421290278434892e-02
4.747503064572811127e-02
5.089792124927043637e-02
5.106250736862420758e-02
5.172345452010631423e-02
4.573140889406204085e-02
5.207286141812801639e-02
4.778130464255810061e-02
5.426517836749553819e-02
4.657973088324070254e-02
5.445197373628616472e-02
4.824407808482646803e-02
4.419675953686237613e-02
5.250014662742615024e-02
4.890360534191131453e-02
5.061965174973011294e-02
5.078098922967910767e-02
4.245892837643623630e-02
4.970916993916034421e-02
4.451957568526267867e-02
4.972840435802936693e-02
4.907099865376949449e-02
5.388631317764520923e-02
4.848279953002929826e-02
4.832962043583392819e-02
5.057402104139328142e-02
5.149137713015079776e-02
4.404361471533775607e-02
4.702625460922717909e-02
5.068465434014797488e-02
5.211165994405746182e-02
5.233600325882434984e-02
5.174397081136703630e-02
4.895959086716174941e-02
5.142195504158734998e-02
5.528487153351306638e-02
4.573816657066345076e-02
4.576764684170484682e-02
5.191994309425353865e-02
4.841299466788769046e-02
4.803281910717487058e-02
4.681053496897220889e-02
4.969632849097251753e-02
5.528419800102710863e-02
5.638172216713428775e-02
4.642574153840541701e-02
5.638864040374755998e-02
5.817502588033676009e-02
5.303061194717884064e-02
5.285448208451271057e-02
5.073554515838622769e-02
5.059758573770523071e-02
4.727956950664520541e-02
4.865146949887275835e-02
4.820945337414741377e-02
4.900296032428741455e-02
4.557371437549591342e-02
4.946332573890686174e-02
5.531684011220931729e-02
5.299873799085617204e-02
4.465320408344268521e-02
4.790175594389438352e-02
4.666731469333171983e-02
5.047971904277801652e-02
4.540777839720248898e-02
4.274452142417430739e-02
5.104915406554937085e-02
4.772053994238376756e-02
4.300045296549796781e-02
5.372797176241874556e-02
4.702055118978023390e-02
4.739544540643692017e-02
5.630205795168876509e-02
5.097114443778991838e-02
4.837974421679973325e-02
4.816529266536236087e-02
4.629579558968544006e-02
5.159336850047111650e-02
5.662893094122409959e-02
5.480182431638240537e-02
5.067415535449981689e-02
5.088707078248262683e-02
5.661766193807125230e-02
5.543519221246242384e-02
5.223324969410896024e-02
5.496820211410522600e-02
4.619285389780998508e-02
5.066764652729034701e-02
4.282063990831375122e-02
4.660430923104286194e-02
5.792545676231384416e-02
5.295015573501586637e-02
5.204185750335454941e-02
5.077086389064788818e-02
5.222094357013702670e-02
5.179388150572776517e-02
5.020459182560443878e-02
5.090803727507590970e-02
4.311163276433944980e-02
4.757623113691807071e-02
4.472889006137847900e-02
4.572936184704303603e-02
5.706512071192264279e-02
4.667002148926258087e-02
5.251245796680450301e-02
5.659299530088901520e-02
5.467687621712684354e-02
4.613728038966655870e-02
4.888888150453567227e-02
4.879074282944202701e-02
4.927527047693729123e-02
5.642087422311305861e-02
5.080873537808656970e-02
4.550877138972282687e-02
4.883301556110382358e-02
4.564363732933997969e-02
5.149820633232593536e-02
4.311213865876197676e-02
4.827533997595310350e-02
4.561573415994644304e-02
4.591299444437026839e-02
4.862129874527454376e-02
4.800311252474784990e-02
4.567448310554027280e-02
5.351620018482208113e-02
4.614888466894626756e-02
5.041119232773780962e-02
4.376289192587137084e-02
4.860771037638187547e-02
4.681385681033134460e-02
4.780155662447214265e-02
4.985954016447067400e-02
5.073287747800350050e-02
5.088700763881206374e-02
5.173772759735584259e-02
4.737129211425781389e-02
5.235042311251163205e-02
4.764132574200630188e-02
5.505221597850322446e-02
4.955359641462564468e-02
5.621154066175222674e-02
4.809932112693786344e-02
5.168724209070205827e-02
4.968704916536807736e-02
4.815672002732753615e-02
4.978773444890975675e-02
4.632463790476322452e-02
4.867856577038764954e-02
4.914186038076877316e-02
5.006117559969425201e-02
4.625655598938464841e-02
4.885291866958141327e-02
4.804760403931140900e-02
4.612617120146751681e-02
4.774869196116924425e-02
