6.846232376992702484e+00
1.484748549759387970e+00
1.050520308315753937e+00
1.071242321282625198e+00
1.132231280207633972e+00
8.573927357792854309e-01
9.243892803788185120e-01
7.083362340927124023e-01
6.571303401142358780e-01
6.688375435769557953e-01
6.373245213180780411e-01
5.909804496914148331e-01
5.566122625023126602e-01
5.838977452367544174e-01
5.423628203570842743e-01
5.833019856363534927e-01
6.839344818145036697e-01
6.052714362740516663e-01
5.465426705777645111e-01
4.753829371184110641e-01
5.109832137823104858e-01
5.026366636157035828e-01
4.177039703354239464e-01
3.801577538251876831e-01
5.190953919664025307e-01
4.440359268337488174e-01
4.001366887241601944e-01
4.311522552743554115e-01
3.869392927736043930e-01
3.530825544148683548e-01
3.682177476584911346e-01
2.753107063472270966e-01
3.600781038403511047e-01
3.625789685174822807e-01
3.023837935179471970e-01
2.999868411570787430e-01
2.780605861917138100e-01
2.482135137543082237e-01
2.508845722768455744e-01
2.507627131417393684e-01
2.269127555191516876e-01
2.523147780448198318e-01
2.349791526794433594e-01
2.288010874763131142e-01
2.818581676110625267e-01
3.157914038747549057e-01
2.488083057105541229e-01
1.971398312598466873e-01
1.889639534056186676e-01
1.996719967573881149e-01
1.976406816393136978e-01
1.914210487157106400e-01
2.013265527784824371e-01
2.397211715579032898e-01
1.709511382505297661e-01
1.978875282220542431e-01
1.685814727097749710e-01
1.500630006194114685e-01
2.008214434608817101e-01
1.656808792613446712e-01
1.712276069447398186e-01
1.497984579764306545e-01
1.812638808041810989e-01
1.535560837946832180e-01
1.461310936138033867e-01
1.571159176528453827e-01
1.962427445687353611e-01
1.557491431012749672e-01
1.575674866326153278e-01
1.486051063984632492e-01
1.602416243404150009e-01
1.574694891460239887e-01
1.262142607010900974e-01
1.476589934900403023e-01
1.405169190838932991e-01
1.427222350612282753e-01
1.610669740475714207e-01
1.443918147124350071e-01
1.169062550179660320e-01
1.386200487613677979e-01
1.482224157080054283e-01
1.245513879694044590e-01
1.605340330861508846e-01
1.265657371841371059e-01
1.267284248024225235e-01
1.317314156331121922e-01
1.268388484604656696e-01
1.415385487489402294e-01
1.121261115185916424e-01
1.183193926699459553e-01
1.221108147874474525e-01
1.218673321418464184e-01
1.164001086726784706e-01
1.270828205160796642e-01
1.127697476185858250e-01
1.407564934343099594e-01
1.391983274370431900e-01
1.807333230972290039e-01
1.190623119473457336e-01
1.178392544388771057e-01
1.559759173542261124e-01
1.374226938933134079e-01
1.127170901745557785e-01
9.581733006052672863e-02
1.003823198843747377e-01
1.189416209235787392e-01
1.118574989959597588e-01
1.109272795729339123e-01
1.013563212472945452e-01
1.077645302284508944e-01
1.179708894342184067e-01
9.775470290333032608e-02
1.106276093050837517e-01
1.017485423944890499e-01
9.544908581301569939e-02
9.520253888331353664e-02
9.397042868658900261e-02
1.022568605840206146e-01
9.321693517267704010e-02
8.801552327349781990e-02
1.155290435999631882e-01
8.994852099567651749e-02
1.112899947911500931e-01
1.501416661776602268e-01
2.257123957388103008e-01
1.634174808859825134e-01
1.357319569215178490e-01
1.349616758525371552e-01
1.084804949350655079e-01
1.173042468726634979e-01
1.068191733211278915e-01
1.249134708195924759e-01
1.166241879109293222e-01
1.008999636396765709e-01
1.010869094170629978e-01
1.079107306431978941e-01
1.268746778368949890e-01
9.307511430233716965e-02
9.076400008052587509e-02
8.778640581294894218e-02
9.386522928252816200e-02
8.032830385491251945e-02
8.582127699628472328e-02
9.531468525528907776e-02
8.904589619487524033e-02
8.435494778677821159e-02
9.030462801456451416e-02
9.303124574944376945e-02
7.372290617786347866e-02
8.690336416475474834e-02
9.569464647211134434e-02
8.406910998746752739e-02
9.359582420438528061e-02
1.145428987219929695e-01
8.813678496517241001e-02
8.511566161178052425e-02
7.904328638687729836e-02
8.896462619304656982e-02
9.911555424332618713e-02
9.306234843097627163e-02
9.384441375732421875e-02
9.587339940480887890e-02
9.692211356014013290e-02
7.424048054963350296e-02
7.364408439025282860e-02
9.318725345656275749e-02
8.647553366608917713e-02
8.824956300668418407e-02
8.072678046301007271e-02
1.032789046876132488e-01
8.551224623806774616e-02
9.275193675421178341e-02
7.471232698298990726e-02
9.237112523987889290e-02
9.062233264558017254e-02
9.669493325054645538e-02
1.392289272043853998e-01
1.443116369191557169e-01
1.317728348076343536e-01
1.236681102309376001e-01
1.774386011529713869e-01
1.751680029556155205e-01
1.294816897716373205e-01
9.820177825167775154e-02
9.053582232445478439e-02
8.029874740168452263e-02
8.005442726425826550e-02
9.649717016145586967e-02
9.513217187486588955e-02
8.900708402507007122e-02
9.642407437786459923e-02
9.159963717684149742e-02
9.852726873941719532e-02
8.380953059531748295e-02
1.144216919783502817e-01
7.873777044005692005e-02
1.022474826313555241e-01
8.388042706064879894e-02
8.425581036135554314e-02
8.175007672980427742e-02
7.964328816160559654e-02
8.222449221648275852e-02
8.230209117755293846e-02
7.963547250255942345e-02
9.740203619003295898e-02
9.585797926411032677e-02
7.444227137602865696e-02
8.053519087843596935e-02
1.086461190134286880e-01
1.065481486730277538e-01
9.039079397916793823e-02
7.880443288013339043e-02
7.800684217363595963e-02
7.642293930985033512e-02
7.576702744700014591e-02
9.145933506079018116e-02
6.873031798750162125e-02
8.629915537312626839e-02
6.982969981618225574e-02
8.158383285626769066e-02
6.419186899438500404e-02
6.789275398477911949e-02
7.161660748533904552e-02
8.732270472683012486e-02
6.882174848578870296e-02
6.780457543209195137e-02
6.600836152210831642e-02
8.213928760960698128e-02
7.138741109520196915e-02
7.235990790650248528e-02
7.964165438897907734e-02
8.896006317809224129e-02
8.584201475605368614e-02
7.538903155364096165e-02
6.466730730608105659e-02
8.056661626324057579e-02
7.252180017530918121e-02
9.576793294399976730e-02
8.423895784653723240e-02
7.171786972321569920e-02
7.027143030427396297e-02
8.682276285253465176e-02
7.352101686410605907e-02
7.062932301778346300e-02
1.096737631596624851e-01
1.125448383390903473e-01
7.341761374846100807e-02
5.546269100159406662e-02
6.819671741686761379e-02
6.760573922656476498e-02
6.770283519290387630e-02
6.344951491337269545e-02
6.607296271249651909e-02
1.238739020191133022e-01
1.875101220794022083e-01
1.086185588501393795e-01
9.518660395406186581e-02
6.516436510719358921e-02
7.773323100991547108e-02
7.174097886309027672e-02
7.363546453416347504e-02
6.695996690541505814e-02
6.605788634624332190e-02
1.064413292333483696e-01
8.546184073202311993e-02
7.786465086974203587e-02
7.817475777119398117e-02
7.287503103725612164e-02
7.403425709344446659e-02
8.901618910022079945e-02
8.906024647876620293e-02
7.733525265939533710e-02
9.413688001222908497e-02
1.112741355318576097e-01
9.908634983003139496e-02
8.754126355051994324e-02
8.972384617663919926e-02
1.159749352373182774e-01
1.050655497238039970e-01
7.502558873966336250e-02
6.579220457933843136e-02
6.509956624358892441e-02
6.492477329447865486e-02
6.321636261418461800e-02
6.632996909320354462e-02
6.446161866188049316e-02
6.150133651681244373e-02
8.040847862139344215e-02
6.998598366044461727e-02
6.918964046053588390e-02
6.363689689897000790e-02
7.895819400437176228e-02
7.910288125276565552e-02
8.150166552513837814e-02
6.656482873950153589e-02
6.938907178118824959e-02
6.873515993356704712e-02
7.195821357890963554e-02
6.852445751428604126e-02
6.904793914873152971e-02
