3.834133828058838844e-02
2.351709117647260427e-02
2.000462263822555542e-02
1.898584794253110886e-02
1.903316169045865536e-02
1.891032856656238437e-02
1.997911004582419991e-02
1.913012145087122917e-02
1.781736285192891955e-02
1.705168426269665360e-02
1.982658804627135396e-02
1.766882260562852025e-02
1.890503871254622936e-02
1.793390722014009953e-02
1.645011652726680040e-02
1.739049906609579921e-02
1.861104904673993587e-02
1.726659492123872042e-02
1.722288527525961399e-02
1.993285561911761761e-02
1.968838903121650219e-02
1.723069470608606935e-02
1.925460842903703451e-02
1.694755372591316700e-02
1.521563582355156541e-02
1.601246761856600642e-02
1.611620408948510885e-02
1.462215493666008115e-02
1.655352191301062703e-02
1.921043719630688429e-02
1.674781221663579345e-02
1.614568888908252120e-02
1.614794263150542974e-02
1.666253781877458096e-02
1.614514470566064119e-02
1.624137785984203219e-02
1.651151943951845169e-02
1.647957751993089914e-02
1.740470546064898372e-02
1.744399062590673566e-02
1.644911983748897910e-02
1.640079863136634231e-02
1.680020388448610902e-02
1.660298812203109264e-02
1.558649935759603977e-02
1.808040123432874680e-02
1.799275726079940796e-02
1.743821293348446488e-02
1.934405288193374872e-02
1.718812691979110241e-02
1.554972241865471005e-02
1.681758812628686428e-02
1.642134011490270495e-02
1.682717370567843318e-02
1.643857749877497554e-02
1.612328604096546769e-02
1.694606913952156901e-02
1.713473425479605794e-02
1.577672781422734261e-02
1.613814127631485462e-02
1.677819824544712901e-02
1.643559028161689639e-02
1.713937544263899326e-02
1.625013479497283697e-02
1.793676638044416904e-02
1.611199468607082963e-02
1.631299022119492292e-02
1.624101412016898394e-02
1.601091615157201886e-02
1.674368808744475245e-02
1.657073455862700939e-02
1.561678119469434023e-02
1.709715771721675992e-02
1.660759845981374383e-02
1.646835246356204152e-02
1.581968751270323992e-02
1.769379456527531147e-02
1.598640345036983490e-02
1.552220771554857492e-02
1.814636524068191648e-02
1.597546017728745937e-02
1.597067684633657336e-02
1.558094244683161378e-02
1.580701832426711917e-02
1.600964757381007075e-02
1.659007900161668658e-02
1.646137324860319495e-02
1.533790654502809048e-02
1.568820083048194647e-02
1.534133963286876678e-02
1.652073394507169724e-02
1.630819495767354965e-02
1.644278730964288116e-02
1.718660478945821524e-02
1.706021226709708571e-02
1.548748405184596777e-02
1.522268156986683607e-02
1.651929016225039959e-02
1.714858255581930280e-02
1.846000197110697627e-02
1.641089230543002486e-02
1.667649584123864770e-02
2.021473459899425507e-02
1.673268439481034875e-02
1.630867284256964922e-02
1.651863340521231294e-02
1.697143749333918095e-02
1.628946658456698060e-02
1.601139624835923314e-02
1.714593335054814816e-02
1.659435266628861427e-02
1.831412257160991430e-02
1.681853312766179442e-02
1.521481765666976571e-02
1.631162449484691024e-02
1.851050491677597165e-02
1.579202793072909117e-02
1.765704352874308825e-02
1.561436947667971253e-02
1.647845620755106211e-02
1.567791099660098553e-02
1.609991228906437755e-02
1.591848145471885800e-02
1.770177640719339252e-02
1.636873744428157806e-02
1.775550219463184476e-02
1.810085208853706717e-02
1.774891535751521587e-02
1.661865710048004985e-02
1.561727118678390980e-02
1.599606429226696491e-02
1.649730763165280223e-02
1.520697696832939982e-02
1.528432802297174931e-02
1.581200794316828251e-02
1.588864385848864913e-02
1.757995027583092451e-02
1.657839550171047449e-02
1.731125923106446862e-02
1.630709186429157853e-02
1.600787596544250846e-02
1.591309421928599477e-02
1.640729134669527411e-02
1.548080157954245806e-02
1.522165117785334587e-02
1.610547053860500455e-02
1.384943042648956180e-02
1.615458063315600157e-02
1.576356723671779037e-02
1.684020773973315954e-02
1.959436363540589809e-02
1.977343368344008923e-02
1.803658384596928954e-02
1.843878271756693721e-02
1.663776539498940110e-02
1.595160062424838543e-02
1.612055912846699357e-02
1.644090568879619241e-02
1.536264485912397504e-02
1.572614000178873539e-02
1.665859512286260724e-02
1.530438731424510479e-02
1.550911576487123966e-02
1.706294459290802479e-02
1.663921459112316370e-02
1.651678542839363217e-02
1.465616998029872775e-02
1.649199804523959756e-02
1.655240048421546817e-02
1.455777650699019432e-02
1.577613397967070341e-02
1.448278885800391436e-02
1.604408031562343240e-02
1.559255988104268909e-02
1.647359528578817844e-02
1.618523162323981524e-02
1.611849007895216346e-02
1.597776642302051187e-02
1.536955981282517314e-02
1.840386050753295422e-02
1.722574204904958606e-02
1.664716796949505806e-02
1.498484914191067219e-02
1.725416275439783931e-02
1.653228938812389970e-02
1.526741072302684188e-02
1.539234892698004842e-02
1.583416800713166595e-02
1.532651676097884774e-02
1.601888245204463601e-02
1.654048048658296466e-02
1.714749779785051942e-02
1.715788483852520585e-02
1.618241210235282779e-02
1.700724469264969230e-02
1.560203236294910312e-02
1.801110774977132678e-02
1.716337638208642602e-02
1.502634229836985469e-02
1.654234522720798850e-02
1.592584350146353245e-02
1.497800071956589818e-02
1.624342671129852533e-02
1.675235643051564693e-02
1.668778911698609591e-02
1.650689681991934776e-02
1.522324240067973733e-02
1.522048376500606537e-02
1.661798212444409728e-02
1.601149165071547031e-02
1.652590557932853699e-02
1.533301355084404349e-02
1.559850096236914396e-02
1.506158866686746478e-02
1.550563058117404580e-02
1.500662462785840034e-02
1.527104683918878436e-02
1.513097214046865702e-02
1.681413961341604590e-02
1.832462672609835863e-02
1.512475218623876572e-02
1.620330766309052706e-02
1.751500106183812022e-02
1.465253729838877916e-02
1.630618865601718426e-02
1.526753534562885761e-02
1.486488338559865952e-02
1.346404966898262501e-02
1.504874665988609195e-02
1.775355910649523139e-02
1.549168076599016786e-02
1.494075549999251962e-02
1.525248476536944509e-02
1.618461217731237411e-02
1.561976916855201125e-02
1.618858875008299947e-02
1.612161356024444103e-02
1.706604071659967303e-02
1.461380929686129093e-02
1.567927328869700432e-02
1.502502732910215855e-02
1.601651182863861322e-02
1.530643476871773601e-02
1.684188004583120346e-02
1.714291574899107218e-02
1.563997985795140266e-02
1.552839763462543488e-02
1.759342302102595568e-02
1.626582362223416567e-02
1.715790748130530119e-02
1.630745927104726434e-02
1.569511083653196692e-02
1.666199223836883903e-02
1.513308298308402300e-02
1.642661244841292500e-02
1.582427258836105466e-02
1.508793613174930215e-02
1.659186073811724782e-02
1.704282528953626752e-02
1.618436689022928476e-02
1.538814138621091843e-02
1.563676953082904220e-02
1.812583493301644921e-02
1.708332559792324901e-02
1.461882272269576788e-02
1.624932087725028396e-02
1.681971992366015911e-02
1.687584252795204520e-02
1.430796703789383173e-02
1.512228103820234537e-02
1.624486170476302505e-02
1.444294588873162866e-02
1.563507469836622477e-02
1.628187071764841676e-02
1.591594051569700241e-02
1.605483819730579853e-02
1.631104608532041311e-02
1.530100189847871661e-02
1.790887006791308522e-02
1.709213427966460586e-02
1.584464433835819364e-02
1.426006102701649070e-02
1.495093310950323939e-02
1.567296363646164536e-02
1.396011607721447945e-02
1.467999984743073583e-02
1.508513081353157759e-02
1.557285443414002657e-02
1.490102312527596951e-02
1.537820108933374286e-02
1.465409330558031797e-02
1.433901034761220217e-02
1.545794541016221046e-02
1.406818506075069308e-02
1.565424358705058694e-02
1.577510748757049441e-02
1.617238397011533380e-02
1.493286376353353262e-02
1.515831495635211468e-02
1.590012956876307726e-02
