1.039696883942399681e-02
6.089849896462900050e-03
4.356567315491182216e-03
2.713585455369736405e-03
2.292317005672625009e-03
1.839470924876098184e-03
1.854194935211645736e-03
1.536718444965247659e-03
1.470792888929801359e-03
1.693757483735680580e-03
1.588370434806815308e-03
1.203968688579542265e-03
1.188006472407973331e-03
1.292912522330880165e-03
1.568614247454596386e-03
1.300818731708984228e-03
1.257967765143673273e-03
1.243477412832102698e-03
1.488683088349976617e-03
1.473885121023548470e-03
1.438039970318121539e-03
1.149791612988337874e-03
1.162104857420282735e-03
1.347021112451329827e-03
1.333114375094217883e-03
1.395207505473600998e-03
1.239941189331667795e-03
1.140886917710304260e-03
1.187669163170669822e-03
1.090237338628087787e-03
1.305134384892880917e-03
1.425970225162538066e-03
1.293025091789396777e-03
1.235498161154932302e-03
1.454353781550058204e-03
1.173699960678017658e-03
1.266482020063059702e-03
1.189381366462579888e-03
1.393227605149149895e-03
1.486893884638058319e-03
1.343426236417144537e-03
1.311526047564776911e-03
1.284380306190411897e-03
1.186598250309803563e-03
1.138176752387412864e-03
9.662733271917593866e-04
1.245114524083744140e-03
9.743596934380807737e-04
1.251177039063934831e-03
1.260262947263462172e-03
1.232168890835185198e-03
1.160969525309545622e-03
1.173599194901596161e-03
9.418082939061735203e-04
1.040726334654859227e-03
1.088947352919993625e-03
1.262196597443627491e-03
1.234986411873251200e-03
1.252563000889495015e-03
1.208122050489432138e-03
1.332383752534432040e-03
1.171573938336223364e-03
1.212337187358311337e-03
1.277480004189003853e-03
1.301465061260387301e-03
1.239833293116784614e-03
1.117206569428422528e-03
1.269794293745820073e-03
9.148550078472388178e-04
1.043799811408721882e-03
1.448453354117061349e-03
1.395440381851845461e-03
1.336992593548659829e-03
1.339734577673620504e-03
1.421254319471440238e-03
1.337926128014390020e-03
1.312465348746627569e-03
1.341248334418716206e-03
1.642658832549516706e-03
1.333704821133453993e-03
1.289977887479056267e-03
1.428793949474181386e-03
1.874524925369769335e-03
1.347067013349650131e-03
1.411376629091267137e-03
1.392908219713717699e-03
1.758385952728401275e-03
2.193823972317789344e-03
1.974989377361323090e-03
1.542612926901451272e-03
1.409894204698503017e-03
1.210630285121234431e-03
1.295808785861091985e-03
1.047209258623687253e-03
1.488986262951844412e-03
1.187856201015944930e-03
1.185480409601171164e-03
1.060495498157771601e-03
1.160242919078362809e-03
1.007861258195979224e-03
1.052548094386500941e-03
1.019168358262894378e-03
1.032328291330486536e-03
1.051683003814624920e-03
1.221145494907562284e-03
1.341070131664829626e-03
1.345569949730166274e-03
1.334764628804155666e-03
1.210141290877280460e-03
1.261188486491196829e-03
1.138256018748506904e-03
1.037711726634630042e-03
1.223097567812406498e-03
1.608400692930445075e-03
1.582445817933018656e-03
1.461078961645918264e-03
1.349118172324129420e-03
1.127684538784836082e-03
1.253351219929754734e-03
1.248601869779772085e-03
1.312180571923298464e-03
1.234648283571004868e-03
1.170360691113663540e-03
1.025073833131630568e-03
1.124036810194541363e-03
1.320028981094115454e-03
1.013092663405197038e-03
1.195799941862268076e-03
1.133023112613175658e-03
1.384326497957642527e-03
1.443241797720215243e-03
1.038107946182468015e-03
1.239479062080915423e-03
1.194810511411300820e-03
1.377209463888513221e-03
1.477397595798330679e-03
1.181246899899893480e-03
1.003527531533368903e-03
1.077393315167033154e-03
1.104194163677415770e-03
1.322966667690447492e-03
1.084936483364020137e-03
1.174975078486438246e-03
1.196031807921826839e-03
1.102497900969215709e-03
1.237198460980185348e-03
1.422791284442480059e-03
1.271643014791022392e-03
1.250526356411033350e-03
1.187412812474316877e-03
1.009398389474621934e-03
1.079151668818667531e-03
1.167281397751399356e-03
1.323998361060927959e-03
2.043204905930906534e-03
1.447996282617428380e-03
1.195757317223719281e-03
1.167084984315027146e-03
1.212280572092692705e-03
9.965445538650133470e-04
1.275294244156352204e-03
1.280771614152139944e-03
1.057647546986117959e-03
1.052509448657344433e-03
1.299557363381609321e-03
1.104072451458445710e-03
1.373378734569996595e-03
1.475699038045214786e-03
1.446068669403237925e-03
1.604424905963242054e-03
1.232530040267322807e-03
1.132218903096924873e-03
1.260274405857282056e-03
1.169298842017139645e-03
1.060159985042576341e-03
1.078825356671586633e-03
9.226771404168435196e-04
9.746120818558015684e-04
9.731645675076704095e-04
1.085721634029011579e-03
9.758900102627064655e-04
1.290416906288425775e-03
7.168861671483942131e-04
1.004216099058144766e-03
1.426480298895122780e-03
1.203958157150606962e-03
1.013511467525469436e-03
1.090235935407690704e-03
1.067624988666336389e-03
1.017649903328024822e-03
9.479473727489155918e-04
1.057659350668213290e-03
9.138089288691324382e-04
8.837342237321925550e-04
8.081742603930511335e-04
1.021852459026766644e-03
1.158724214682089462e-03
1.011386014787214174e-03
8.412678434979170561e-04
7.958292013167270283e-04
7.623567694931157688e-04
1.038889710408901499e-03
1.066911944820146414e-03
9.508587286940642456e-04
8.531452913302928209e-04
9.305755790722157429e-04
1.106845722201147157e-03
9.795948530414275070e-04
9.964249038603156805e-04
1.089898728033793793e-03
1.291383606647806539e-03
1.161919574120215100e-03
9.114215624452169607e-04
9.633271713807646562e-04
1.185998337210289163e-03
1.216401504020073491e-03
1.353914433691118507e-03
1.291855342320299667e-03
1.225639400737626181e-03
1.162974035001493019e-03
1.199978245754859370e-03
1.106638960274202452e-03
1.134985675370054617e-03
1.061214986423562618e-03
8.556593924627772709e-04
1.148293547365548386e-03
1.252537165003429504e-03
1.090515966227810236e-03
9.512553556955286125e-04
8.933718324572380255e-04
1.081455883520123212e-03
1.178220783393564000e-03
1.226037611819005531e-03
1.168322470870667177e-03
9.785597378920232476e-04
9.541243281481521935e-04
1.056902339249583258e-03
1.330282526656187099e-03
1.520817982964217663e-03
1.080751244444400072e-03
1.014151202980428934e-03
1.242907256320384965e-03
1.555584907431953627e-03
1.328782178461551666e-03
1.230760789310027508e-03
1.034560721434120683e-03
9.527344664093106985e-04
8.258452539199165245e-04
1.116316848700600042e-03
1.122992635438484774e-03
9.973078018187411884e-04
1.019261868870151863e-03
1.232523762155324221e-03
1.039991288312843961e-03
1.005066945383857342e-03
1.193312404211610556e-03
1.086979792619656177e-03
1.068270220587562176e-03
1.012225298576855141e-03
8.452168632564800591e-04
7.875660999811121086e-04
1.228742056160367054e-03
1.180022717952462210e-03
1.259969206460352393e-03
9.627235205178814740e-04
8.974528630330626299e-04
9.981499169953167439e-04
6.710593838111630818e-04
8.039739789507750799e-04
9.277584114378052563e-04
9.337878935704273372e-04
8.982559187903202316e-04
9.324961034248449663e-04
8.341506680673253923e-04
8.912368627664234112e-04
9.883892073828195752e-04
1.086978890400912019e-03
1.087321858254394454e-03
7.242124411277472973e-04
1.021270303421520668e-03
1.165433025952162518e-03
1.469330047257244587e-03
1.530039415229111910e-03
1.111747019292254595e-03
9.202623789730880787e-04
1.014147382063259033e-03
1.120209510970328597e-03
9.697128054020660729e-04
1.135534997696855146e-03
1.163900397451860533e-03
1.238763660824458452e-03
1.080057039091895672e-03
1.009939953551760835e-03
1.064899942970701533e-03
1.212554534764162225e-03
1.018596684194303078e-03
1.050583876868975983e-03
1.470362713527200446e-03
1.370909341078783723e-03
9.900850626373930256e-04
