9.940012037754059060e-01
9.945975564993344564e-01
9.932451064770038140e-01
9.942722856998443826e-01
9.941851698435270057e-01
9.925101853333986313e-01
9.943210468842432759e-01
9.921476460420168841e-01
9.936546201889331353e-01
9.938669993327213792e-01
9.935644388198852095e-01
9.931018081995156566e-01
9.937895417213440385e-01
9.939068372433002008e-01
9.940385754291828357e-01
9.939998411215268392e-01
9.926916062831878662e-01
9.935397322361285699e-01
9.941536784172058105e-01
9.925203016171089132e-01
9.927743517435514420e-01
9.942990610232720350e-01
9.936370748739976611e-01
9.938338994979858398e-01
9.943394550910362728e-01
9.948242824811202034e-01
9.938600897789001687e-01
9.930060744285583718e-01
9.933943377091334348e-01
9.943052273530226248e-01
9.926966277452615728e-01
9.932965021867018462e-01
9.938380090089944385e-01
9.942322189991290582e-01
9.933921227088341466e-01
9.935828199753394818e-01
9.926695745724898323e-01
9.927490862516256120e-01
9.929178934830885650e-01
9.936305444974166123e-01
9.940595209598541704e-01
9.919333274547870172e-01
9.924480699575863873e-01
9.936836316035344563e-01
9.933993761356060270e-01
9.928580458347614490e-01
9.931697286092318055e-01
9.940382187183086637e-01
9.932683981381930094e-01
9.921736616354722704e-01
9.925124787367307633e-01
9.933003531052515545e-01
9.938893496990204302e-01
9.915270644884842666e-01
9.925763350266676444e-01
9.938613611918228896e-01
9.940897052104656906e-01
9.935301047105055128e-01
9.924882035989027740e-01
9.915235455219562066e-01
9.945788424748640555e-01
9.930721681851607530e-01
9.917814548198993219e-01
9.926885160116049045e-01
9.918339385436131250e-01
9.926203470963698150e-01
9.920394888290992030e-01
9.935462465653053243e-01
9.926746221689077831e-01
9.942462425965529205e-01
9.933394399973062283e-01
9.929264031923734635e-01
9.917830141691060808e-01
9.921446804816905773e-01
9.920974483856788151e-01
9.926275491714477983e-01
9.922907265333028581e-01
9.920228128249828359e-01
9.921313019899221652e-01
9.918452180348910074e-01
9.932732820510864480e-01
9.919235775103936170e-01
9.911113312611212756e-01
9.914752199099614582e-01
9.932478377452262919e-01
9.914243455116565906e-01
9.920410596407376325e-01
9.917878774496224903e-01
9.942570622150714854e-01
9.929079867326295883e-01
9.931033560862907450e-01
9.910418900159688738e-01
9.923431180990659461e-01
9.931639345792623308e-01
9.931691536536583209e-01
9.917892882457146619e-01
9.923499121115757493e-01
9.921604271118457108e-01
9.931304156780242920e-01
9.910100313333364275e-01
9.908865369283236246e-01
9.925425717463860487e-01
9.934189590123984059e-01
9.929220584722665555e-01
9.908831591789538651e-01
9.926170670069180968e-01
9.907723555198082455e-01
9.930546623009901541e-01
9.923121993358318127e-01
9.916762883846576004e-01
9.933679301005143847e-01
9.918568959602942492e-01
9.915840442364032281e-01
9.896489459734696403e-01
9.911758120243365777e-01
9.915958904303037169e-01
9.918116276080791716e-01
9.926578971055838307e-01
9.910536940281208240e-01
9.914911256386683691e-01
9.911062236015613092e-01
9.911856889724731667e-01
9.917280481411860915e-01
9.918909095800839681e-01
9.929017323714036669e-01
9.898420205483069445e-01
9.917946146084711811e-01
9.910740077495574507e-01
9.918253673956944905e-01
9.902351200580596924e-01
9.915246069431304932e-01
9.922842571368584164e-01
9.919725931607760172e-01
9.906569934808291400e-01
9.920679266636188709e-01
9.923584667535928494e-01
9.923334809450002902e-01
9.905205364410694102e-01
9.912191491860610215e-01
9.896223989816812505e-01
9.909048648980948171e-01
9.909054027153895161e-01
9.916952055234175001e-01
9.917634720985706309e-01
9.903386822113624532e-01
9.920031937269063738e-01
9.895735350938943409e-01
9.917749349887554633e-01
9.917197961073654922e-01
9.915078704173748703e-01
9.906504465983464458e-01
9.907118036196782551e-01
9.918178012737861593e-01
9.914392989415389268e-01
9.909949747415689458e-01
9.924316007357377734e-01
9.912297317614922054e-01
9.914833160547109614e-01
9.906381134803478039e-01
9.911629860217754384e-01
9.911128929028144574e-01
9.920361119967240349e-01
9.921771883964538574e-01
9.913272633002354617e-01
9.904421072739820753e-01
9.897987425327301469e-01
9.905882674914140429e-01
9.915801364641922966e-01
9.914221644401550737e-01
9.911287183944995638e-01
9.911213498849135162e-01
9.894925204607156743e-01
9.905668478745680572e-01
9.901844794933613025e-01
9.909812354124509781e-01
9.913267750006455881e-01
9.907171253974621505e-01
9.900151142707237506e-01
9.919107955235700880e-01
9.895192430569574871e-01
9.888104452536656819e-01
9.892864520733173350e-01
9.912286744667933025e-01
9.890459418296814187e-01
9.903538433405069119e-01
9.896814910265115950e-01
9.910056591033935547e-01
9.900073491610013043e-01
9.899245505149547597e-01
9.907035121550926693e-01
9.903504041525034163e-01
9.883531391620635764e-01
9.897434367583348713e-01
9.902904542592855242e-01
9.918322824514829161e-01
9.891665655833024040e-01
9.887850082837618126e-01
9.908294952832735758e-01
9.892721368716312913e-01
9.908466261166792854e-01
9.905164255545689800e-01
9.906405618557563297e-01
9.898896547464224316e-01
9.890938644225780729e-01
9.902620301796839497e-01
9.893396904835334293e-01
9.886618247398963888e-01
9.894894187267010421e-01
9.899330272124363672e-01
9.905759339149181608e-01
9.897294489236978521e-01
9.894332638153663373e-01
9.897704931405874040e-01
9.895012562091534125e-01
9.912466283027941971e-01
9.906443320787869933e-01
9.899457674760084869e-01
9.899960655432481493e-01
9.893133869537940051e-01
9.908659760768596669e-01
9.891091979466951623e-01
9.880480780051305034e-01
9.889948551471416938e-01
9.892359426388374066e-01
9.886158938591297352e-01
9.902950406074524370e-01
9.885825789891756754e-01
9.902846675652724473e-01
9.879576577590062358e-01
9.881081626965448894e-01
9.892566048181974381e-01
9.890756552035991911e-01
9.893480209203866504e-01
9.883611128880427366e-01
9.900509637135725960e-01
9.890942303033974925e-01
9.889292056743915760e-01
9.897432969166681804e-01
9.889143187266129509e-01
9.900532007217407449e-01
9.873600680094498649e-01
9.890109163064223496e-01
9.883025196882394559e-01
9.901672436640812647e-01
9.889194011688232644e-01
9.899503657451043104e-01
9.902559573833759066e-01
9.887004123284266477e-01
9.889371596849881874e-01
9.881490574433253737e-01
9.898223088337825271e-01
9.888148903846740723e-01
9.909158518681159267e-01
9.894137689700492899e-01
9.888797750839820599e-01
9.885141478135035520e-01
9.895493374421046040e-01
9.886374468986804942e-01
9.881371603562281170e-01
9.896654174878046772e-01
9.888134731696202051e-01
9.898608707464657819e-01
9.888258750622088700e-01
9.895599993375631120e-01
9.882631141405838759e-01
9.881581540291125565e-01
9.893734867756183160e-01
9.884173219020550016e-01
9.870487575347607345e-01
9.876353580218094619e-01
9.895588783117440501e-01
9.876294525770040744e-01
9.883217220122997304e-01
9.881017799560840587e-01
9.879177570343017356e-01
9.893631591246678791e-01
9.886400461196899192e-01
9.888857149160825699e-01
9.876212216340578554e-01
9.873388322500081804e-01
9.882429475967701160e-01
9.884052184911874539e-01
9.892923611861008659e-01
9.867588845583108448e-01
9.876584080549386524e-01
9.870543264425717389e-01
9.882362489516918203e-01
9.869101758186633599e-01
9.878134855857262364e-01
9.870704701313606222e-01
9.885309494458711654e-01
9.891316184630760677e-01
9.885340924446399669e-01
9.881463513924525488e-01
9.882695807860447657e-01
9.889293950337629813e-01
9.900238110468937425e-01
9.874236391140864821e-01
9.875448868824885373e-01
9.892728626728057861e-01
