2.844655492214056114e+00
8.731213622368299010e-01
6.584341154648707395e-01
6.765834279931508544e-01
5.735194641810197336e-01
5.333276379566925796e-01
4.848551863661179073e-01
4.753928089371094456e-01
4.793064876244618189e-01
4.407178718310136301e-01
4.135706014358080385e-01
4.376246946362348789e-01
4.191577264322684515e-01
4.008671206350509775e-01
3.961289022977535490e-01
4.107424599620012051e-01
3.654023649600836032e-01
3.692425174208787686e-01
3.487394885948071344e-01
3.313099362529240977e-01
3.272367001726076974e-01
3.298875650534263126e-01
3.136678628050363904e-01
3.139586416574625116e-01
3.498749183920713546e-01
2.998737904887933126e-01
2.983256998543555860e-01
2.763287801582079428e-01
3.015047937058485394e-01
3.007338041296371833e-01
2.844419271326982246e-01
2.736682078586175071e-01
2.693189649054637536e-01
2.661154982562248250e-01
2.744860942547138194e-01
2.560136424807401556e-01
2.688168564668068639e-01
2.604327106131957281e-01
2.618551081189742225e-01
2.509670114861085044e-01
2.554570229007647741e-01
2.461378807058701157e-01
2.521217494056774977e-01
2.530686712035766228e-01
2.238253087951586895e-01
2.317314345103043682e-01
2.419817704993944829e-01
2.215353550246128567e-01
2.402867889748169783e-01
2.137866597909193755e-01
2.178416416049003546e-01
2.242771548147385052e-01
2.081046897631425030e-01
2.191404803727681760e-01
1.994293988897250236e-01
1.986085407435894123e-01
2.047795107158330852e-01
1.929767357615324030e-01
2.080581669624035068e-01
1.919303079064075823e-01
2.145731798158242165e-01
1.992787511875996342e-01
1.900824568592585084e-01
1.954357189627794200e-01
1.859887766150327693e-01
1.852584954637747638e-01
1.747310461333164699e-01
1.773493894017659778e-01
1.769540865260821050e-01
1.758153079794003426e-01
1.778105244040489308e-01
1.759665859433320878e-01
1.691760989335867049e-01
1.729327678107298316e-01
1.764511523911586055e-01
1.750117877354988583e-01
1.657754845630663998e-01
1.690993695304943978e-01
1.702510662376880701e-01
1.747103601120985339e-01
1.692806235299660622e-01
1.904121909577112803e-01
1.626702762280519132e-01
1.575706542684481570e-01
1.572601836461287317e-01
1.619383288690676992e-01
1.654301094894225777e-01
1.626667813039743005e-01
1.513304057602699038e-01
1.509303673815268754e-01
1.563552073274667442e-01
1.715514283054150046e-01
1.521439323631616769e-01
1.511173639733057739e-01
1.647994859000811163e-01
1.484225232727252597e-01
1.421836033176917258e-01
1.502036756047835653e-01
1.498873700889257199e-01
1.482070418218007501e-01
1.446764609848077421e-01
1.530027469190267386e-01
1.515834176483062679e-01
1.420934932449689214e-01
1.549159235392625622e-01
1.472637482560597844e-01
1.400740841260323111e-01
1.437656926421018722e-01
1.449125407406917088e-01
1.359061885052002261e-01
1.476302051773438206e-01
1.397286228835582789e-01
1.337061692888920073e-01
1.509006066391101186e-01
1.441237431306105488e-01
1.480829966182892199e-01
1.497585573162023842e-01
1.331356400767197967e-01
1.328903265583973592e-01
1.448146993724199472e-01
1.390593129854935939e-01
1.401950447032084823e-01
1.332837889687372990e-01
1.309853285837631887e-01
1.335903526498721239e-01
1.339637777839715604e-01
1.311242914543702121e-01
1.359815459125316983e-01
1.421081542109067508e-01
1.356891546398401316e-01
1.302951270571121867e-01
1.360162119166209160e-01
1.335531984957364915e-01
1.299260893979897746e-01
1.260614745032328787e-01
1.295858741379701251e-01
1.457392434947765714e-01
1.366875828172151863e-01
1.306023156700225896e-01
1.228537443452156486e-01
1.265629203560260652e-01
1.278922017663717270e-01
1.269481597898098058e-01
1.269394454188071675e-01
1.222531456213730994e-01
1.190089589128127401e-01
1.190946110452597018e-01
1.198890414375525237e-01
1.282125393931682344e-01
1.233563866752844657e-01
1.244097508203524799e-01
1.208010640281897280e-01
1.321535293585978932e-01
1.179876310607561735e-01
1.142340683020078157e-01
1.263717108047925641e-01
1.229697542981459529e-01
1.149953699455811412e-01
1.204052710475829874e-01
1.204306013309038581e-01
1.138973105985384704e-01
1.171654871736581560e-01
1.154150062169019969e-01
1.107576538737003596e-01
1.186098233725015882e-01
1.190592837161742745e-01
1.108354238936534314e-01
1.213402650963801566e-01
1.114397426923880163e-01
1.182304962896383732e-01
1.027774356592160016e-01
1.204366107399647001e-01
1.132781355140300844e-01
1.021202767697664410e-01
1.075488539842458929e-01
1.032093578806290296e-01
1.066962797767840865e-01
1.057447849844510707e-01
9.903575233542001588e-02
1.106527463174783316e-01
1.114972454137527075e-01
1.079943035944150032e-01
1.036009862445868013e-01
1.014895670689069246e-01
9.711971231378041525e-02
1.105402479091515955e-01
1.096464289782139029e-01
1.139714271403275969e-01
1.041734672796267719e-01
1.002635190979792590e-01
9.830725820591816599e-02
1.082037460918609945e-01
1.033314267603250708e-01
9.893448828504636250e-02
1.053796582497083245e-01
9.249187083198473491e-02
1.005344234693508892e-01
1.000633724033832550e-01
9.754882813073122161e-02
9.771713065699888512e-02
9.664468154884302276e-02
1.062357523406927406e-01
9.398925608167281454e-02
9.475259087406671943e-02
1.019936256110668127e-01
9.871687794534059202e-02
9.250457768256847846e-02
8.186027767279972778e-02
7.258015117393090687e-02
7.341826560978706451e-02
7.084845589617123907e-02
7.028181226207659560e-02
7.110700592971765099e-02
6.917703954073098349e-02
7.122012916952372152e-02
6.821904239746240384e-02
7.020203382349930743e-02
6.929654814302921295e-02
6.965400380297348537e-02
6.906438570183057180e-02
6.912216221770414726e-02
6.594980927900626066e-02
6.608179541161426918e-02
6.746927531292805369e-02
6.741753681921042185e-02
6.655160111303512482e-02
6.796530658522477453e-02
6.516182508606177537e-02
6.623403834035763993e-02
6.700994263474757684e-02
6.698820870369673330e-02
6.493613473497904243e-02
6.598458232787939026e-02
6.719785513213047401e-02
6.747150564422974006e-02
6.780418666222920443e-02
6.563163378204291132e-02
6.599704577372624004e-02
6.494948915564097147e-02
6.457038836983533536e-02
6.410155400920372615e-02
6.387843491079715774e-02
6.377359170180101067e-02
6.204001657091653965e-02
6.311728465729034288e-02
6.464607798709319508e-02
6.096966441434163025e-02
6.303042697791870486e-02
6.334504410624504367e-02
6.255184867634222545e-02
6.270647192230591194e-02
6.025591282030710871e-02
6.334577219990583652e-02
6.233891089661763169e-02
6.232983720703767078e-02
6.353843488658850180e-02
6.459821035655645416e-02
6.171252557004873462e-02
6.331485249102115909e-02
6.307654029761369796e-02
6.169195900169702901e-02
6.416545967356517000e-02
6.059486461946597680e-02
6.262798648900710918e-02
6.096396077997409679e-02
6.392147389168922889e-02
6.136258917932326667e-02
6.095066114973563681e-02
6.348936064885213337e-02
6.241227329636995363e-02
6.227603503144704677e-02
6.151173839775415236e-02
6.190234419818108069e-02
6.185321390915375639e-02
6.381949225010780102e-02
6.350054127665666348e-02
6.316603953735186461e-02
6.356724635339700002e-02
6.450055861988893136e-02
6.096595403953240788e-02
6.223267534604439571e-02
5.967828824829597006e-02
6.348918058837835221e-02
6.183934270475919398e-02
6.151020733209756897e-02
6.072636166444191769e-02
6.326253547404821209e-02
6.369079499003979516e-02
6.125636947556183792e-02
6.400142032653093060e-02
6.026901979572497903e-02
6.377888319010917295e-02
5.966583815618203140e-02
6.162028107792139053e-02
6.268776937459523413e-02
6.395900889944572398e-02
6.240757748198050986e-02
6.163598801940679828e-02
6.348785676348667195e-02
6.090764896227763431e-02
