1.862782627057570639e-01
5.586289270566059673e-02
4.593116916142977318e-02
4.369397766601580690e-02
4.326741944711941928e-02
3.855966308082525718e-02
3.899484676523850418e-02
3.821234207313794345e-02
3.759334547301897839e-02
3.896647767665294831e-02
4.379478450864553174e-02
3.810189256014732267e-02
3.740041003777430650e-02
4.237610865384340564e-02
3.603069214866711639e-02
3.929628026313506522e-02
3.749264712230516994e-02
3.367792164477018124e-02
3.553204080806328380e-02
3.579518108700330270e-02
3.695943053238667092e-02
3.993874109135224504e-02
3.279299323375408498e-02
3.306731881143955276e-02
3.433751395115485633e-02
3.682080970074121801e-02
3.352543834883433410e-02
3.177452144714502241e-02
3.154318251002293655e-02
3.185249332052010607e-02
3.248797038999887837e-02
3.196906229624381368e-02
3.092988058924674849e-02
3.527473725665074278e-02
3.385145331804569058e-02
3.326490850975880043e-02
3.018694958434655143e-02
3.598063331670486170e-02
3.470464757142158879e-02
3.132597925857855820e-02
3.306274286542947721e-02
3.155002565338061588e-02
3.141706293592086419e-02
3.083228563460019972e-02
3.089317673673996553e-02
3.032512169044751515e-02
3.051098159586007608e-02
2.905462667919122416e-02
2.973407064206325112e-02
3.038954922499564892e-02
3.084975134294766497e-02
2.914425724974045381e-02
2.881362042748011193e-02
8.127579832306275343e-02
4.634113412063855381e-02
3.405850508178655950e-02
3.063570324044961185e-02
2.968970740643831277e-02
3.010983429849147658e-02
2.684539645337141386e-02
2.512910214181129920e-02
2.546732481569051812e-02
2.492282949388027052e-02
2.514264563528391047e-02
2.489029798083580367e-02
2.556218244135379652e-02
2.451856328317752326e-02
2.577794111118866804e-02
2.461340345728856016e-02
2.419432413119536329e-02
2.565471570079143337e-02
2.520207500515075916e-02
2.473242156780683029e-02
2.573442906141281197e-02
2.488546056243089513e-02
2.492241494071024965e-02
2.444281533647042065e-02
2.481509835387651908e-02
2.438963148742914061e-02
2.417465742104328574e-02
2.514753115291779029e-02
2.379596803623896389e-02
2.402940465567203823e-02
2.432778354447621624e-02
2.372111044107721306e-02
2.385316889446515223e-02
2.348663104841342344e-02
2.387367312151652057e-02
2.368021840946032616e-02
2.401925356915363824e-02
2.427449358197358853e-02
2.420083583834079649e-02
2.367274467475139269e-02
2.351019962046008854e-02
2.391927755222870641e-02
2.343939594351328315e-02
2.403803833115559369e-02
2.408554063966640915e-02
2.374174768248429532e-02
2.395124297875624378e-02
2.365318570429315870e-02
2.303619414854508191e-02
2.359504999163059002e-02
2.339773612240186179e-02
2.356307467875572506e-02
2.363778297574474149e-02
2.394563840129054419e-02
2.334050554782152176e-02
2.295992293466742051e-02
2.330009776812333455e-02
2.289106158109811481e-02
2.335990148668105892e-02
2.305358546571089837e-02
2.365239082047572439e-02
2.369475212807838765e-02
2.305767479567573733e-02
2.385951802134513716e-02
2.353277759483227496e-02
2.409858960085190308e-02
2.401445407706957746e-02
2.343366633957395112e-02
2.389649467972608868e-02
2.402532765498528039e-02
2.329773358427561156e-02
2.450640190106171887e-02
2.425450827353275648e-02
2.362098282632919474e-02
2.405767939411676895e-02
2.347431320410508365e-02
2.379378546029329439e-02
2.330180010400139529e-02
2.345818256099636845e-02
2.349037185597878385e-02
2.371185855366862716e-02
2.383590035427075177e-02
2.363899079366372016e-02
2.348278578227529223e-02
2.384777678033480133e-02
2.376164450811651951e-02
2.417794857174158235e-02
2.375107319452441496e-02
2.427261228171678775e-02
2.372467841666478505e-02
2.342069240716787570e-02
2.291199221060826255e-02
2.362445604342680583e-02
2.359044892856708084e-02
2.386930477447234827e-02
2.357258255091997448e-02
2.415598560697757372e-02
2.428760322240682695e-02
2.361017479919470113e-02
2.368436499427144237e-02
2.395227640294111601e-02
2.341603189706802438e-02
2.332708549041014393e-02
2.438693783031060242e-02
2.386635047598527001e-02
2.387218516893111625e-02
2.361660093928759016e-02
2.342442973301961037e-02
2.393838217338690316e-02
2.378072837510934387e-02
2.363553436902853314e-02
2.375750938573708768e-02
2.341546773050839914e-02
2.410631629710013879e-02
2.342421057132574105e-02
2.337848569911259861e-02
2.377517479830063354e-02
2.381601455406500908e-02
2.362824532275016598e-02
2.394893170835880186e-02
2.344373500404449764e-02
2.333618183262073029e-02
2.310995704566056949e-02
2.400118240083639470e-02
2.378202322870492935e-02
2.395140987176161418e-02
2.371304868362270751e-02
2.319574496493889693e-02
2.410453784351165515e-02
2.421647360405096774e-02
2.385647139297081970e-02
2.411194085501707635e-02
2.345590882289868076e-02
2.341755969593158071e-02
2.407088443780174697e-02
2.365324353942504371e-02
2.352672070264816284e-02
2.273625652663982880e-02
2.385066529879203284e-02
2.395243924827529861e-02
2.310769888214193879e-02
2.363744883153301099e-02
2.402132708006180298e-02
2.351147943677810506e-02
2.396517109412413249e-02
2.383043682919098669e-02
2.332849526921143904e-02
2.377166846193946165e-02
2.391079482264243591e-02
2.436469820542977449e-02
2.384424956801992068e-02
2.370282882967820678e-02
2.360994633860313135e-02
2.389284949749708245e-02
2.418370951826755849e-02
2.385407838110740336e-02
2.362331000801462522e-02
2.419879433627311963e-02
2.427702089055226373e-02
2.381343686809906518e-02
2.310031498424135882e-02
2.437152600345703427e-02
2.441415570389765879e-02
2.326415746401135770e-02
2.377484553278638724e-02
2.331607578179011042e-02
2.391099157528235250e-02
2.320356536656618257e-02
2.388161965287648875e-02
2.328616670117928528e-02
2.400829135798491012e-02
2.351455762982368469e-02
2.356306995766667065e-02
2.370117388379115383e-02
2.364665738378579629e-02
2.396717230574442817e-02
2.365451432191408715e-02
2.318093940042532247e-02
2.381092180999425795e-02
2.389761716700517305e-02
2.468941197372399865e-02
2.376669721248058156e-02
2.417133519282707935e-02
2.416300306526514285e-02
2.352605300167432203e-02
2.368199326671086707e-02
2.355949825678880366e-02
2.399847328376311650e-02
2.382289770130927714e-02
2.381132137603484550e-02
2.270084035654480747e-02
2.315045425381798139e-02
2.397983289825228459e-02
2.398000942686429396e-02
2.347943908176743089e-02
2.395205628126859804e-02
2.390988407513270145e-02
2.328934845013114208e-02
2.300105152221826321e-02
2.363014047822126901e-02
2.316532733205419262e-02
2.415787748132760746e-02
2.347646713113555467e-02
2.376500273553224657e-02
2.350480878152526321e-02
2.314891186901010117e-02
2.305119576362463230e-02
2.387397316499398348e-02
2.377220022563750895e-02
2.390880034520075775e-02
2.379719685189999115e-02
2.401988504884334727e-02
2.411337004831204042e-02
2.384601458907127311e-02
2.442149002678119241e-02
2.368187855642575612e-02
2.419814323433316580e-02
2.355643176975158459e-02
2.381288523141008098e-02
2.343235658481717179e-02
2.416599712406213366e-02
2.359891086816787859e-02
2.317795505603918726e-02
2.307454392027396411e-02
2.403604724945930179e-02
2.330434475667201438e-02
2.367438463350901232e-02
2.358647746822008576e-02
2.359075347104898010e-02
2.415454541691220564e-02
2.337254901918081260e-02
2.379769637034489724e-02
2.402802142672813904e-02
2.350418613507197427e-02
2.408315805145181190e-02
2.368431922334891110e-02
2.280732335952612155e-02
2.395128579810261796e-02
2.382679598835798357e-02
2.385940911391606564e-02
2.441529598660193909e-02
2.392393919424368881e-02
2.420018630532118006e-02
2.376201474466002952e-02
2.325725900725676351e-02
2.375809965798487966e-02
2.399480381550697303e-02
