9.182857237398051042e-02
5.476913914585915602e-03
5.533203278453304244e-03
3.401736658997833555e-03
3.778755140060988810e-03
3.621727948148663247e-03
3.382986120413988829e-03
2.282412130421457297e-02
3.731666439069578241e-03
2.573065594053612105e-03
2.289752195625064258e-03
2.291393549575541835e-03
2.154135083457311972e-03
1.948075966300586055e-03
2.076624031178653414e-03
1.998250378080858747e-03
2.279040082178723434e-03
1.807210386211339018e-03
1.857944363011763706e-03
1.790344579897534425e-03
2.214061965395767908e-03
7.538567670585158073e-03
5.583890396743439524e-03
2.323136270905916574e-03
2.049973496916488933e-03
1.932309087043484726e-03
1.696881807695787767e-03
1.759777415113953540e-03
1.671938338012506206e-03
1.819484881035840322e-03
1.774224325513037341e-03
1.650975676826559480e-03
1.772698580036656145e-03
1.662993509447775178e-03
1.710392378019885392e-03
1.783562214292872330e-03
1.576422672951594038e-03
1.641455200464966239e-03
2.185169314840235480e-02
3.590634532380275815e-03
2.337329758581920339e-03
2.048041373312186730e-03
1.895822549704462203e-03
1.807690187482736402e-03
1.653310597444383094e-03
1.643798777905221276e-03
1.698095750403948775e-03
1.722544427656640250e-03
1.322620989790616050e-03
1.216610324515316442e-03
1.253629049125055831e-03
1.187699970054941715e-03
1.185313052533624274e-03
1.183753739594696746e-03
1.169219257113022267e-03
1.185198459559335185e-03
1.145979920133518518e-03
1.127563615311653672e-03
1.146697770365370577e-03
1.169653666259434441e-03
1.140716470903358794e-03
1.165134901664434701e-03
1.183705681558841656e-03
1.170137001631351651e-03
1.098087676711237155e-03
1.191598488591038164e-03
1.132483911127425127e-03
1.128731469641654564e-03
1.091424688302840198e-03
1.128406655670215371e-03
1.151925025848098659e-03
1.087310915150178263e-03
1.125529139804152309e-03
1.158166037818703434e-03
1.075948774814605670e-03
1.126615404903602048e-03
1.102777596007889190e-03
1.148913886684637710e-03
1.070768205234064489e-03
1.094926981918083924e-03
1.067492746425649335e-03
1.101876923348754558e-03
1.082472179685002893e-03
1.097044763334381959e-03
1.113445643120660258e-03
1.108961667453583610e-03
1.098563123154095746e-03
9.690025552677420002e-04
1.019960202616997710e-03
9.979493054113565062e-04
1.017805783507915547e-03
1.013689770479686472e-03
9.913851184627183767e-04
9.845921342135765131e-04
1.013295316638854887e-03
1.001353407627902968e-03
9.920198242000949091e-04
9.794992546980770768e-04
1.014035726145196426e-03
1.022944563122179552e-03
1.008653539331415012e-03
9.994998654852119743e-04
9.627146966522559957e-04
1.018745480597807148e-03
1.000873005698220105e-03
9.739515971607313723e-04
9.631667975694514555e-04
9.807788475882262425e-04
1.004881376866251317e-03
1.016753439818365553e-03
9.653364935030158116e-04
9.919414012424217567e-04
1.027164571076774743e-03
9.929126674810854689e-04
9.829932223790541213e-04
9.719322713163609838e-04
1.026104458231622257e-03
9.685047944703211505e-04
1.007234028433091465e-03
9.581860942909350629e-04
9.787945220103631654e-04
9.755808535443905288e-04
9.668551504056757326e-04
9.649471039525590876e-04
1.000373774261858551e-03
9.659058324849376228e-04
1.002269297336729750e-03
9.704598944293908085e-04
9.979996951117824349e-04
1.003621870544380837e-03
1.024531978272044935e-03
9.858638316822740649e-04
1.004467766212585990e-03
9.871862996638251439e-04
1.023364679153578776e-03
9.869538854288223244e-04
9.659758589875240076e-04
9.857157885562628941e-04
9.986603793759759023e-04
1.023038627597718355e-03
1.018970055828014205e-03
9.606119216186925986e-04
9.779136057029692939e-04
1.028776792540716340e-03
9.742963179283273658e-04
9.880995019697226111e-04
9.809215884440793207e-04
9.441368953468134420e-04
9.914445413204912155e-04
9.504890342493756876e-04
9.949432493438228019e-04
9.972654303195527779e-04
9.634794329310982473e-04
1.009123967154524661e-03
1.006817773136740087e-03
9.724265712205893602e-04
1.031215712562418398e-03
9.506203939403908357e-04
9.840823862200173949e-04
9.625104441791056857e-04
9.824407739170756132e-04
9.920229436829685297e-04
9.720428681108527359e-04
9.884481761568727869e-04
9.747295904582222717e-04
9.745309433828179720e-04
9.549385003853015641e-04
1.007681053418379600e-03
9.607274983024511467e-04
9.883470477339310542e-04
9.406859592462961340e-04
9.643768972287384330e-04
9.777710515593823065e-04
9.876448421542031227e-04
9.881006303028418234e-04
1.002485776105179263e-03
9.996280745746424865e-04
9.784450326920845955e-04
1.029331455580317044e-03
9.517970235230257528e-04
9.870796240507983144e-04
1.013437933691490721e-03
9.471444941412370672e-04
9.665571000928488811e-04
9.932489313471775088e-04
9.300660413618271668e-04
9.501234858852022815e-04
9.990834720576039461e-04
1.021232091499349286e-03
9.980291181888717705e-04
1.000414117543886551e-03
1.001865468256605369e-03
9.871906368061900139e-04
9.766330391777536778e-04
9.961568157170683224e-04
9.589340152720419227e-04
9.629033481290277547e-04
9.758573811268434145e-04
9.801396003100448263e-04
1.017890264763711633e-03
9.673508421446268876e-04
1.025485447966135565e-03
9.795747536162917497e-04
9.561014061686224979e-04
9.850311509441011127e-04
9.949297057643819147e-04
9.798202560677264378e-04
9.724765219009266683e-04
9.902343991248366891e-04
1.034387865309746709e-03
9.704389723573023227e-04
9.728455974254756949e-04
1.002499713034082527e-03
1.017187929112249286e-03
9.855067276825699423e-04
9.795772771422680408e-04
1.029190455133525191e-03
9.785738690809991664e-04
9.862417055186457893e-04
1.015684722761551985e-03
9.593007454756074127e-04
1.007110951916099844e-03
9.661538342837817928e-04
9.862693138599683013e-04
9.900565677806018403e-04
9.797848738694132833e-04
9.692929526164124725e-04
1.011755436999150224e-03
1.009100778565670455e-03
9.571720881817432150e-04
9.577607391223025247e-04
1.001972602143024089e-03
1.013622288771260206e-03
9.663614919050954322e-04
9.908078726416883093e-04
1.031894697091327367e-03
1.015228297910653141e-03
1.016088367815917541e-03
1.010393253482806631e-03
9.549102316109034198e-04
9.966226863280798313e-04
9.881880490306335901e-04
9.869436137915517642e-04
1.002773262846928456e-03
9.707927466549266327e-04
1.000535130599298833e-03
9.893167873647494212e-04
9.963454074190499291e-04
9.727540593862963811e-04
9.554490858975511498e-04
9.883850947237358443e-04
9.966608557778482320e-04
9.376253932714462063e-04
1.052175026583986777e-03
9.704552969196811752e-04
1.051466629052391372e-03
9.690360161654937993e-04
9.547188714630185178e-04
9.938455697220678446e-04
1.049739538799398164e-03
9.730871809342016244e-04
9.819749550213320230e-04
9.502036398491606846e-04
1.006090445130562033e-03
9.834725111991596009e-04
9.987197776074306123e-04
9.968655349579282066e-04
9.921747971720134771e-04
9.919904960462679663e-04
9.517893584695859147e-04
9.626692552746345284e-04
1.013508418691344603e-03
9.673723104732254510e-04
1.003030018630222606e-03
9.841641588047003383e-04
9.670721866244163601e-04
9.825352189811661918e-04
9.984662163053424980e-04
1.059775018186953242e-03
1.008375178879270277e-03
1.000849740543904246e-03
9.795801029003296106e-04
9.685475732952069294e-04
9.785255076936803364e-04
1.003712398232892112e-03
1.010609676058475681e-03
9.699564364452201420e-04
9.551230285209245507e-04
1.032001534342550948e-03
9.879328167209258747e-04
1.009499928197608474e-03
9.685536712193145402e-04
9.839498041681229556e-04
9.840548445936292410e-04
9.710105301704830515e-04
1.000687760265114206e-03
9.979430469684302807e-04
9.927102039980057174e-04
9.995136418952965153e-04
9.449457998226324816e-04
