2.349941536784171947e-01
1.501788020133972279e-01
1.394503206014633123e-01
1.440262835472822245e-01
1.394036795943975338e-01
1.396155800670385305e-01
1.332516118884086720e-01
1.317163072526454926e-01
1.418549183756113163e-01
1.450952248647809084e-01
1.283368796110153087e-01
1.435480147600173839e-01
1.456522531807422638e-01
1.284942146390676554e-01
1.316865194588899557e-01
1.535433929413557164e-01
1.368355892598628887e-01
1.211900446563959066e-01
1.100250054150819778e-01
1.351631132885813824e-01
1.149902250617742538e-01
1.225733889266848592e-01
1.289863061159849111e-01
1.096421258524060277e-01
1.229133274406194742e-01
1.299597539007663616e-01
1.231237810105085401e-01
1.154512748122215327e-01
1.198466010391712189e-01
1.015513503924012212e-01
1.091405104845762225e-01
1.256867632269859369e-01
1.137800641357898657e-01
1.258124683052301296e-01
1.192071516066789683e-01
1.216408774256706182e-01
1.128571480512619019e-01
1.264751005917787441e-01
1.126906225457787458e-01
1.138614529743790654e-01
1.240050129592418643e-01
1.115539690479636220e-01
1.069219024851918165e-01
8.903629649430513937e-02
9.299314133822918216e-02
8.320267628878355581e-02
9.208508394658565521e-02
9.482692293822765628e-02
8.687458485364914218e-02
9.402061030268668573e-02
8.921182081103325168e-02
9.408175125718117038e-02
8.378910757601261416e-02
8.939625639468432028e-02
8.326743263751268387e-02
9.545547552406788427e-02
9.722194969654082697e-02
8.728825710713863928e-02
8.746272791177034378e-02
9.240801036357879084e-02
7.644022312015294474e-02
9.371299073100089472e-02
8.049628846347331446e-02
9.068876318633556366e-02
7.747279368340968808e-02
8.901553098112344187e-02
8.541159313172101697e-02
8.882347866892814636e-02
9.389067925512790957e-02
8.290722183883189600e-02
8.675391655415295999e-02
8.259156644344330112e-02
9.254673533141613562e-02
7.672139368951320926e-02
8.597353026270866672e-02
9.053905643522738855e-02
8.364070355892180841e-02
8.256328999996184748e-02
8.085824567824602405e-02
9.161622319370507639e-02
7.909066174179316122e-02
8.772064894437789362e-02
8.621419630944729406e-02
9.145176094025372904e-02
8.138925507664680759e-02
8.871305845677852908e-02
8.638533763587474823e-02
9.443492591381072443e-02
8.910050857812165659e-02
8.627806380391120356e-02
7.912354078143835068e-02
8.849663678556680957e-02
8.837123420089483539e-02
8.174645639955997745e-02
8.606045525521040240e-02
8.171580154448747357e-02
9.233945794403553009e-02
1.006831098347902298e-01
8.028141800314188281e-02
8.753909971565007608e-02
8.717564418911934176e-02
8.032340779900551397e-02
8.550921734422445297e-02
8.656035847961902896e-02
7.770492322742938995e-02
8.119913339614867609e-02
8.314186241477727890e-02
8.322808071970939914e-02
8.899884372949599942e-02
7.875448018312454501e-02
8.697095885872840881e-02
9.132375046610832769e-02
8.009629137814044952e-02
8.707792088389396112e-02
9.165935609489679614e-02
8.198764342814683637e-02
9.072306975722313482e-02
8.592054750770330984e-02
8.076693248003721792e-02
8.320468626916407984e-02
8.714997395873069763e-02
8.622062355279921930e-02
8.745169583708048422e-02
8.994902484118938446e-02
8.331521973013877869e-02
8.954664021730422696e-02
8.245544601231813431e-02
9.526419267058372498e-02
8.845156431198120117e-02
8.828473575413227359e-02
8.891169000416994372e-02
8.747367095202207565e-02
7.285545449703931253e-02
8.316188696771860400e-02
8.889032471925020773e-02
8.810212593525648672e-02
8.658190313726663034e-02
7.741113435477017801e-02
7.701651584357023517e-02
8.809452094137668055e-02
8.671372886747122366e-02
8.973680883646011075e-02
8.682390376925468167e-02
8.989068400114774704e-02
8.108505047857761383e-02
9.038978442549705505e-02
8.280229251831769388e-02
8.741099443286656778e-02
8.152916058897971552e-02
7.827032040804624002e-02
8.860806543380021771e-02
8.290792442858219147e-02
7.842404935508966168e-02
8.013445138931274414e-02
8.218018356710672656e-02
8.512053396552801687e-02
8.614231478422880450e-02
8.346218299120664041e-02
8.828324861824513037e-02
8.394487649202346524e-02
9.226800017058849057e-02
8.453374579548836310e-02
8.818644154816865366e-02
9.004948120564222613e-02
8.942906409502029974e-02
8.674340676516294202e-02
8.542210794985294342e-02
8.923838492482900897e-02
8.622688688337802609e-02
7.927929833531380255e-02
8.256943896412849426e-02
8.968054167926312048e-02
9.105003494769334238e-02
7.395809385925530832e-02
7.889001537114381790e-02
8.807405065745115003e-02
8.872082438319921216e-02
8.598936274647712985e-02
8.793168216943740567e-02
8.082476053386926373e-02
7.903568260371685028e-02
8.606840297579765320e-02
8.418006300926209051e-02
8.452652506530285159e-02
8.597378525882959366e-02
8.706690929830074310e-02
8.626177459955215732e-02
8.083405327051877698e-02
9.012660477310419083e-02
8.359228726476430893e-02
8.555912300944328031e-02
8.086443133652210236e-02
7.915179282426834662e-02
7.597052305936813354e-02
8.596935980021953860e-02
9.371089953929186145e-02
8.040747772902250012e-02
8.719687480479479391e-02
8.747807405889033994e-02
8.824249785393475931e-02
8.618573546409606656e-02
8.371141329407691400e-02
8.698086775839328211e-02
8.871080875396727961e-02
9.295532312244177142e-02
8.825961314141750336e-02
8.680118788033723554e-02
8.661195226013659876e-02
8.390431664884090424e-02
8.838640917092561999e-02
8.890102971345185956e-02
9.510395862162113190e-02
8.872410580515861789e-02
8.339760974049567621e-02
9.347885996103286188e-02
9.225359335541724604e-02
7.850836366415023249e-02
9.191852714866399765e-02
8.663007393479346674e-02
8.282175920903682431e-02
8.117664139717817307e-02
8.138415031135082245e-02
8.331739809364080429e-02
8.802526276558637897e-02
9.375665057450532913e-02
8.465868514031171799e-02
7.644590456038713455e-02
8.300415836274624426e-02
8.442456386983394900e-02
8.972627911716699045e-02
8.386325836181640625e-02
8.188883475959300717e-02
9.481791984289884845e-02
9.096036925911903104e-02
8.571447469294071753e-02
7.730309497565031329e-02
8.027356788516044894e-02
8.800197094678878507e-02
8.645156715065241415e-02
8.478032220155000409e-02
8.531368337571620941e-02
8.439065515995025635e-02
8.450925163924694061e-02
8.085437696427107135e-02
8.118827510625123423e-02
9.129049330949783048e-02
8.775947652757168371e-02
9.196869470179080963e-02
8.862287141382693689e-02
8.698445893824099939e-02
8.341405931860208789e-02
8.739325571805238446e-02
8.809963120147586146e-02
8.298124913126229962e-02
8.200663868337869367e-02
7.971650529652833661e-02
8.528814613819121759e-02
8.246914781630039493e-02
8.512183353304862699e-02
8.268201556056738177e-02
8.727176412940025607e-02
9.676406271755695621e-02
8.345602769404650290e-02
8.094988260418176096e-02
8.637765720486641208e-02
9.013787433505057733e-02
8.222575448453425806e-02
8.938594870269297998e-02
7.918083481490612030e-02
8.426864109933376867e-02
8.234864827245473584e-02
8.546212092041968744e-02
8.596494924277067740e-02
7.593993395566940585e-02
8.567826747894287387e-02
8.168337550014256876e-02
8.120991047471762259e-02
8.123242296278476715e-02
8.989853765815496167e-02
9.326567612588405887e-02
9.543413072824477594e-02
8.481370713561772745e-02
8.323095329105853479e-02
8.406045902520417612e-02
8.479684162884951193e-02
8.887075856328011114e-02
8.637524768710136414e-02
8.776019793003797531e-02
8.812400717288255969e-02
9.159706886857747754e-02
8.479798994958401281e-02
7.764831539243459424e-02
8.346682600677013397e-02
8.607843238860368729e-02
8.066798467189073563e-02
8.460274469107390005e-02
8.713510725647211075e-02
8.960207756608724872e-02
9.077553525567054471e-02
8.383373692631720941e-02
