7.466156546558652130e-01
4.535031829561506078e-01
4.579364934137889476e-01
3.864886696849550440e-01
3.283075924430574610e-01
3.010544564042772486e-01
2.938638159206935496e-01
3.348055524485452072e-01
2.776127947228295700e-01
2.515421594892229273e-01
2.538006156682968140e-01
2.284826529877526380e-01
2.830342543976647751e-01
2.287300420658928968e-01
2.258997463754245094e-01
2.147501291973250293e-01
1.966430161680494115e-01
2.256237789988517761e-01
1.774315674390111730e-01
1.710873379239014336e-01
1.868161394127777764e-01
1.917728238872119240e-01
1.630842265273843572e-01
1.808599095259393885e-01
1.574978370751653478e-01
1.539465625371251867e-01
1.665600447782448479e-01
1.603156477212905884e-01
1.845227075474602796e-01
1.790520415774413399e-01
1.463722597275461390e-01
1.534263353262628748e-01
1.579683811536856941e-01
1.589495944125311755e-01
1.478186960199049660e-01
1.332122257777622887e-01
1.320077053138188072e-01
1.329393791300909899e-01
1.513825564512184807e-01
1.789250458989824488e-01
1.495922010924135015e-01
1.646709367632865906e-01
1.400703000170843981e-01
1.500422571386609838e-01
1.430557130702904411e-01
1.425143118415559962e-01
1.310353263148239800e-01
1.343075867210115626e-01
1.443662542317594721e-01
1.253811339182513140e-01
1.464417779019900612e-01
1.604119539260864258e-01
1.319544831556933306e-01
1.298125024352754786e-01
1.465717857437474347e-01
1.348748584943158246e-01
1.629227767033236407e-01
1.392303785043103315e-01
1.139919976038592242e-01
1.285058142883437060e-01
1.270307062992027947e-01
1.358564485396657751e-01
1.779094652405806831e-01
1.462452965123312854e-01
1.375017394976956464e-01
1.191842305873121594e-01
1.413428959037576482e-01
1.128374316862651300e-01
1.147407351859978247e-01
1.403788964131048866e-01
1.503350553768021680e-01
1.309086877320493891e-01
1.322892664798668572e-01
1.137390237833772327e-01
1.133576487856251813e-01
1.029358974524906684e-01
1.166762906525816296e-01
1.171555114643914319e-01
1.052850772227559711e-01
1.251994956816945836e-01
1.106611649904932354e-01
1.125988172633307360e-01
1.150187786136354778e-01
1.194197120411055468e-01
1.275680943259171196e-01
1.216793156095913458e-01
1.130715129630906202e-01
1.358959908996309474e-01
1.219975841896874524e-01
1.082185363130910016e-01
1.010905823537281562e-01
1.079665651278836347e-01
1.180271072579281710e-01
1.167635731399059296e-01
1.120612871434007313e-01
1.144338790327310562e-01
9.932329718555722720e-02
1.226035995142800428e-01
1.159382105938025903e-01
1.020418868533202600e-01
1.138785720935889673e-01
1.041969598403998803e-01
1.031490324863365698e-01
9.897841087409428584e-02
9.824216259377342719e-02
9.900261302079473025e-02
1.034822980208056353e-01
1.019668637641838599e-01
1.012002325483730841e-01
1.118908998157296802e-01
1.078026821570736982e-01
1.057615136461598493e-01
1.253233025116579913e-01
1.437519347029072858e-01
1.148654749350888349e-01
1.151955010635512255e-01
9.940127496208463198e-02
9.910287814480918389e-02
9.265651234558650029e-02
8.769956710083144646e-02
8.710048773459025395e-02
9.979138097592762935e-02
9.668381937912531865e-02
9.209579389010157102e-02
1.013213534440313007e-01
9.106102479355675239e-02
1.241721388484750416e-01
1.151568533054419946e-01
1.062432069863591816e-01
8.372541197708674443e-02
8.954520896077156067e-02
9.632202237844467163e-02
9.647665465516704064e-02
1.074802731829030134e-01
9.041681114052023405e-02
1.288904026150703430e-01
1.086123021585600756e-01
9.339114251945700163e-02
9.167715428130966682e-02
9.245049527713231075e-02
1.033939506326402996e-01
8.283774395074162966e-02
8.749435096979141235e-02
8.445566520094871521e-02
9.202061061348233706e-02
9.951500434960637576e-02
9.642235402550015932e-02
9.085582409586225039e-02
8.331307449511118901e-02
7.685343601873942387e-02
7.975145855120249760e-02
9.355425062988485807e-02
8.489625874374594205e-02
9.660647436976432800e-02
8.855826194797243589e-02
8.051230439117976201e-02
8.601154493434089165e-02
8.543453072862965125e-02
8.454738184809684753e-02
8.783298571194921023e-02
8.327331846313816566e-02
7.813231859888349062e-02
8.576196831251893526e-02
9.395548993987697106e-02
9.966434698019709104e-02
9.322153244699750430e-02
8.031077017741543311e-02
8.939581790140696538e-02
7.977222624633993620e-02
7.681242722485746854e-02
8.621477921094213015e-02
8.860395582658904534e-02
9.310627888355936521e-02
9.169077766793114204e-02
7.809194283826011163e-02
8.304929041436739934e-02
7.202926251505102628e-02
8.698973378964833247e-02
9.104319023234504205e-02
7.354444531457764167e-02
8.437302761844225896e-02
7.770952422704015261e-02
7.970116686608109957e-02
9.056258707174233424e-02
8.761061461908477288e-02
9.097020194998808873e-02
8.491384557315281856e-02
8.082928295646395200e-02
8.012719452381134033e-02
9.100714698433876038e-02
8.012163186711925011e-02
7.907286712101527226e-02
7.343776151537895203e-02
7.540091898824487215e-02
7.632056011685303676e-02
7.988389102475983161e-02
8.059543158326830381e-02
7.884450655962739474e-02
7.898519241384097112e-02
7.165236398577690125e-02
7.869671657681465149e-02
8.059826599700110894e-02
8.144410486732210630e-02
8.362738628472600466e-02
8.684620154755455512e-02
7.310304737516812312e-02
7.242199672119957465e-02
7.089470779257160682e-02
8.887365673269544131e-02
9.615941824657577019e-02
9.001597442797251714e-02
7.586433818297726173e-02
7.411028019019536006e-02
6.885578988918236720e-02
7.416471785732678401e-02
6.667676142283848750e-02
8.992851738418851382e-02
8.984162685062203890e-02
7.535470622990812772e-02
7.692260029060500603e-02
7.643890088157993812e-02
7.715006545186042786e-02
8.117516072733062249e-02
7.428072233285222536e-02
6.973495786743504066e-02
6.550918971853596229e-02
6.088208114462239501e-02
6.171697803906032315e-02
6.356995446341377753e-02
7.216777253363813871e-02
7.562294708830970269e-02
7.042959305856909269e-02
6.855396420827933324e-02
6.297135353088378906e-02
6.946597461189542300e-02
7.476366604013102990e-02
7.754240238240786565e-02
7.110674519624028689e-02
6.754406634718179703e-02
6.789431987064224738e-02
6.816578283905982971e-02
6.735246761568955409e-02
7.705044320651463496e-02
7.459977269172668457e-02
5.494413245469331741e-02
6.599313127143043023e-02
6.888854290757860654e-02
5.731458349951675663e-02
5.939969367214611301e-02
6.671832022922379035e-02
8.036261397813047880e-02
6.408372202089854253e-02
6.192872247525623569e-02
5.688484332391193637e-02
6.192532820361001250e-02
6.684183355953011996e-02
9.017080308071204198e-02
7.128482764320713538e-02
6.949854855026517397e-02
6.669886064316545016e-02
6.685871045504297727e-02
6.026292219758033752e-02
5.547313684863703492e-02
6.956689911229270440e-02
5.690122808196714649e-02
5.510723484413964507e-02
5.577182477074010131e-02
5.317176293049540037e-02
5.612165640507425779e-02
5.362665653228759766e-02
5.557427369058132172e-02
5.764862203172275296e-02
6.662619672715663910e-02
6.739103634442601687e-02
6.439546176365443242e-02
5.910790897905826569e-02
4.686883091926574707e-02
6.283127197197505009e-02
5.974464757101876494e-02
5.617813712784221897e-02
4.836481490305492154e-02
4.949138074048927555e-02
5.369686894118785858e-02
5.933725062225546354e-02
6.360629812947340977e-02
6.270935253373213780e-02
6.705426504569393653e-02
6.469957397452422154e-02
6.486485845276288020e-02
6.331763177045754420e-02
6.843634987516063195e-02
6.602865058396543974e-02
6.572644146425384026e-02
7.383053457098347205e-02
7.277441370700087064e-02
7.537722082010336888e-02
5.666351344968591219e-02
6.519486568868160248e-02
5.143541124250207430e-02
5.770558331693921572e-02
