4.698438396943466905e-02
2.575737198016473176e-02
1.847289821931294082e-02
2.111878711730241776e-02
2.201388456991740586e-02
2.085780352354049683e-02
2.052091847040823577e-02
1.857660497937883501e-02
1.929649883615119216e-02
1.984988099762371658e-02
1.896152073251349685e-02
1.823970143284116621e-02
2.101267262228897689e-02
2.078480792364903809e-02
1.790782489946910264e-02
1.932446991226502778e-02
1.922050544193812729e-02
1.772730677787746553e-02
1.861111892919455404e-02
1.705750024744442581e-02
2.187440384711538191e-02
2.124696783721446991e-02
2.250497176178864120e-02
2.072025356548173186e-02
2.006913455469267610e-02
1.798008235969713806e-02
1.784073654562234879e-02
2.103244633014713164e-02
1.856471717889819975e-02
1.762686177556003694e-02
1.758810558489390732e-02
1.836050980325256224e-02
1.903960521199873565e-02
1.926578874034540895e-02
1.835782360285520554e-02
1.831826580954449418e-02
2.192084398120641708e-02
2.032334996121270415e-02
2.077730798295565964e-02
1.997296299253191118e-02
1.808489267049091104e-02
1.926134313855852251e-02
2.002369093575647949e-02
1.743823050388268112e-02
1.796137834233896974e-02
1.834353312317813997e-02
2.206084185412951829e-02
2.198691692735467787e-02
2.387134012367044325e-02
2.210727580157773736e-02
2.029132656753063202e-02
1.862932103020804170e-02
1.923199343894209032e-02
2.197220894907201891e-02
2.062489198786871675e-02
1.898377348801919343e-02
1.705427733915192839e-02
1.805280574730464341e-02
1.861514057964086533e-02
1.929026003926992416e-02
1.992930072758878832e-02
1.916973745184285399e-02
1.990208382319126959e-02
1.930119815681661730e-02
2.078515836702925917e-02
1.965314269598041411e-02
1.793138230485575441e-02
1.743301975407770751e-02
1.821462969694818620e-02
1.707186909126384017e-02
1.777728141418525101e-02
1.722594457013266328e-02
1.838464662432670593e-02
1.941515758101429109e-02
1.940758326756102797e-02
1.683188742026686668e-02
1.654473505914211273e-02
2.076134750885622743e-02
1.955819396036011931e-02
1.924818142184189437e-02
1.799794765455382112e-02
1.981378147112471816e-02
1.861453734870468016e-02
1.732581055590084670e-02
1.774937420019081710e-02
1.782013063452073456e-02
1.929798975054706697e-02
1.742204385144369844e-02
1.886101546032088044e-02
1.769216332052435045e-02
1.810605052326406603e-02
1.945006594594035979e-02
1.888707133808306335e-02
1.967664142804486510e-02
1.917609665542840958e-02
1.722531965268509629e-02
1.825012306549719451e-02
1.833374631990279321e-02
1.915424130856990814e-02
1.777223204927785155e-02
1.628007008028881791e-02
1.871349795588425277e-02
1.773877288880092856e-02
1.718367642856069924e-02
1.592014144573892717e-02
1.815813700003283265e-02
1.735015672498515724e-02
1.514641674501555381e-02
1.844954730144568802e-02
1.764788758009672165e-02
1.765514032116958024e-02
1.930800186736243013e-02
1.879499706306627868e-02
1.844878561262573366e-02
2.083802609039204362e-02
2.158106424446617003e-02
2.024160578314746980e-02
1.927095172660691497e-02
2.075308321842125533e-02
2.190516649612358688e-02
2.060824592730828644e-02
1.785501265632254836e-02
1.724298178617443209e-02
1.551647470997912469e-02
1.758266965459500189e-02
1.778623754424708131e-02
1.620888982766440986e-02
1.925788114645651458e-02
1.781698688864707947e-02
1.843550934323242782e-02
1.857143973133393647e-02
1.796892631266798143e-02
2.025075336652142760e-02
1.890384472374405031e-02
2.161880529352596877e-02
2.070932888558932664e-02
1.994713409138577226e-02
1.912355143576860428e-02
1.729214045086077331e-02
1.778039276333791968e-02
1.753646660862224343e-02
1.842948701232671738e-02
1.684859355113335969e-02
1.616370212286710739e-02
1.680777481357966299e-02
1.715053957221763375e-02
1.813786011189222336e-02
1.852775777557066558e-02
1.686096297843115571e-02
1.627563099775995378e-02
1.639710526381219988e-02
1.832081124718700285e-02
1.888058048539928077e-02
1.881761250219174744e-02
1.863353353525911207e-02
1.811429259500333191e-02
1.777717111898319963e-02
1.652619415628058669e-02
1.757175375574401496e-02
1.666197606495448472e-02
1.693953726706760171e-02
1.790076800222907896e-02
1.716273105038063768e-02
1.676493430776255372e-02
1.814156770706176758e-02
1.895902691675083879e-02
1.684662992400782350e-02
1.734588468181235549e-02
1.782518239425761458e-02
1.656498453978981142e-02
1.679250385080064897e-02
1.759108541799443010e-02
1.753847886409078474e-02
1.857529434242418884e-02
1.720338081941008568e-02
1.638093757043991919e-02
1.627691775294286963e-02
1.660450940419520502e-02
1.894460112920829178e-02
1.805981634450810197e-02
1.695023969347988005e-02
1.749212474429181693e-02
1.974098450903381471e-02
1.906761766544410111e-02
1.724657469562121750e-02
1.759413922471659425e-02
1.645838176565510985e-02
1.826577992843730208e-02
1.590560290164181115e-02
1.864596748990671876e-02
1.734181067773274063e-02
1.744860410690307617e-02
1.888526390705789690e-02
1.841025400374616747e-02
1.867049187421798706e-02
2.025955290134464140e-02
1.824587543628045441e-02
1.633704826235771179e-02
1.807505610798086290e-02
1.872108357825449584e-02
1.828455419412680985e-02
1.917175629309245469e-02
1.750263724742191079e-02
1.767992787063121796e-02
1.734233966895512222e-02
1.781022608546273950e-02
1.878498015659196135e-02
2.232648991048336029e-02
2.046829701534339310e-02
1.910916097196085212e-02
1.873258168676069854e-02
1.919126630361591215e-02
1.713047788611480118e-02
1.619923786659325723e-02
1.913748681545257568e-02
1.841243742299931291e-02
2.010493712233645675e-02
1.735807669215968727e-02
1.665718600686107512e-02
1.735766937157937409e-02
1.924457028508186340e-02
1.759870370317782526e-02
1.850126590579748154e-02
1.915445730888417838e-02
1.843128399923443794e-02
1.975892577320337296e-02
1.776769131954227324e-02
1.630878342049462554e-02
1.735480276069470765e-02
1.674539422882454637e-02
1.656829020274536851e-02
1.712407065289361235e-02
1.966041472873517396e-02
1.733024804187672380e-02
1.670540736189910294e-02
1.607625778498394248e-02
1.683981517063719985e-02
1.619183019335780974e-02
1.695059106818267228e-02
1.749201172164508225e-02
1.700784738308616997e-02
1.667662650080663916e-02
1.609630051202007653e-02
1.640482133786593313e-02
1.794145728594490410e-02
1.976044289767742157e-02
1.896047079935669899e-02
1.854150782206228851e-02
1.759090520707624200e-02
1.681751744555575606e-02
1.779164420440793037e-02
1.801386588652218942e-02
1.925074694944279435e-02
1.889159317527498369e-02
1.913931713040386076e-02
1.830811791920236228e-02
1.933137606829404831e-02
1.599497521030051467e-02
1.739364483260682701e-02
1.649886888584920289e-02
1.671421261770384553e-02
1.713182125240564346e-02
1.816082353304539557e-02
1.670348597690463066e-02
1.645276735403708099e-02
1.820143977446215394e-02
1.676907836060438986e-02
1.732155394607356666e-02
1.637146515505654570e-02
1.510253708277429878e-02
1.743803978232400659e-02
1.589611418811338189e-02
1.598686126193829896e-02
1.669620389917067169e-02
1.692536313618932600e-02
1.744191840823207731e-02
1.682330095874411818e-02
1.669774470584733245e-02
1.689539590318287973e-02
1.645417192152568223e-02
1.598581259271928193e-02
1.632553751447371124e-02
2.019602392933198334e-02
2.059739402362278579e-02
1.876733438777072188e-02
1.684626943564840676e-02
1.716062273564083335e-02
1.626735805932964449e-02
1.666957951549972658e-02
1.638044583212052221e-02
1.592130100886736746e-02
1.686099690518208863e-02
1.761983228581292388e-02
1.879022922366857529e-02
1.640657548393522139e-02
1.912630602185215120e-02
1.871232009891952638e-02
1.727882759379489180e-02
1.832398306578397751e-02
1.810109987854957581e-02
