6.027782894670962940e-03
1.896990783279761672e-03
1.590579131152480754e-03
1.571542277815751731e-03
1.221020793309435248e-03
1.223957166075706482e-03
1.071528106695041017e-03
1.266706763999536633e-03
1.338101818691939072e-03
1.300941762747243090e-03
1.113200481631792995e-03
1.167740154778584925e-03
1.114347981638275130e-03
1.046763220801949458e-03
1.376803213497623888e-03
1.182462371070869354e-03
1.412895688554272142e-03
1.627945894142612815e-03
1.665718576987273991e-03
1.475908458814956248e-03
1.331362157361581878e-03
1.214025958324782464e-03
1.285330043174326420e-03
1.303690578788518992e-03
1.306485940585844262e-03
1.310117036337032958e-03
1.153842444182373583e-03
1.050283029326237782e-03
1.206817824277095583e-03
1.050923499860800803e-03
1.142584846820682244e-03
1.003401604248210831e-03
1.116884994553402153e-03
9.632961737224832177e-04
1.331313385162502571e-03
1.650148129556328058e-03
1.331913651665672703e-03
1.098426154931075784e-03
9.565131709678098776e-04
9.898893738863989277e-04
9.171223209705203772e-04
8.983896521385758682e-04
1.480276355869136664e-03
1.251362074981443584e-03
1.150190169573761436e-03
1.318665622966363939e-03
1.199204463046044155e-03
1.028717501321807590e-03
9.373886627145111344e-04
9.703518444439396262e-04
9.935678390320390463e-04
8.723288658075035052e-04
1.032019371632486625e-03
1.054284835117869122e-03
1.121053021051920950e-03
1.178546831943094644e-03
1.113002060446888252e-03
1.081657048780471173e-03
1.007408686564303891e-03
1.041487560723908289e-03
1.170966087374836163e-03
1.278034696588292631e-03
1.223082790966145781e-03
1.016690567485056774e-03
1.103355505620129406e-03
1.221924019046127840e-03
1.126559200929477767e-03
1.080349952098913578e-03
1.553416386013850613e-03
1.399971533101052089e-03
1.351851617801003115e-03
1.126886217389255805e-03
1.040832366561517033e-03
9.999787085689603415e-04
1.124923554016277194e-03
1.233180979033932003e-03
1.068053173366934104e-03
1.267635601107031150e-03
1.515755895525217056e-03
1.173827634193003134e-03
1.059031568001955791e-03
1.212836834019981238e-03
1.135689465445466296e-03
1.182771980529650959e-03
1.002162689110264095e-03
9.931754000717773600e-04
1.029336740612052424e-03
1.010591903468593912e-03
1.065976973040960686e-03
1.034610564238391730e-03
1.051526077208109157e-03
1.173065361217595593e-03
1.122393002151511566e-03
1.050587347708642439e-03
9.407413570443167849e-04
9.817797370487823649e-04
9.668413607869297049e-04
1.001895920489914802e-03
8.873957325704395554e-04
1.146453426918014797e-03
1.093911219504661771e-03
1.090868527535349217e-03
1.013514207443222404e-03
1.080606822506524709e-03
1.279157324461266398e-03
1.192520943004638000e-03
1.093603958724997894e-03
1.294588012387976007e-03
1.080506644211709543e-03
1.338914438383653673e-03
1.317173088318668393e-03
9.088769322261214690e-04
9.325058636022731662e-04
9.165946219582110210e-04
8.930079668061808185e-04
1.000900578219443560e-03
8.833765488816425638e-04
9.839345468208194213e-04
1.014981025946326554e-03
1.171859845635481265e-03
1.164628469268791378e-03
9.039095792104489668e-04
8.188878506189212420e-04
8.839727845042944388e-04
9.126909601036459641e-04
9.088664432056247971e-04
9.947202081093565063e-04
8.913618599763140299e-04
1.016674010315909982e-03
9.763447422301396294e-04
1.473075555986724881e-03
1.140570602728985250e-03
9.870680485619231625e-04
8.800781652098521590e-04
9.180693014059215784e-04
9.165896655758843260e-04
9.702337527414783402e-04
1.163940262631513135e-03
1.040718820877373175e-03
1.304199185688048514e-03
1.044772521709091961e-03
1.094257237855344967e-03
1.087013632059097290e-03
1.066790599725209133e-03
8.913236903026700237e-04
1.024781659361906436e-03
1.015375863062217832e-03
1.096742521622218235e-03
9.001628757687285109e-04
1.158795502851717087e-03
1.279626283212564799e-03
1.058973488397896290e-03
1.115375786321237770e-03
9.088485327083617666e-04
1.081089957733638628e-03
1.184347004164010373e-03
1.122689174371771428e-03
1.177875275607220742e-03
1.038835753570310858e-03
9.831692121224477453e-04
8.071659627603367188e-04
9.752302226843312600e-04
9.822577674640342160e-04
8.745665152673609121e-04
9.103192380280234353e-04
1.060462577152066019e-03
1.195891597308218436e-03
1.170629591797478497e-03
1.216965608182363169e-03
1.058923546224832535e-03
1.001078795525245368e-03
8.820966628263704696e-04
7.519805541960522966e-04
8.883209608029574373e-04
1.206572455703280823e-03
1.013017748482525262e-03
9.859007681370713684e-04
8.814799919491633339e-04
8.167527324985712550e-04
9.655325935455039360e-04
9.421608614502474449e-04
1.137309634941630065e-03
1.091835397528484507e-03
8.919780229916796088e-04
9.883563994662835327e-04
1.074697365402243945e-03
9.492118086200207038e-04
1.105393306352198037e-03
1.109518125304020941e-03
1.010330699500627816e-03
9.915086819091811342e-04
1.114921545377001210e-03
9.830806695390493111e-04
8.122753468342124982e-04
9.420647053048014858e-04
1.012624014401808468e-03
8.170619141310453849e-04
8.178810472600162246e-04
1.023793179774656805e-03
7.921812590211630084e-04
8.538253634469584064e-04
6.924035464180633209e-04
8.463050966383889101e-04
8.865947544109076478e-04
7.787884591380134008e-04
8.512543834513052864e-04
1.087816368089988741e-03
1.432910942821763499e-03
1.141164865111932245e-03
1.021962653612717943e-03
8.723725622985512018e-04
8.301876718178391240e-04
8.601976282079703889e-04
9.312519745435565493e-04
9.335830312920734069e-04
7.833564101019874432e-04
8.750020060688257217e-04
9.808378468733280030e-04
8.770696527790278413e-04
8.550613711122423410e-04
1.095265045296400742e-03
9.664598532253876112e-04
1.234274121816270010e-03
1.041650399565696803e-03
9.470517165027558587e-04
7.824296539183705828e-04
1.057204173412173900e-03
9.876317606540396376e-04
1.052911169244907710e-03
1.159081031801179051e-03
1.151221475447528151e-03
1.077729841927066402e-03
8.876879204763099334e-04
9.975330496672541337e-04
9.697689471067860939e-04
1.008905970957130280e-03
1.037379147601313932e-03
9.200957647408358753e-04
9.014866605866700628e-04
8.999478450277820230e-04
1.018022377684246662e-03
1.015454344451427503e-03
9.839843289228156643e-04
8.306054573040455363e-04
1.013955340022221294e-03
9.027618303662166216e-04
8.828988182358443303e-04
9.318296535639092760e-04
8.564200397813692689e-04
1.009347176295705096e-03
9.348936291644349694e-04
9.646001446526498036e-04
9.536887315334752419e-04
8.916596008930355744e-04
1.184416614705696702e-03
1.229535686434246600e-03
9.962092764908448295e-04
1.006310063530690968e-03
9.745370392920449159e-04
9.154294297331943891e-04
9.568550070980563543e-04
1.017621028586290690e-03
9.973582724342121807e-04
1.098920282674953298e-03
8.497957518557086370e-04
7.711046739132143991e-04
7.951167601277120845e-04
8.864557079505175135e-04
8.320986904436722615e-04
8.270400983747094436e-04
8.636519633000716567e-04
8.461267687380313440e-04
1.070700885611586186e-03
9.151593316346406720e-04
1.006557680375408294e-03
8.813694788841530464e-04
8.470982924336567304e-04
9.820838720770552321e-04
1.180037946323864205e-03
7.769494462991133115e-04
7.358750415733083649e-04
8.472211367916316228e-04
1.029081657179631293e-03
9.486942901276052432e-04
8.374940982321277694e-04
8.431020192801952579e-04
8.659449507831595621e-04
8.554190164431930022e-04
8.124306565150618770e-04
7.901389311882667027e-04
8.202710552723147409e-04
6.505791447125375054e-04
7.662477699341252012e-04
1.004331934382207692e-03
8.487236045766621828e-04
7.700387068325653672e-04
8.774433255894110040e-04
9.227328962879254980e-04
9.905669168801978664e-04
9.349120868137106083e-04
