8.717357739806175232e-01
7.067270696163177046e-01
4.742148444056510925e-01
3.536942556500434764e-01
2.897398754954337852e-01
2.543465599417686351e-01
2.402850918471813313e-01
2.870264671742915885e-01
2.515943445265292899e-01
2.555914878845214622e-01
2.229969151318073328e-01
2.555642366409301980e-01
2.092284694314003046e-01
2.278864741325378473e-01
2.322397388517856709e-01
2.711334899067878723e-01
3.454065106809139363e-01
2.746351107954979054e-01
2.614734590053558461e-01
2.085555262863635906e-01
2.192036271095275934e-01
2.920509614050388336e-01
2.047838103026151657e-01
2.536955501884222142e-01
1.998744875192642323e-01
2.125662297010421642e-01
1.980474196374416296e-01
1.807705339044332615e-01
1.751303695142269190e-01
2.207164030522107967e-01
2.094115354120731354e-01
2.526129655539989249e-01
2.062729001045227051e-01
2.225329879671335276e-01
1.938492458313703648e-01
1.855462644249200876e-01
1.741993062198162190e-01
2.253359556198120117e-01
1.859943229705095236e-01
1.709964919835328945e-01
1.907441161572933086e-01
1.742836393415927998e-01
1.918873183429241069e-01
1.767631333321332820e-01
1.633997267112135832e-01
1.646450549364089910e-01
2.084864005446434021e-01
2.100843187421560232e-01
1.883854605257511139e-01
1.585074491798877661e-01
1.823078703135251888e-01
1.795668292790651432e-01
1.639954961836337932e-01
1.492836846038699261e-01
1.430562257766723744e-01
1.409344699233770482e-01
1.654183767735958044e-01
1.559139851480722538e-01
1.437187206000089534e-01
1.355893656611442677e-01
1.527162417769432068e-01
1.473297495394945145e-01
1.507890131324529648e-01
1.472285885363817104e-01
1.722596731036901418e-01
1.447237551212310902e-01
1.583443254232406727e-01
1.504863649606704712e-01
1.506805453449487631e-01
1.548028495162725449e-01
1.355342835187912098e-01
1.436098303645849117e-01
1.261994592845439855e-01
1.401445232331752777e-01
1.414342284202575739e-01
1.365532279014587402e-01
1.444801967591047287e-01
1.360844876617193222e-01
1.451346874237060547e-01
1.331700123846530914e-01
1.189102616161108045e-01
1.322994686663150898e-01
1.335684999823570362e-01
1.480415850877761785e-01
1.355773154646158218e-01
1.486100200563669205e-01
1.677764497697353252e-01
1.584106888622045517e-01
1.416091814637184254e-01
1.572223085910081919e-01
1.396474752575159184e-01
1.249697376042604446e-01
1.280464917421340887e-01
1.263828668743371964e-01
1.202759899199008914e-01
1.402953125536441914e-01
1.883875820785760880e-01
1.680143747478723415e-01
1.389462579041719492e-01
1.381580065935850143e-01
1.443351298570632879e-01
1.275837529450654928e-01
1.318100405856967028e-01
1.104083105921745273e-01
1.250960420817136820e-01
1.263109404593706075e-01
1.457713332027196773e-01
1.304708098992705401e-01
1.147776879370212555e-01
1.344423666596412659e-01
1.424213387072086334e-01
1.268745420500635990e-01
1.177871782332658712e-01
1.174429021775722504e-01
1.238538831472396906e-01
1.233845870941877310e-01
1.092800643295049612e-01
1.140914767980575617e-01
1.205201245844364222e-01
1.249655868858099012e-01
1.179554641246795682e-01
1.129785967990755979e-01
1.267045997083187103e-01
1.422720149159431569e-01
1.186188008636236135e-01
1.304504759609699249e-01
1.129878003150224658e-01
1.187841650098562241e-01
1.111324466764926910e-01
1.181412748992443085e-01
1.374073196202516556e-01
1.121905840933322962e-01
1.189011618494987543e-01
1.133853033185005243e-01
1.217237643897533389e-01
1.223574155941605512e-01
1.130787733942270334e-01
1.126535724848508890e-01
1.247248716652393369e-01
1.324996866285800823e-01
1.124067090451717349e-01
1.065170563757419642e-01
1.106969630345702171e-01
1.093988576903939247e-01
1.102233901619911194e-01
1.361678890883922521e-01
1.303992243483662605e-01
1.424485210329294316e-01
1.506723180413246099e-01
1.312528498470783289e-01
1.285494770854711533e-01
1.157435804605484037e-01
1.125317417085170690e-01
1.116125419735908564e-01
1.032334014773368808e-01
1.133612079545855550e-01
1.192010836675763130e-01
1.438956148922443390e-01
1.267243266105651800e-01
1.054192028939723996e-01
1.144134555011987742e-01
1.148471936583519010e-01
1.206097569316625651e-01
1.066661503165960284e-01
1.213847011327743586e-01
1.076359283179044724e-01
9.890703763812780380e-02
1.065357109531760160e-01
1.044306458905339269e-01
1.373617645353078787e-01
1.794125042855739538e-01
2.079752910882234629e-01
1.434173226356506292e-01
1.367609400302171596e-01
1.217427764087915393e-01
1.253555623814463504e-01
1.265469769015908352e-01
1.134839404374361066e-01
1.135150648653507205e-01
1.078112799674272593e-01
1.085327478125691358e-01
1.048094326630234774e-01
9.693844355642795840e-02
1.094771414995193426e-01
1.196655655279755537e-01
1.223170910030603464e-01
1.229980211704969351e-01
1.037599291652440969e-01
1.189132725819945363e-01
1.079644013196229962e-01
1.008512686938047437e-01
1.138293251395225553e-01
1.122582012787461253e-01
1.402016285806894358e-01
1.212398782372474670e-01
1.219717610627412824e-01
9.945475589483976364e-02
9.665522444993257523e-02
1.108729485422372818e-01
1.052954342216253225e-01
1.003590192645788248e-01
1.076311610639095334e-01
9.727947954088449201e-02
9.687549080699682513e-02
1.082895990461111013e-01
1.264617549255490359e-01
1.205826740711927469e-01
1.194465942680835724e-01
1.066195772960782107e-01
1.091659061610698728e-01
1.144269432872533770e-01
1.113339986652135821e-01
1.225137604400515501e-01
1.071669189259409904e-01
1.271366264671087154e-01
1.064819807186722783e-01
1.112441148608922931e-01
1.153490491211414393e-01
1.084283970296382876e-01
1.112169653177261380e-01
9.990451950579881668e-02
9.971603434532880228e-02
1.145759882405400221e-01
9.760874584317207059e-02
1.041748942807316780e-01
9.509951919317245761e-02
9.813556410372256678e-02
9.906397312879562655e-02
1.003878612071275739e-01
9.631772506982087811e-02
9.554224982857703607e-02
9.809108395129442770e-02
9.146254956722259244e-02
9.433138780295849402e-02
1.168800357729196521e-01
1.224404808133840589e-01
1.046985842287540408e-01
1.047839529812335940e-01
1.122698437422513934e-01
1.031486403197050122e-01
1.285386174917221014e-01
1.080087948590517100e-01
1.079723875969648417e-01
9.322158582508563440e-02
8.997480869293213168e-02
9.940948728471994678e-02
9.095029830932617465e-02
9.845323041081428805e-02
1.029418051242828314e-01
9.960480965673923492e-02
1.053533371537923868e-01
9.546821359544992169e-02
9.464489184319972714e-02
9.660704471170902807e-02
9.201555028557777127e-02
9.849598985165357312e-02
1.059658132493495886e-01
1.004620857536792783e-01
9.881246481090784350e-02
1.126830048859119443e-01
8.990617338567971628e-02
8.874588906764983853e-02
1.172123663127422333e-01
1.041736954823136302e-01
9.132002089172601422e-02
1.021282203495502416e-01
1.095581732690334292e-01
8.523261323571204584e-02
9.359060134738683701e-02
8.823146801441908438e-02
9.611992128193377893e-02
8.770986441522836408e-02
8.800333365797996521e-02
9.504122920334338864e-02
8.343110084533691961e-02
8.475550226867198389e-02
8.987685777246952334e-02
9.166030734777450006e-02
8.930819239467382986e-02
8.611176200211048681e-02
9.114592429250478745e-02
1.171866571530699730e-01
1.041858956217765753e-01
1.107547685503959684e-01
1.005676500499248505e-01
1.195157282054424286e-01
9.784704707562923154e-02
8.641433361917734424e-02
9.586862772703171054e-02
9.650316461920738220e-02
1.175408598035573987e-01
9.585094582289457876e-02
8.453388176858425695e-02
8.407656438648700159e-02
9.213435035198927481e-02
8.522134087979793549e-02
9.142679907381534576e-02
8.664466179907322207e-02
8.036109004169703085e-02
1.052776742726564407e-01
