5.242020413279533525e-02
2.576640546321868827e-02
2.210968751460313728e-02
1.933805700391531129e-02
1.702760756015777449e-02
1.480470914393663441e-02
1.389695461839437519e-02
1.433075414970517124e-02
1.411101259291172062e-02
1.501744743436574971e-02
1.538232918828725745e-02
1.610531108453869958e-02
1.971129644662141661e-02
1.504845377057790687e-02
1.286527328193187714e-02
1.240248810499906471e-02
1.250248802825808594e-02
1.374272750690579484e-02
1.294536096975207329e-02
1.379948947578668594e-02
1.370655689388513600e-02
1.253527998924255406e-02
1.259264862164855003e-02
1.392677566036581993e-02
1.165393693372607231e-02
1.200078567489981651e-02
1.397183137014508178e-02
1.164978109300136497e-02
1.164675606414675678e-02
1.448852019384503330e-02
1.259377086535096169e-02
1.239418638870120118e-02
1.224557505920529331e-02
1.193421445786952903e-02
1.132909515872597764e-02
1.118339663371443679e-02
1.125188302248716389e-02
1.206485498696565663e-02
1.190099939703941415e-02
1.555933570489287376e-02
1.451498595997691154e-02
1.429899269714951515e-02
1.202864982187747990e-02
1.257184138521552121e-02
1.212248718366026878e-02
1.150044575333595241e-02
1.527544055134058033e-02
1.360224774107337067e-02
1.172740859910845722e-02
1.030718833208084037e-02
1.136360689997673035e-02
1.278297789394855499e-02
1.364349583163857425e-02
1.444324413314461777e-02
1.437608310952782562e-02
1.294052926823496819e-02
1.283755945041775703e-02
1.186928721144795383e-02
1.322247488424182008e-02
1.171858189627528191e-02
1.147912181913852622e-02
1.091730976477265323e-02
1.100338073447346653e-02
1.043853312730789150e-02
1.022377200424671138e-02
9.838157054036855004e-03
1.021542884409427573e-02
9.778393339365721096e-03
9.557686001062392495e-03
1.056022644042968819e-02
1.033826218917965889e-02
1.000323053449392319e-02
1.096566990017890965e-02
1.136900689452886512e-02
1.108013968914747273e-02
1.082966811954975093e-02
1.019816808402538265e-02
9.961851220577955940e-03
1.057821866124868462e-02
1.177887851372361183e-02
1.161266071721911430e-02
1.109154345467686618e-02
1.118581173941493069e-02
9.789263550192116997e-03
1.014185929670929909e-02
9.918148443102837303e-03
1.023795194923877647e-02
1.106140855699777603e-02
1.185821248218417098e-02
1.276853075250983238e-02
1.592076690867543290e-02
1.690185479819774489e-02
1.308699585497379372e-02
1.294496264308691094e-02
1.142974207177758182e-02
1.151739954948425258e-02
1.041970103979110787e-02
1.072118794545531308e-02
9.985331911593675613e-03
1.081523476168513333e-02
1.025522788986563648e-02
1.128957783803343808e-02
1.105129765346646309e-02
1.063508391380310093e-02
1.023527570068836177e-02
1.019517555832862889e-02
1.069940570741891896e-02
1.076932894065976178e-02
1.316072605550289154e-02
1.187856895849108765e-02
1.311065154150128399e-02
1.351980082690715755e-02
1.195566430687904427e-02
1.142161814495921100e-02
1.107793981209397385e-02
1.020167656242847512e-02
1.070713205263018608e-02
1.029116641730070184e-02
1.028228728100657498e-02
1.079477798193693126e-02
1.110604843124747207e-02
1.031273631379008363e-02
1.041565062478184631e-02
1.098868921399116447e-02
1.073218937963247264e-02
1.058644158765673603e-02
1.015335274860262871e-02
9.856755658984184959e-03
1.009337538853287766e-02
1.025547236204147304e-02
1.101032402366399800e-02
1.190963890403509175e-02
1.100807730108499527e-02
1.139934873208403587e-02
1.081601716578006744e-02
1.047283960506320034e-02
1.007092697545886040e-02
1.021788977086544002e-02
1.027628788724541629e-02
1.159731987863779103e-02
1.159251183271408150e-02
1.094683427363634179e-02
9.945057146251202324e-03
1.071806140244007180e-02
1.012265384197235177e-02
1.007642270997166634e-02
1.024181907996535301e-02
1.035188948735594680e-02
9.980290289968251835e-03
9.793522488325833580e-03
1.003785096108913456e-02
9.532942716032267311e-03
9.685140103101730347e-03
9.236439410597086647e-03
1.036248095333576133e-02
1.085853828117251327e-02
1.066738218069076573e-02
1.008035233244299923e-02
1.003972366452217033e-02
1.020176028832793166e-02
9.740722645074129799e-03
1.037435643374919926e-02
1.055359374731779099e-02
1.067663477733731339e-02
1.076349355280399253e-02
1.090266499668359791e-02
9.608673956245183598e-03
1.019157972186803852e-02
1.005708454176783631e-02
9.950416255742311131e-03
9.783348999917507172e-03
9.716248605400323868e-03
9.893682785332202911e-03
9.723943192511796951e-03
1.061431430280208518e-02
9.830011706799268029e-03
1.093144984915852581e-02
1.177787119522690808e-02
1.135063087567687000e-02
1.140288067981600796e-02
1.027694251388311386e-02
1.143001494929194416e-02
1.145566897466778790e-02
1.536612436175346409e-02
1.328273974359035423e-02
1.159386020153760875e-02
1.128409048542380368e-02
1.082435408607125213e-02
1.024340027943253587e-02
1.018615411594510009e-02
9.604493528604507793e-03
9.748373180627822876e-03
9.566778503358363411e-03
9.461978729814291694e-03
9.510012622922659614e-03
9.671909175813198437e-03
9.735053498297929417e-03
9.323719236999750831e-03
9.158454742282629360e-03
9.404778014868497849e-03
9.630953613668679497e-03
9.191820025444030415e-03
9.442992415279150356e-03
9.460393059998749993e-03
1.005713799968361785e-02
1.004687463864684105e-02
1.037520207464695012e-02
1.116487598046660493e-02
1.088903155177831615e-02
1.104022320359945332e-02
1.191759305074810947e-02
1.177509129047393799e-02
1.120881894603371551e-02
1.091330992057919572e-02
1.016208520159125363e-02
1.024030521512031555e-02
1.007311744615435600e-02
9.720149729400873878e-03
1.026605907827615738e-02
1.020802753046154941e-02
1.033807005733251502e-02
1.069796634837985073e-02
9.987515024840831410e-03
9.784722421318291924e-03
9.626785945147275231e-03
9.295677579939366081e-03
8.986475598067044518e-03
9.607019927352666508e-03
1.020590495318174362e-02
1.096209567040204967e-02
9.813578706234693874e-03
9.234961587935686111e-03
9.850201755762099873e-03
9.660391788929700158e-03
9.852417837828397404e-03
9.788464382290839802e-03
9.472392592579126011e-03
1.007360890507697990e-02
1.099445531144738197e-02
1.100654779002070358e-02
1.295301625505089829e-02
1.271883295848965680e-02
1.038395138457417523e-02
1.037969049066305230e-02
1.107001341879367863e-02
1.003987537696957554e-02
9.692725259810686111e-03
9.659382700920104287e-03
1.037145871669054031e-02
1.090865451842546428e-02
1.055994844064116547e-02
9.882057644426822315e-03
9.894406795501709331e-03
9.724580682814121246e-03
9.523043781518936504e-03
1.012442987412214349e-02
9.588492475450039257e-03
9.655202273279428482e-03
9.746445063501595757e-03
9.961434453725815513e-03
9.932769369333982815e-03
9.395562577992677689e-03
9.231810551136731754e-03
9.487891662865876805e-03
1.063882652670145035e-02
1.066924417391419341e-02
1.155089410021901096e-02
1.060712300240993465e-02
1.025427915155887638e-02
9.634161461144685398e-03
9.615049324929713856e-03
9.869664534926414143e-03
9.600210282951594093e-03
9.831797145307064750e-03
1.012242333963513444e-02
9.796408843249082912e-03
9.721150062978268017e-03
9.514743555337190281e-03
1.042224988341331447e-02
1.002760063856840064e-02
1.006871089339256287e-02
9.683738835155964245e-03
9.428729861974715840e-03
8.916915301233530392e-03
9.037175029516220787e-03
9.934698883444070122e-03
9.823044016957282326e-03
9.524676389992237438e-03
9.257506206631660114e-03
9.480576589703559529e-03
9.698656201362610557e-03
1.035869745537638595e-02
1.032604156062006881e-02
9.721025172621012428e-03
9.858040977269411434e-03
9.575969539582729340e-03
9.455791860818862221e-03
1.022109147161245381e-02
9.960005432367325176e-03
1.028858795762062003e-02
