2.541182860732078483e-02
1.971920337527990202e-02
1.645409880826870577e-02
1.705806615451971667e-02
1.563819497823715210e-02
1.705634662260611945e-02
1.502939475079377411e-02
1.362964690973361356e-02
1.457999975730975457e-02
1.611453716953595641e-02
1.483089172591765641e-02
1.488961111754178931e-02
1.706382930278778007e-02
1.498523068924744947e-02
1.339836431046326909e-02
1.318010662992795227e-02
1.324601415544748341e-02
1.292517265925804786e-02
1.321086237827936820e-02
1.332369148731231759e-02
1.270419737945000307e-02
1.278142413745323759e-02
1.275225294133027452e-02
1.292091986785332339e-02
1.268780877192815168e-02
1.319522652775049175e-02
1.267019199828306811e-02
1.292869343111912456e-02
1.255760192871093785e-02
1.278254867841800008e-02
1.299530863761901890e-02
1.421908214688301017e-02
1.513781951119502409e-02
1.348065131654341969e-02
1.330682039260864223e-02
1.303045979390541655e-02
1.271009737004836354e-02
1.419436112046241691e-02
1.439398974180221627e-02
1.387823981543381997e-02
1.377317793667316367e-02
1.530667872478564534e-02
1.374795020868380818e-02
1.341248055299123186e-02
1.300516662498315233e-02
1.339553954700628893e-02
1.432192369053761176e-02
1.411658972501754830e-02
1.407594525565703664e-02
1.473547642429669756e-02
1.325179630269606931e-02
1.230938353886206968e-02
1.180808270970980407e-02
1.180660016834735905e-02
1.197118783990542071e-02
1.283133601148923192e-02
1.242045598725477831e-02
1.215521333118279798e-02
1.450113157431284598e-02
1.357316592087348325e-02
1.255368857334057502e-02
1.266380182156960112e-02
1.247786221404870340e-02
1.304536002377668959e-02
1.402619214107592854e-02
1.503019916514555625e-02
1.522170417010784184e-02
1.686168070882558892e-02
1.619145727405945506e-02
2.053839452564716270e-02
1.784618161618709703e-02
1.840380417803923196e-02
1.521904176721970182e-02
1.499736073116461448e-02
1.521093963334957735e-02
1.438822882870833056e-02
1.353681199252605369e-02
1.389815223713715929e-02
1.215612869709730218e-02
1.208217851817607914e-02
1.154303513467311824e-02
1.170823468516270401e-02
1.190980132669210503e-02
1.261990026881297348e-02
1.247030397256215437e-02
1.235856153070926701e-02
1.354071609675884177e-02
1.360315450777610166e-02
1.242168974131345818e-02
1.189369795223077161e-02
1.212616600096225704e-02
1.240348548938830647e-02
1.162953749299049447e-02
1.215419396758079564e-02
1.293277374158302920e-02
1.210942206283410413e-02
1.193167629341284480e-02
1.168951323876778366e-02
1.142200796554485899e-02
1.259054224938154290e-02
1.181007220099369696e-02
1.211595057199398723e-02
1.211695174376169887e-02
1.193780129154523202e-02
1.194575335830450058e-02
1.174642685800790856e-02
1.194189762075742109e-02
1.271457510689894335e-02
1.226119684676329341e-02
1.273332573473453556e-02
1.189796105027198826e-02
1.232117488980293343e-02
1.375750297059615511e-02
1.282810705403486864e-02
1.167243520418802943e-02
1.136302482336759567e-02
1.130404925594727210e-02
1.124791633337736060e-02
1.200593008349339248e-02
1.248315473397572893e-02
1.219998591889937672e-02
1.201134069512287822e-02
1.162681529919306483e-02
1.094027099510033914e-02
1.156992651522159576e-02
1.181486491113901104e-02
1.205497663468122448e-02
1.244340501725673710e-02
1.352249321838219949e-02
1.313038747757673194e-02
1.302759957810242959e-02
1.272303213675816773e-02
1.369231610248486213e-02
1.347799692302942276e-02
1.357224794725577117e-02
1.244004629552364349e-02
1.246301997452974389e-02
1.230680824567874192e-02
1.223679594695568050e-02
1.189464759081602062e-02
1.125445496290922165e-02
1.120475704471270324e-02
1.207389310002326965e-02
1.282417792826890876e-02
1.151311304420232773e-02
1.155679027239481585e-02
1.166627854108810355e-02
1.213815758625666312e-02
1.201367961863676788e-02
1.175673858573039396e-02
1.189072293539841958e-02
1.177734167625506777e-02
1.154347794751326220e-02
1.208032680054505620e-02
1.222866574923197475e-02
1.141437819848458053e-02
1.131631272534529449e-02
1.183854987223943028e-02
1.208057676752408334e-02
1.168552959958712306e-02
1.238037546475728376e-02
1.201913027713696208e-02
1.277665849775075878e-02
1.357054474453131369e-02
1.256568462898333821e-02
1.239958442747592961e-02
1.159294626365105392e-02
1.179645253966252021e-02
1.559057161211967538e-02
1.359940568606058699e-02
1.237380597740411758e-02
1.195089891552925110e-02
1.200488501538832936e-02
1.191729245086511034e-02
1.189597900956869056e-02
1.169631686061620678e-02
1.211651700238386767e-02
1.276920574406782867e-02
1.242387158175309488e-02
1.328174807131290470e-02
1.186163394401470832e-02
1.194473567108313324e-02
1.186867288003365210e-02
1.306883816917737279e-02
1.160832749058802842e-02
1.221723190198342052e-02
1.180055886507034267e-02
1.219658932338158266e-02
1.248078731199105638e-02
1.228465481350819212e-02
1.205647860964139360e-02
1.160319087405999559e-02
1.158455666154623032e-02
1.185255597035090105e-02
1.176699909071127551e-02
1.133751211067040784e-02
1.136756284783283812e-02
1.197822956989208834e-02
1.175424400717020069e-02
1.134349505106608050e-02
1.095477522661288637e-02
1.123838524023691894e-02
1.133072425921758004e-02
1.260197951147953681e-02
1.263085075964530228e-02
1.223526845375696830e-02
1.147947044422229119e-02
1.142571717500686680e-02
1.193904758741458176e-02
1.145481243729591300e-02
1.160445238153139796e-02
1.138603333383798530e-02
1.156920871386925460e-02
1.125395223498344352e-02
1.112444276611010245e-02
1.198460509379704712e-02
1.217535920441150700e-02
1.173839444915453570e-02
1.157253601898749693e-02
1.222723964601755108e-02
1.217015174527963026e-02
1.173503355433543581e-02
1.193058354159196206e-02
1.293396092951297829e-02
1.182712962230046509e-02
1.177311688661575317e-02
1.196703867365916593e-02
1.184725301961104052e-02
1.227488002429405825e-02
1.222971559812625203e-02
1.217106493810812644e-02
1.294418784479300227e-02
2.935432866215705733e-02
6.150835454463958463e-02
4.448440025250117308e-02
3.089374427994092190e-02
2.426172755658626695e-02
1.682692704101403439e-02
1.496177824834982531e-02
1.417040812472502437e-02
1.290494743734598229e-02
1.235508204748233217e-02
1.235443310191233941e-02
1.306655798107385705e-02
1.287343241274356911e-02
1.214949171990156208e-02
1.144200625518957716e-02
1.134932395070791314e-02
1.129679884761571919e-02
1.115416859587033648e-02
1.090237038830916064e-02
1.170350269724925417e-02
1.094709169119596412e-02
1.217167538901170118e-02
1.177464940895636865e-02
1.172350465009609939e-02
1.147996181001265797e-02
1.483391125996907575e-02
1.379106342792510952e-02
1.307032294571399723e-02
1.161183503766854627e-02
1.161005441099405289e-02
1.120951659977436135e-02
1.114885391046603440e-02
1.098402397086222990e-02
1.058505090574423518e-02
1.083503117163975987e-02
1.074150471637646403e-02
1.072845446566740753e-02
1.095684946825106927e-02
1.198845282196998527e-02
1.161991922805706741e-02
1.176351451625426599e-02
1.105712428689003060e-02
1.140106078237295220e-02
1.084480962405602079e-02
1.072603296488523414e-02
1.104451746990283388e-02
1.050101264069477729e-02
1.042262297123670509e-02
1.047904777030150142e-02
1.080585910628239360e-02
1.086420156061649288e-02
1.126614144692818405e-02
1.190895941108465264e-02
1.172877134134372133e-02
1.215104982256889378e-02
1.146276760846376419e-02
1.135778371244668995e-02
1.143040365229050330e-02
1.128421959777673074e-02
1.111635950704415593e-02
1.116814284274975436e-02
1.095125451683998108e-02
1.064165346324443852e-02
1.081250533461570670e-02
1.075825200726588521e-02
1.087776813656091655e-02
1.099691993246475902e-02
1.075198333710431983e-02
