5.017290378318113309e-01
6.713657935752588568e-02
4.217229531530071462e-02
2.013752105481484214e-02
1.612231979037032428e-02
1.128558726871714893e-02
8.919611764962183040e-03
6.780064363470848614e-03
5.661666256320827505e-03
5.325109122649711313e-03
4.779611837447565736e-03
4.376594470266033723e-03
5.456274293143959300e-03
5.997396265978322157e-03
5.350285976686898655e-03
4.250439212602727911e-03
4.029079203439109823e-03
3.624679013977155813e-03
3.649373429224771637e-03
2.953147830660728720e-03
2.908131203559391562e-03
3.285860423656070985e-03
4.213660941733156882e-03
4.521214978440719900e-03
3.205134601825300206e-03
2.906953217461705208e-03
3.178797223988701418e-03
3.105755340691436842e-03
2.887799130643115171e-03
3.146072219618979444e-03
2.967554034993929047e-03
3.619723624604589875e-03
2.876038649393355094e-03
2.310643431401866298e-03
2.567387918722542021e-03
2.213496673742637762e-03
2.224448061657740942e-03
2.492468852056738387e-03
2.684855381684268273e-03
2.627017825622769091e-03
2.176599549677442000e-03
2.135701094041852263e-03
2.447643248802598964e-03
2.772164887146038193e-03
2.576165777795454831e-03
2.095796106218853622e-03
2.141807988450369210e-03
2.506244393503841410e-03
2.824453842442701743e-03
3.118003814426415030e-03
3.561534891452859328e-03
4.108258098473443858e-03
3.993772627676234373e-03
2.912611988208749919e-03
2.455500851604429987e-03
2.552996444351533084e-03
2.279194297871607166e-03
1.815035720081890382e-03
1.864358365042682918e-03
1.970979679540237756e-03
1.728833516073577468e-03
1.968130832264090337e-03
1.917074660441892963e-03
1.869113835067871777e-03
1.941553851151291100e-03
1.788453130489763053e-03
1.855307320297202656e-03
1.544903655646040095e-03
1.627615584498819145e-03
1.498552443295278957e-03
1.679475206936545308e-03
2.187713494469575946e-03
2.916191814138608795e-03
2.535978927934432782e-03
5.098288714447442478e-03
1.814590690876631274e-01
1.548348034129423123e-01
6.294186961124925705e-02
2.980731581063831431e-02
1.449255261789349908e-02
1.027581824318450979e-02
7.829367758377510367e-03
7.645423798000111452e-03
7.008528501233633572e-03
5.854659878155764156e-03
5.871400291867116122e-03
3.837176543824812741e-03
3.710571471053887918e-03
4.470512846156078635e-03
4.448366036419482486e-03
3.471274750635904450e-03
3.041789497194044654e-03
3.115345723927021027e-03
4.421953988425871701e-03
4.229083958574954456e-03
3.458546816974001747e-03
3.277054563274278513e-03
3.112487152547520775e-03
2.656789003487895415e-03
2.393239629728829108e-03
2.649742945590439786e-03
3.035058383829891682e-03
2.770874443847467020e-03
2.685778219636310651e-03
2.449976951431702063e-03
2.344226786483298228e-03
2.411397975212072574e-03
2.775505897315109528e-03
2.495572018875357161e-03
3.012234851827516428e-03
2.254778841126929209e-03
2.125369247925632064e-03
2.108587061657625061e-03
2.508861519505872599e-03
2.207400612807010852e-03
1.959171926821855810e-03
1.997852944495046891e-03
2.235087668797110759e-03
2.718941486604949803e-03
2.100957194617127620e-03
1.591516234090222968e-03
1.756980070186888419e-03
1.836649162749595578e-03
1.650622450089191638e-03
2.013122443767154969e-03
1.757987644797300540e-03
2.200878204723053042e-03
2.700133050572784636e-03
2.268816755317589612e-03
2.567220116308068477e-03
1.635872950667844163e-03
1.556629712200340064e-03
2.155750243486288537e-03
1.487330458236529483e-03
1.586535068995812347e-03
1.800108358592671532e-03
1.714470132034929270e-03
1.503743272384299888e-03
1.439786735264693938e-03
1.727790578597170491e-03
1.916826086337952142e-03
1.688124255879836898e-03
1.620063428109621249e-03
1.586934305070077621e-03
1.647933105499867169e-03
1.745890312389854161e-03
1.795629237997619634e-03
1.561904969789526055e-03
1.439183361499625068e-03
1.330496216028490475e-03
1.327115268556072368e-03
1.801161246155114646e-03
1.395908560987342908e-03
1.516080817536396164e-03
1.750516547711894856e-03
1.828792470726458555e-03
1.914604251985164160e-03
1.841735745341900555e-03
1.640154240543351518e-03
1.369048060630174155e-03
1.617481805356767209e-03
1.686656717484926425e-03
1.570090634392245664e-03
1.559437204645398823e-03
1.577049911515239445e-03
1.383482129313051701e-03
1.384879181654576031e-03
1.268462901113226069e-03
1.373716451994636467e-03
1.116095062838319508e-03
1.324326248483403577e-03
1.402077354107271120e-03
1.263851621736060069e-03
1.524624195607269563e-03
1.604688203181414132e-03
1.382957404369817124e-03
1.437076161999036386e-03
1.531246207270990298e-03
1.513463342288399495e-03
2.042741028537206713e-03
2.280553871327463140e-03
1.955106265514212471e-03
1.492815208621323109e-03
1.507565156584057776e-03
1.226163325447808192e-03
1.224377884200828891e-03
1.190138268558417999e-03
1.413958071840598239e-03
1.507073421688640870e-03
1.432238852002603192e-03
1.647177809739814149e-03
1.677022116970928187e-03
2.152736353523591190e-03
2.640138345989672449e-03
2.712034907958963542e-03
2.119134508949868743e-03
1.803865334402550771e-03
1.682038706562974861e-03
1.484921996426932875e-03
1.528199275900774066e-03
1.445988586912041150e-03
1.449974596171694618e-03
1.822748016018201425e-03
1.780895879218245305e-03
1.333253547165761874e-03
1.323488749810220475e-03
1.290632665212101873e-03
1.317447568426894765e-03
1.336603528162574016e-03
1.263908350237590451e-03
1.213217910844832659e-03
1.093157621867516449e-03
1.107164740781573778e-03
1.320944475831792699e-03
1.358517901013221773e-03
1.425903680843903674e-03
1.315375320914694479e-03
1.104993232087615697e-03
1.219067633535493925e-03
1.465724760611705844e-03
1.263192440520095449e-03
1.460784292944213936e-03
1.663443296873832501e-03
1.296219909015823915e-03
1.297934771761955495e-03
1.208105850416947916e-03
1.571560381254290782e-03
1.554591786664198325e-03
1.287913514876409425e-03
1.275470134500852415e-03
1.324850408469929351e-03
1.407901362707728900e-03
1.076326530892401934e-03
1.352440206306602987e-03
1.003195411826976946e-03
1.043608162196024312e-03
1.377428792800535276e-03
1.564064066555789301e-03
1.474805135170326577e-03
1.427652382784906594e-03
1.877469709143042564e-03
1.687983687802710941e-03
1.581194283276358059e-03
1.442460637703976223e-03
1.427690094501218388e-03
1.175819550339570830e-03
1.355355632874895647e-03
1.442078155164113829e-03
1.745761604979634285e-03
1.690930200685911242e-03
1.487947562161614015e-03
1.280184653724598508e-03
1.646487939390627866e-03
1.784355900086024216e-03
1.412225900875294961e-03
1.137907284668044196e-03
1.048812108552631172e-03
1.333675573251264911e-03
1.178711067255148104e-03
1.282788648763123719e-03
1.234732626471668482e-03
1.229646793730995247e-03
1.496491987970383639e-03
1.398998151725048579e-03
1.286206814898725780e-03
1.284967762116781065e-03
1.461848130394868914e-03
1.488048014888430394e-03
1.195729699889745744e-03
1.130733841016669586e-03
1.357562716721611839e-03
1.462350743274916723e-03
1.500272281084428713e-03
1.370368768488440482e-03
1.563295023515820503e-03
1.722271020031150611e-03
1.984277445658603339e-03
1.604278222657740116e-03
1.746554742567241192e-03
1.503400271758437157e-03
1.565924551173606327e-03
1.212915614493848557e-03
1.327839755343602048e-03
1.295939098139677016e-03
1.144440772751455747e-03
1.280924096457002883e-03
1.061618376030203136e-03
1.093568793936249050e-03
1.476126722991466522e-03
1.725670121445813587e-03
1.279869852998458211e-03
1.454216044615296846e-03
1.546742654789020135e-03
1.435475759482120715e-03
1.300473492044736459e-03
1.135706531760447089e-03
1.193467274253420893e-03
1.234788930399672137e-03
1.601820880108896462e-03
1.536368433495654716e-03
