3.807208547368645495e-03
3.918159042950719421e-03
2.898960048332810315e-03
3.093228233046829614e-03
3.167023137211799795e-03
3.011567040812223976e-03
3.193326282780617302e-03
2.848357480252161535e-03
3.440092649543658072e-03
2.762884518597275105e-03
2.838288806378841313e-03
2.754162502242252231e-03
3.333479713182896289e-03
3.190701163839548913e-03
2.683761465596035036e-03
2.674302866216748866e-03
2.718532743165269407e-03
2.647202875232324091e-03
2.893094369210302656e-03
2.550181688275188034e-03
2.811328455572947947e-03
2.681283315178006974e-03
2.460818865802139217e-03
3.594541631173342466e-03
2.499863912817090750e-03
2.478013373911380855e-03
2.358605182962492108e-03
2.439618372591212392e-03
2.535275544505566532e-03
2.435009577311575413e-03
2.890604594722390001e-03
2.844913862645626068e-03
2.342706319177523342e-03
2.843812794890254562e-03
2.518017619149759238e-03
2.770462527405470436e-03
2.464542933739721949e-03
2.353597048204392108e-03
2.359000546857714480e-03
2.536629955284297293e-03
2.390211267629638228e-03
2.349998452700674534e-03
2.461007959209382361e-03
2.420859143603593024e-03
2.860859001521021041e-03
2.455836837179958907e-03
2.471223942120559340e-03
2.364445640705525702e-03
2.718261929112486628e-03
2.429157408187165856e-03
2.747356385225429957e-03
2.545982162700966001e-03
2.262449235422536644e-03
2.355119097046554089e-03
2.406754228286444967e-03
2.420692541636526758e-03
2.341650286689400760e-03
2.396049984963610595e-03
2.469356794608757073e-03
2.549030142836272630e-03
2.207462507067248312e-03
2.164148111478425736e-03
2.246019674930721695e-03
2.358740643830970103e-03
2.203410270158201630e-03
2.141384559217840520e-03
2.345096005592495290e-03
2.102895232383161783e-03
2.192729234229773196e-03
2.098623337224125775e-03
2.337670049746520731e-03
2.197631663875654340e-03
2.129452303051948547e-03
2.424266806337982503e-03
2.137618185952305620e-03
2.006600052118301305e-03
2.349946330650709396e-03
2.166115579893812364e-03
2.253303088946267789e-03
2.271363342879340139e-03
2.455208092578686861e-03
2.189251291565596884e-03
2.280152949970215472e-03
2.205466094892472029e-03
2.190654422156512651e-03
2.415801183087751096e-03
2.055708417901769454e-03
2.231307962210848841e-03
2.809352613985538396e-03
2.114363870350644166e-03
2.119031467009335670e-03
2.231091022258624348e-03
2.068908771616406565e-03
2.417611543205566531e-03
2.323419053573161277e-03
2.248459777911193756e-03
2.234331599902361718e-03
2.289029918028972869e-03
2.064609469380229798e-03
2.391532616456970572e-03
2.243611740414053375e-03
2.050207019783556375e-03
2.181949774967506701e-03
2.155605843290686521e-03
2.419699606252834374e-03
2.250169654143974012e-03
2.109655490494333294e-03
2.333420736249536276e-03
2.126349206082523043e-03
2.432010596385225567e-03
2.481845376314595255e-03
2.166381460847333160e-03
2.306808048160746694e-03
2.258856152184307749e-03
2.013966022059321230e-03
2.245197776937857357e-03
2.192581212148070249e-03
2.568413040717132216e-03
2.179420751053839835e-03
2.114997990429401224e-03
2.175269112922251051e-03
2.087308169575407928e-03
2.046322973910719156e-03
2.080567524535581383e-03
1.969470729818567634e-03
2.332847670186310833e-03
2.303140779258683150e-03
2.195650074281729584e-03
2.239763532998040318e-03
2.348299010191112583e-03
2.278544392902404157e-03
1.989241861156188125e-03
2.222822274779900822e-03
2.085533138597384095e-03
2.264344651484861883e-03
2.133806841447949323e-03
2.263010659953579393e-03
1.990205878973938438e-03
2.042331933625973935e-03
2.062834851676598105e-03
2.190703130327165300e-03
2.029337052954360929e-03
2.168248055386357183e-03
2.029023203067481691e-03
2.269771712599322287e-03
2.192391414428129966e-03
2.290364459622651165e-03
2.414692548336461273e-03
1.991361589170992461e-03
2.072747514466755005e-03
1.910785288782790347e-03
2.132793774944729930e-03
2.262347529176622716e-03
2.209603239316493360e-03
2.074551678379066462e-03
2.102642832323908632e-03
2.337291371077299118e-03
2.008775359718128952e-03
2.183706627693027431e-03
2.208608208457008091e-03
2.174325974192470139e-03
2.253293161629699171e-03
2.176068694097921252e-03
2.001141960499808279e-03
1.953712163958698424e-03
1.972940482664853248e-03
1.987497718073427504e-03
2.068373397924005899e-03
2.091472758911549958e-03
2.146617241669446143e-03
2.123507403302937659e-03
2.191674447385594075e-03
1.988112874096259561e-03
2.179546697880141350e-03
1.934738579438999252e-03
2.159900747938081449e-03
2.130155969643965277e-03
1.950080314418300943e-03
2.073802473023533995e-03
1.910310308448970274e-03
2.057954663177952084e-03
1.872103087953291747e-03
1.924612018046900587e-03
2.139864582568407145e-03
2.026100893272086804e-03
2.074864093447104270e-03
2.086283080279827031e-03
1.981749496189877478e-03
2.207181815174408344e-03
2.159974581445567310e-03
2.029462729115039284e-03
2.002623846055939967e-03
1.836578102665953382e-03
2.021561522269621491e-03
1.992348383646458474e-03
2.161942532984539780e-03
1.984073000494390813e-03
2.330526098376139998e-03
2.084625634597614581e-03
1.949021368636749598e-03
2.108395833056420175e-03
2.100212284130975431e-03
2.076164341997355049e-03
1.925473235314711972e-03
1.875763351563364267e-03
2.033470038441009820e-03
2.108156745089218107e-03
2.219941769726574594e-03
2.237595300539396530e-03
1.935368505655787885e-03
2.053751825587824160e-03
2.077698038192465901e-03
2.043339148804079655e-03
2.029537293128669435e-03
2.027767489198595459e-03
2.042254881234839732e-03
1.833902992075309157e-03
2.049432415515184229e-03
2.265024947701021855e-03
2.054336911533027801e-03
2.088826443650759583e-03
1.947256084531545682e-03
2.066131070023402572e-03
1.981595545657910407e-03
1.900652408949099481e-03
2.076839830260723916e-03
1.966273074503988201e-03
2.353696315549313849e-03
1.944599975831806616e-03
1.918425163603387860e-03
1.977817190345376817e-03
1.891164307016879233e-03
2.103314158739522186e-03
1.951296025072224395e-03
1.876108211581595155e-03
1.879155650385655463e-03
1.820289308670908169e-03
2.151003343169577246e-03
2.192856610054150397e-03
2.268481533974409103e-03
1.971755956765264186e-03
1.955084060318767938e-03
1.996644632890820590e-03
1.892325279186479747e-03
1.872578595066443129e-03
2.170892275171354240e-03
2.092550304951146245e-03
2.130691579077392903e-03
1.967065827921032992e-03
1.733790742582641455e-03
2.085641989833675151e-03
2.153406248544342729e-03
2.262358326697722164e-03
1.871572609525173989e-03
2.041719661792740399e-03
1.776292061549611390e-03
2.009904739679768682e-03
1.937497401377186092e-03
2.007075917208567435e-03
1.941829174757003741e-03
1.973592274589464155e-03
1.931462623178958849e-03
1.931154727935791102e-03
1.814781362190842542e-03
1.842384279007092032e-03
1.833624491700902494e-03
1.836032024584710598e-03
1.872573242872022179e-03
1.820701756514608860e-03
1.910525068524293602e-03
1.709210572880692823e-03
2.135812473716214212e-03
1.989005826180800709e-03
1.818038168130442413e-03
1.834800688084214969e-03
2.031715709017589775e-03
2.192044124240055507e-03
1.818668510532006708e-03
1.691532682161778168e-03
1.788042989210225555e-03
1.826547275413759053e-03
2.075088548008352345e-03
1.724583836039528207e-03
2.088729973183944995e-03
1.914534208481200039e-03
2.108956186566501769e-03
2.018685376970097596e-03
1.938749596592970149e-03
2.026205847505479964e-03
2.059843036113306793e-03
1.900456461589783343e-03
2.087942813523113641e-03
2.194606431294232520e-03
1.898387147230096248e-03
1.936717459466308442e-03
1.985433130175806755e-03
1.943722215946763667e-03
2.070829828153364187e-03
1.894830365199595733e-03
2.642393502173945481e-03
