1.000000000000000021e-03
9.999985694176191653e-04
9.999984848220301679e-04
9.999991705616992094e-04
9.999990556705373040e-04
9.999990100754963234e-04
9.999991048729387887e-04
9.999989935639359753e-04
9.999991992653580169e-04
9.999988320080358071e-04
9.999992466008910796e-04
9.999992049163932122e-04
9.999992513501200844e-04
9.999989032813735162e-04
9.999989952179651025e-04
9.999992891344495691e-04
9.999992941363414819e-04
9.999992705949326422e-04
9.999993083695635047e-04
9.999991739148296997e-04
9.999993581376552792e-04
9.999992199493388037e-04
9.999992904466512185e-04
9.999994023334444516e-04
9.999987247756509431e-04
9.999993832170062016e-04
9.999993939521017398e-04
9.999994509521908503e-04
9.999994125871388296e-04
9.999993656192617594e-04
9.999994148044593408e-04
9.999991753360624059e-04
9.999992012003373204e-04
9.999994583292743863e-04
9.999992018185368224e-04
9.999993742264767435e-04
9.999992424623951100e-04
9.999994005231245455e-04
9.999994532813518029e-04
9.999994507681058981e-04
9.999993649412752296e-04
9.999994361387593358e-04
9.999994549519137122e-04
9.999994022415895426e-04
9.999994215861233299e-04
9.999991922210412811e-04
9.999994047509949864e-04
9.999993972685350223e-04
9.999994482296833010e-04
9.999992707402486931e-04
9.999994176139326979e-04
9.999992550456910604e-04
9.999993602498946990e-04
9.999994948069596250e-04
9.999994525740076804e-04
9.999994283066380996e-04
9.999994216657326091e-04
9.999994588175068876e-04
9.999994333806376968e-04
9.999993981789851230e-04
9.999993587171956012e-04
9.999995190650401954e-04
9.999995377534924568e-04
9.999995021175867721e-04
9.999994508891223762e-04
9.999995208291229988e-04
9.999995474266117502e-04
9.999994572236444758e-04
9.999995635495404801e-04
9.999995254634261397e-04
9.999995653209808964e-04
9.999994606557007643e-04
9.999995233391490400e-04
9.999995524562316999e-04
9.999994199565973886e-04
9.999995490172284944e-04
9.999996026059812873e-04
9.999994549760914207e-04
9.999995369126364261e-04
9.999994988832759495e-04
9.999994908181711589e-04
9.999994050557479541e-04
9.999995269675807964e-04
9.999994868697345291e-04
9.999995199345545083e-04
9.999995263610366846e-04
9.999994240005864905e-04
9.999995829167839662e-04
9.999995086186097993e-04
9.999992210454145079e-04
9.999995587759876164e-04
9.999995568257757060e-04
9.999995087141548989e-04
9.999995775431408124e-04
9.999994231369747910e-04
9.999994672115993834e-04
9.999995010351882783e-04
9.999995072859694210e-04
9.999994828665758305e-04
9.999995792970917466e-04
9.999994355151633259e-04
9.999995031845633573e-04
9.999995851461569024e-04
9.999995301176018390e-04
9.999995413954246987e-04
9.999994221400849374e-04
9.999995002760086668e-04
9.999995607388823069e-04
9.999994626147107584e-04
9.999995537596274593e-04
9.999994162450361653e-04
9.999993920762665321e-04
9.999995367989456853e-04
9.999994748025784440e-04
9.999994964103185637e-04
9.999995996830622191e-04
9.999995024819055903e-04
9.999995255274920797e-04
9.999993489274523664e-04
9.999995312062199670e-04
9.999995585112924495e-04
9.999995329905545828e-04
9.999995699956699177e-04
9.999995867165200995e-04
9.999995727684525722e-04
9.999996171763572261e-04
9.999994628786318049e-04
9.999994764711254720e-04
9.999995241983649502e-04
9.999995048873616330e-04
9.999994557399506656e-04
9.999994875934650664e-04
9.999996094515949899e-04
9.999995123489595957e-04
9.999995707267036408e-04
9.999994939601324594e-04
9.999995506239870574e-04
9.999994945562023108e-04
9.999996090729714251e-04
9.999995883270401936e-04
9.999995800200041449e-04
9.999995263399741059e-04
9.999995935491307487e-04
9.999995360003965245e-04
9.999995936748413885e-04
9.999994915315269656e-04
9.999995256096325374e-04
9.999994822634059727e-04
9.999994245291285444e-04
9.999996086188180002e-04
9.999995759739971259e-04
9.999996396508755662e-04
9.999995510505857010e-04
9.999994948523796730e-04
9.999995181317949608e-04
9.999995752355134160e-04
9.999995636543041171e-04
9.999994608304231970e-04
9.999996017439035170e-04
9.999995293606216400e-04
9.999995185656878997e-04
9.999995333954325369e-04
9.999994988876914712e-04
9.999995326471667213e-04
9.999996047649194631e-04
9.999996232781139128e-04
9.999996158262755043e-04
9.999996101361509175e-04
9.999995777617517491e-04
9.999995682780722824e-04
9.999995452120952026e-04
9.999995549516043150e-04
9.999995259198568229e-04
9.999996098947778068e-04
9.999995311520360960e-04
9.999996305596939826e-04
9.999995395661245325e-04
9.999995521604056192e-04
9.999996246774247016e-04
9.999995755422574125e-04
9.999996398300035460e-04
9.999995820048036225e-04
9.999996540931083491e-04
9.999996344169268751e-04
9.999995480688660121e-04
9.999995948444216631e-04
9.999995751075697534e-04
9.999995704179213442e-04
9.999996123880104237e-04
9.999995191873397183e-04
9.999995395346453729e-04
9.999995934987864713e-04
9.999996041793438213e-04
9.999996670963927792e-04
9.999995966578467243e-04
9.999996082308338675e-04
9.999995386952037924e-04
9.999996114785653784e-04
9.999994639471501256e-04
9.999995711002123734e-04
9.999996250849344480e-04
9.999995612632840095e-04
9.999995646625080541e-04
9.999995745748708684e-04
9.999996340896745439e-04
9.999996527391787939e-04
9.999995918918743853e-04
9.999995613627818934e-04
9.999995136120124091e-04
9.999995058454979810e-04
9.999996303190848007e-04
9.999995837103531696e-04
9.999995739461019131e-04
9.999995879208913377e-04
9.999995934689156173e-04
9.999995941776156430e-04
9.999995883581025858e-04
9.999996680654832555e-04
9.999995854595758980e-04
9.999994936560189542e-04
9.999995834731288669e-04
9.999995693698862046e-04
9.999996257637692575e-04
9.999995786767539811e-04
9.999996124482306986e-04
9.999996434625988556e-04
9.999995742979983764e-04
9.999996184184617356e-04
9.999994532352330951e-04
9.999996267840089229e-04
9.999996367635541079e-04
9.999996139247297432e-04
9.999996470133997849e-04
9.999995633756292475e-04
9.999996242093149926e-04
9.999996526114788599e-04
9.999996514820079941e-04
9.999996729753159955e-04
9.999995433516949139e-04
9.999995254082929413e-04
9.999994921094075909e-04
9.999996162874419826e-04
9.999996227488601886e-04
9.999996065394101737e-04
9.999996465798748242e-04
9.999996539173680674e-04
9.999995348679939760e-04
9.999995678331035677e-04
9.999995519351665210e-04
9.999996181107109489e-04
9.999997033167268030e-04
9.999995706818918303e-04
9.999995423308732489e-04
9.999994948475577922e-04
9.999996542891128031e-04
9.999995885738347488e-04
9.999996885929431957e-04
9.999996012959599685e-04
9.999996295053431485e-04
9.999996024174749587e-04
9.999996278468193528e-04
9.999996155723978562e-04
9.999996318097289973e-04
9.999996319271062424e-04
9.999996749513854772e-04
9.999996649881761832e-04
9.999996681662921567e-04
9.999996672943307994e-04
9.999996539193465196e-04
9.999996728271023060e-04
9.999996397490171132e-04
9.999997116693275321e-04
9.999995497788247926e-04
9.999996095442710738e-04
9.999996737836745839e-04
9.999996677404396610e-04
9.999995925957423388e-04
9.999995257599142342e-04
9.999996735574267440e-04
9.999997176027319076e-04
9.999996844591348827e-04
9.999996707228968242e-04
9.999995750156367817e-04
9.999997064593000272e-04
9.999995694096616792e-04
9.999996382354940823e-04
9.999995610300445835e-04
9.999995978047277086e-04
9.999996290262908039e-04
9.999995948024456918e-04
9.999995812373493800e-04
9.999996435361094976e-04
9.999995697341453917e-04
9.999995246505763522e-04
9.999996443119589344e-04
9.999996298035692191e-04
9.999996109457014778e-04
9.999996271208599127e-04
9.999995767582437085e-04
9.999996456435309398e-04
