1.858498266446986097e-02
2.431511855684220878e-03
7.850457011954858465e-04
4.090098009328357875e-04
2.138947267667390298e-04
2.485417848220094822e-04
2.265103823447134237e-04
2.934595999249722592e-04
1.989200289244763662e-04
2.528365381294861653e-04
1.548019346955697875e-04
1.393225946230813969e-04
1.579792959091719348e-04
1.806051026505883837e-04
1.021170079184230363e-04
1.040835726598743404e-04
1.368362758512375931e-04
1.006265370961045792e-04
1.067725195753155249e-04
1.586373604368418509e-04
1.923880186950555017e-04
1.575843805767363046e-04
1.355159329250454903e-04
1.796298216504510438e-04
1.587180744536453912e-04
1.376997417537495385e-04
1.587359907716745456e-04
1.034822347719455192e-04
1.023750439344439683e-04
7.573062539449893209e-05
5.916521276958519457e-05
6.073772292438661815e-05
6.191042375576216456e-05
6.021195022185565768e-05
6.140648565633455291e-05
6.087888850743183595e-05
5.793075415567727488e-05
5.700645488104782999e-05
5.849150002177338912e-05
5.349356051738140834e-05
5.891590408282354610e-05
5.330464427970582890e-05
5.340703919500811161e-05
5.800100789201678844e-05
5.850292345712660016e-05
5.532050381589215520e-05
5.366390851122559844e-05
5.861162790097296102e-05
5.261595160845900090e-05
5.540618421946419132e-05
5.196124857320683077e-05
5.174482630536658960e-05
5.018882820877479660e-05
5.201374660828151080e-05
4.853847167396452278e-05
5.082907700852956894e-05
5.303412581270094961e-05
4.633098851627437533e-05
4.948400983266765523e-05
4.867655316047603536e-05
4.525994827417889474e-05
5.174588713998673619e-05
4.568532222037902102e-05
4.910522311547537995e-05
4.796473622263875130e-05
5.009911292290780964e-05
4.655495213228278133e-05
5.367458215914666924e-05
4.609456391335697845e-05
5.217736688791774349e-05
5.545889925997471572e-05
4.641165614884812520e-05
4.462181659619091350e-05
4.189888641121796993e-05
4.041337542730616677e-05
4.311561478971270573e-05
4.079965765413362533e-05
4.328962440922623365e-05
4.102705206605605510e-05
4.062176158186048540e-05
4.329284620325779271e-05
4.393439849081914872e-05
4.373191532067721574e-05
4.236735912854783237e-05
4.175497215328505127e-05
4.183975834166630832e-05
4.216900151732261293e-05
4.352903597464319590e-05
4.206988305668346719e-05
4.285030599930906008e-05
4.091233040526276454e-05
4.188095954305026680e-05
4.133853308303514224e-05
4.117086491532973285e-05
4.123292492295149578e-05
3.960381800425238772e-05
4.355244291218696027e-05
4.214489399601006880e-05
4.084142528881784528e-05
3.811433925875462863e-05
4.087155830347910659e-05
4.083697058376856148e-05
4.390998201415640962e-05
3.916681544069433585e-05
4.144184749748092416e-05
4.064821605425095457e-05
4.164302681601839411e-05
4.139126003792626123e-05
4.167460356256924841e-05
4.257291438989341123e-05
3.965921387134585259e-05
4.049440276503446783e-05
4.039676114189205827e-05
4.326029174990253252e-05
4.167099486949154972e-05
4.119457998967846195e-05
4.242103732394752753e-05
4.047142365379840931e-05
4.490873307076981562e-05
4.186912483419291811e-05
4.099068883078871295e-05
4.546253439912107113e-05
4.027220547868637639e-05
4.078217370988568562e-05
4.276988893252564865e-05
3.984367431257851693e-05
4.234967218508245423e-05
4.177672908554086326e-05
4.258033368387259543e-05
3.991870489699067819e-05
4.263330356479855254e-05
4.249734029144746912e-05
4.014096248283749446e-05
4.376580818643560633e-05
3.950008322135545042e-05
4.227721583447418971e-05
4.247199485689634728e-05
4.140034125157399239e-05
4.058398917550221086e-05
4.145442544540855763e-05
4.114557596039958569e-05
4.230531358189182627e-05
4.319336912885774062e-05
4.450387314136605710e-05
4.067862573720049113e-05
4.247383949405047907e-05
4.074904081790009785e-05
3.887918101099785553e-05
4.187484046269673854e-05
4.413832757563795759e-05
4.191404677840182287e-05
4.312581640988355638e-05
4.103596784261753512e-05
4.157539069638005458e-05
4.190267627564025772e-05
4.135511517233680934e-05
4.126531530346255749e-05
4.012594072264619036e-05
4.337684513302520053e-05
4.018718518636887758e-05
4.158005394856445220e-05
4.358881324151298031e-05
3.933695497835287689e-05
3.837758431473048675e-05
4.138318181503564255e-05
4.329587900429032607e-05
4.149226078880019757e-05
4.229540099913720313e-05
4.147989984630840170e-05
4.138891054026316716e-05
4.015910835732938857e-05
4.133521852054400234e-05
3.784390100918244842e-05
4.260486184648470953e-05
3.940073274861788106e-05
4.012763038190314817e-05
4.152999663347145814e-05
4.112245069336495633e-05
3.854219048662344129e-05
4.185262368991970880e-05
4.307293784222565591e-05
4.089323629159480062e-05
4.302705146983498572e-05
4.066790907018002918e-05
4.176934598945081370e-05
4.156413560849614306e-05
4.076634304510662603e-05
4.063977667101426050e-05
4.134764767513843118e-05
3.956221971748164059e-05
4.180652176728471843e-05
4.227213867125101388e-05
3.956806413043523343e-05
3.911712356057251143e-05
4.274780258128885180e-05
3.819462272076634419e-05
4.262654474587179856e-05
3.970154448325046998e-05
3.946459419239545512e-05
4.028491712233517048e-05
4.208308491797652367e-05
4.385830652609001845e-05
3.895551244568195990e-05
4.309283303882693872e-05
3.953906725655542958e-05
3.791228227782994780e-05
4.141512799833435294e-05
4.081722163391532105e-05
4.193015884084161642e-05
4.237279499648138610e-05
4.007338793599046767e-05
4.160308417340274629e-05
4.239135014358907802e-05
3.947768946090946110e-05
3.917562225979054618e-05
4.094005125807598098e-05
4.039102823298890415e-05
4.283989383111474900e-05
3.785228509514127062e-05
3.845011578960111229e-05
4.163054218224715713e-05
3.996001059931586225e-05
4.225007978675421327e-05
4.185487796348752454e-05
4.322444128774804723e-05
4.219952670609927465e-05
4.345338365965290131e-05
4.148323241679463400e-05
4.026711330880061452e-05
4.166165144852130014e-05
4.046914473292418095e-05
3.847327789117116346e-05
4.052473159390501814e-05
4.227384179102955522e-05
3.933181860702461428e-05
4.030355230497661842e-05
3.813122002611634982e-05
3.893798875651555000e-05
3.993264472228475186e-05
3.982627622463041645e-05
4.169271105638472499e-05
4.190333875158103454e-05
3.945379994547692788e-05
4.299462216295069084e-05
3.808999081229557943e-05
3.840537474388838881e-05
3.947561053792014447e-05
4.306481041567166996e-05
4.181914791843155263e-05
4.066067103849491240e-05
4.114002731512300535e-05
4.213255870126886564e-05
4.264836989023024352e-05
4.766372949234209684e-05
4.156999948463635248e-05
4.272388468962162733e-05
4.119445111427921802e-05
4.025491252832580222e-05
4.105089410586515306e-05
3.898911863871034895e-05
3.757013764698058638e-05
4.107899803784675896e-05
4.520841284829657660e-05
4.192290298306033676e-05
4.059099119331221756e-05
4.413115548231871934e-05
4.373698538984172046e-05
4.454682957657496580e-05
4.111277276024339060e-05
4.164590391155798124e-05
4.400544457894284278e-05
4.076800796610768613e-05
4.190059953543823077e-05
3.920191247743787379e-05
4.086686785740312053e-05
4.165700065641431273e-05
3.934355627279728787e-05
3.879821233567781882e-05
4.102209823031444103e-05
4.330006759118986976e-05
4.429549862834391844e-05
4.029061065011774054e-05
4.171541240793885663e-05
4.039583282064995593e-05
4.178276685706805438e-05
4.106899050384527208e-05
3.915691013389732689e-05
4.026049555250210688e-05
4.004705060651758415e-05
4.283820871933130683e-05
4.198425303911790116e-05
4.311273060011444749e-05
4.063177939315209961e-05
3.812940485659055412e-05
4.104537838429677960e-05
3.918751481251092899e-05
4.131028599658747864e-05
4.169076482867240245e-05
4.195090605207951739e-05
4.298899975765380213e-05
