5.058714956045150757e+00
1.436518467962741852e+00
8.724953420460224152e-01
6.901405379176139832e-01
6.150922495871782303e-01
5.629449114203453064e-01
5.636282302439212799e-01
5.241561438888311386e-01
5.216104444116353989e-01
4.102953951805830002e-01
4.044379815459251404e-01
3.385335467755794525e-01
3.049232922494411469e-01
2.834595292806625366e-01
2.592203505337238312e-01
2.447279607877135277e-01
2.527524661272764206e-01
2.989649195224046707e-01
2.422008132562041283e-01
2.143851323053240776e-01
2.588887503370642662e-01
2.451855828985571861e-01
2.186493994668126106e-01
2.237008092924952507e-01
2.017301721498370171e-01
2.220915555953979492e-01
2.191510982811450958e-01
2.508765654638409615e-01
2.586959088221192360e-01
2.224793052300810814e-01
2.440892010927200317e-01
2.167602572590112686e-01
1.842365153133869171e-01
1.958267670124769211e-01
1.994897173717617989e-01
2.050593188032507896e-01
1.833323487080633640e-01
1.805564705282449722e-01
1.803356702439486980e-01
1.819260586053133011e-01
1.876282664015889168e-01
3.037443375214934349e-01
3.038590699434280396e-01
2.114372933283448219e-01
1.763461362570524216e-01
2.220601849257946014e-01
1.666332790628075600e-01
1.656763879582285881e-01
1.835643947124481201e-01
1.727378903888165951e-01
1.659393357113003731e-01
1.942279003560543060e-01
1.539868409745395184e-01
1.772523354738950729e-01
1.899571181274950504e-01
1.902700057253241539e-01
1.673529683612287045e-01
1.765913199633359909e-01
1.539440872147679329e-01
1.689786957576870918e-01
1.643246179446578026e-01
1.674395799636840820e-01
1.719755828380584717e-01
1.678235419094562531e-01
1.513326950371265411e-01
1.571950428187847137e-01
1.595784234814345837e-01
1.753547885455191135e-01
1.738592553883790970e-01
1.631819512695074081e-01
1.953626032918691635e-01
1.688602692447602749e-01
1.973459227010607719e-01
1.866001291200518608e-01
1.584516605362296104e-01
1.563360919244587421e-01
1.743648378178477287e-01
1.631774413399398327e-01
1.550880176946520805e-01
1.456678528338670731e-01
1.627869643270969391e-01
1.734154429286718369e-01
1.728773894719779491e-01
1.882431204430758953e-01
1.884033540263772011e-01
1.745357001200318336e-01
1.675032684579491615e-01
1.532836081460118294e-01
1.846667304635047913e-01
1.526145702227950096e-01
1.458129351958632469e-01
1.521740392781794071e-01
1.719795195385813713e-01
1.586998226121068001e-01
1.721886293962597847e-01
1.839107908308506012e-01
1.734169172123074532e-01
1.676313038915395737e-01
1.444602427072823048e-01
1.517834858968853951e-01
1.523914239369332790e-01
1.633200235664844513e-01
1.739769349806010723e-01
1.896680556237697601e-01
1.487083719111979008e-01
1.707999585196375847e-01
1.446998552419245243e-01
1.453554807230830193e-01
1.514655984938144684e-01
1.380783026106655598e-01
1.583685618825256824e-01
1.635300992056727409e-01
1.636485098861157894e-01
1.590277156792581081e-01
2.074417583644390106e-01
1.919705718755722046e-01
1.365649658255279064e-01
1.494028074666857719e-01
1.340132849290966988e-01
1.584921637549996376e-01
1.635676794685423374e-01
1.367301028221845627e-01
1.654371833428740501e-01
1.619394998997449875e-01
1.631617955863475800e-01
1.798059577122330666e-01
1.483199805952608585e-01
1.588236074894666672e-01
1.499727787449955940e-01
1.557610277086496353e-01
1.681394395418465137e-01
1.461514504626393318e-01
1.510336385108530521e-01
1.720298342406749725e-01
1.601944672875106335e-01
1.785595361143350601e-01
1.406337837688624859e-01
1.640237034298479557e-01
1.576790455728769302e-01
1.438267887569963932e-01
1.556281931698322296e-01
1.680166963487863541e-01
1.383846523240208626e-01
1.497571007348597050e-01
1.508031408302485943e-01
1.441609156318008900e-01
1.496005668304860592e-01
1.307548331096768379e-01
1.306561711244285107e-01
1.269380869343876839e-01
1.200525327585637569e-01
1.312980377115309238e-01
1.711637363769114017e-01
1.827373662963509560e-01
1.736845946870744228e-01
1.585537865757942200e-01
1.524722576141357422e-01
1.486806385219097137e-01
1.423040772788226604e-01
1.397002339363098145e-01
1.305457665584981441e-01
1.318606757558882236e-01
1.395750492811203003e-01
1.402755286544561386e-01
1.445288360118865967e-01
1.439861813560128212e-01
1.360289459116756916e-01
1.250228695571422577e-01
1.444115331396460533e-01
1.357551780529320240e-01
1.414812449365854263e-01
1.542299389839172363e-01
1.821250030770897865e-01
2.013767370954155922e-01
1.889012539759278297e-01
1.634396854788064957e-01
1.401266856119036674e-01
1.283093197271227837e-01
1.486330064944922924e-01
1.311389307957142591e-01
1.272949264384806156e-01
1.279067294672131538e-01
1.296123699285089970e-01
1.338446433655917645e-01
1.398955364711582661e-01
1.417254358530044556e-01
1.679151132702827454e-01
1.739835892803966999e-01
1.910558696836233139e-01
1.579315168783068657e-01
1.551113948225975037e-01
1.498065935447812080e-01
1.501238052733242512e-01
1.469724015332758427e-01
1.432832092978060246e-01
1.334744910709559917e-01
1.258807354606688023e-01
1.380637334659695625e-01
1.454312773421406746e-01
1.430935747921466827e-01
1.228895157109946012e-01
1.226136921904981136e-01
1.397738163359463215e-01
1.426689885556697845e-01
1.358410515822470188e-01
1.949784704484045506e-01
2.133419369347393513e-01
2.466036779806017876e-01
1.521530258469283581e-01
1.487337858416140079e-01
1.246129660867154598e-01
1.310830777511000633e-01
1.287033078260719776e-01
1.299129636026918888e-01
1.549669327214360237e-01
1.501277228817343712e-01
1.731338906101882458e-01
1.500747143290936947e-01
1.437563910149037838e-01
1.423787595704197884e-01
1.196044227108359337e-01
1.355973114259541035e-01
1.308508105576038361e-01
1.441490706056356430e-01
1.508060097694396973e-01
1.363409543409943581e-01
1.309129712171852589e-01
1.265809135511517525e-01
1.228177184239029884e-01
1.293993652798235416e-01
1.368513042107224464e-01
1.730594150722026825e-01
1.597057748585939407e-01
1.536931791342794895e-01
1.377608822658658028e-01
1.356815379112958908e-01
1.479032177012413740e-01
1.273185359314084053e-01
1.280609625391662121e-01
1.338256821036338806e-01
1.418110183440148830e-01
1.549605438485741615e-01
1.792395072989165783e-01
1.236298540607094765e-01
1.300156787037849426e-01
1.274718586355447769e-01
1.124979392625391483e-01
1.205042456276714802e-01
1.140661505050957203e-01
1.181255080737173557e-01
1.232308773323893547e-01
1.565834018401801586e-01
1.353228599764406681e-01
1.270719273015856743e-01
1.452487418428063393e-01
1.303291860967874527e-01
1.498593967407941818e-01
1.319951470941305161e-01
1.256911451928317547e-01
1.474386411719024181e-01
1.481093787588179111e-01
1.273081600666046143e-01
1.191586898639798164e-01
1.553401565179228783e-01
1.416199188679456711e-01
1.480421223677694798e-01
1.269334405660629272e-01
1.206193440593779087e-01
1.422901265323162079e-01
1.481381920166313648e-01
1.347716799937188625e-01
1.535607422702014446e-01
1.311663086526095867e-01
1.194401844404637814e-01
1.310396227054297924e-01
1.180517328903079033e-01
1.270467457361519337e-01
1.280186604708433151e-01
1.179315801709890366e-01
1.185114188119769096e-01
1.297156396321952343e-01
1.255020885728299618e-01
1.207956089638173580e-01
1.317743412218987942e-01
1.356647652573883533e-01
1.853856220841407776e-01
1.633650250732898712e-01
1.674234806559979916e-01
1.265228574629873037e-01
1.292834244668483734e-01
1.259851013310253620e-01
1.208785329945385456e-01
1.180896409787237644e-01
1.344161522574722767e-01
1.247953949496150017e-01
1.236689677461981773e-01
1.226400560699403286e-01
1.182983159087598324e-01
1.070644524879753590e-01
1.274337875656783581e-01
