9.591428446583449841e-02
3.756739117670804262e-02
2.662532206159085035e-02
2.310704789124429226e-02
2.058659377507865429e-02
2.008200099226087332e-02
2.138556702993810177e-02
2.153432555496692657e-02
1.975128310732543468e-02
2.057371928822249174e-02
2.025985607178881764e-02
1.905835978686809540e-02
1.872729556635022163e-02
1.825632108375430107e-02
1.864261343143880367e-02
1.992858166340738535e-02
1.906780834542587399e-02
2.054173225769773126e-02
1.998184889089316130e-02
1.888913579750806093e-02
1.796252577332779765e-02
1.811576914042234421e-02
1.969468733295798302e-02
1.870168169261887670e-02
1.863368990598246455e-02
1.713518286123871803e-02
1.604282256448641419e-02
2.257743128575384617e-02
1.792096439749002457e-02
1.862831029575318098e-02
2.047873020637780428e-02
2.020354592241346836e-02
1.858451450243592262e-02
1.953209459315985441e-02
1.804166781948879361e-02
1.703112566610798240e-02
1.849314686842262745e-02
1.893149747047573328e-02
1.735484460368752480e-02
1.690583600429818034e-02
1.756763824960216880e-02
1.662908133585005999e-02
1.794378279009833932e-02
2.215951029211282730e-02
1.868749840650707483e-02
1.904534688219428062e-02
1.661552581936120987e-02
1.697481703013181686e-02
1.596457208506762981e-02
1.792959787417203188e-02
1.897798565914854407e-02
2.104696677997708321e-02
1.811905985232442617e-02
1.876244391314685345e-02
1.864111260510981083e-02
1.760720420861616731e-02
1.910628715995699167e-02
1.937974104657769203e-02
1.916389213874936104e-02
1.872374152299016714e-02
1.929314038716256618e-02
1.809552084887400270e-02
1.679904852062463760e-02
1.772997732041403651e-02
1.773000229150056839e-02
1.979000191204249859e-02
1.948538236320018768e-02
1.840410858858376741e-02
1.858078723307698965e-02
1.815540436655282974e-02
1.833175227511674166e-02
1.937846688088029623e-02
1.914539618883281946e-02
1.756678544916212559e-02
1.761074631940573454e-02
1.746755960630252957e-02
1.626003463752567768e-02
1.798555615823715925e-02
1.776824594708159566e-02
1.697632024297490716e-02
1.943475363077595830e-02
2.022253128234297037e-02
1.834035944193601608e-02
1.847657392499968410e-02
1.777615601895377040e-02
1.817370159551501274e-02
1.972615648992359638e-02
1.820191380102187395e-02
1.877684291685000062e-02
1.851034793071448803e-02
1.734329381724819541e-02
1.734878343995660543e-02
1.632088131736963987e-02
1.907864748500287533e-02
1.874925871379673481e-02
1.814616954652592540e-02
1.613249571528285742e-02
1.709656551247462630e-02
2.323763683671131730e-02
2.364213997498154640e-02
1.925914501771330833e-02
2.047766884788870811e-02
1.827412878628820181e-02
1.824979810044169426e-02
1.844735210761427879e-02
1.840472052572295070e-02
1.739546237513422966e-02
1.784485462121665478e-02
1.735159597592428327e-02
1.727460487745702267e-02
1.947265735361725092e-02
1.856692967703565955e-02
1.816443382995203137e-02
1.725161552894860506e-02
1.948348945006728172e-02
2.071966358926147223e-02
1.914591953391209245e-02
1.837804785463958979e-02
1.922224927693605423e-02
1.961550908163189888e-02
1.827551028691232204e-02
1.776407036231830716e-02
1.786496501881629229e-02
1.629255659645423293e-02
1.695550838485360146e-02
1.722484151832759380e-02
1.660498959245160222e-02
1.787909556878730655e-02
1.858498249202966690e-02
1.992220740066841245e-02
1.873737992718815804e-02
1.942413393408060074e-02
1.818188151810318232e-02
1.844567619264125824e-02
1.519409555476158857e-02
1.875855762045830488e-02
1.899407070595771074e-02
1.850776281207799911e-02
1.916629099287092686e-02
1.736347185214981437e-02
1.866469974629580975e-02
1.594365388154983521e-02
1.610165904276072979e-02
1.698087714612483978e-02
1.717057591304183006e-02
1.613056735368445516e-02
1.822931179776787758e-02
1.815663103479892015e-02
1.618169184075668454e-02
1.711597386747598648e-02
1.639970811083912849e-02
1.770773745374754071e-02
1.759583823150023818e-02
1.742380019277334213e-02
1.785941392881795764e-02
1.801423204597085714e-02
1.731139345793053508e-02
1.783824595622718334e-02
1.664808351779356599e-02
1.842640200629830360e-02
1.714489981532096863e-02
1.753806194756180048e-02
1.839104783721268177e-02
1.779795100446790457e-02
1.722853659885004163e-02
1.675790955778211355e-02
1.778703258605673909e-02
1.694633526494726539e-02
1.709032792132347822e-02
1.948194258147850633e-02
1.764680404448881745e-02
1.851624628761783242e-02
1.938677043654024601e-02
2.038792928215116262e-02
1.872862683376297355e-02
1.741783239413052797e-02
1.877105107996612787e-02
1.915440434822812676e-02
1.767780678346753120e-02
1.795356418006122112e-02
1.795995875727385283e-02
1.848723919829353690e-02
1.728213281603530049e-02
1.712253468576818705e-02
1.631795859429985285e-02
1.619687984930351377e-02
1.592168293427675962e-02
1.606193149928003550e-02
1.869956118753179908e-02
1.676792546641081572e-02
1.865202630870044231e-02
1.773980091093108058e-02
1.634674158412963152e-02
1.776068634353578091e-02
1.775061577791348100e-02
1.740120019530877471e-02
1.838862797012552619e-02
1.761517795966938138e-02
1.746090949745848775e-02
1.833715348038822412e-02
1.766737084835767746e-02
1.830655458616092801e-02
1.611397281521931291e-02
1.663300261134281754e-02
1.743872335646301508e-02
1.720141846453770995e-02
1.840273465495556593e-02
1.760441559599712491e-02
1.706838532118126750e-02
1.750087545951828361e-02
1.810637512244284153e-02
1.635109365452080965e-02
1.646221202099695802e-02
1.818993058986961842e-02
1.660633424762636423e-02
1.840037095826119184e-02
1.691428932826966047e-02
1.652305736206471920e-02
1.683388941455632448e-02
1.628648606128990650e-02
1.690719457110390067e-02
1.728019339498132467e-02
1.587199169443920255e-02
1.796182303223758936e-02
1.794705493375658989e-02
2.151142340153455734e-02
1.893074915278702974e-02
1.669248996768146753e-02
1.676444429904222488e-02
1.825918286340311170e-02
1.683026592945680022e-02
1.565036474494263530e-02
1.671298418659716845e-02
1.847787771839648485e-02
1.687893574126064777e-02
1.802929304540157318e-02
1.933562534395605326e-02
1.793943857774138451e-02
1.920549094211310148e-02
1.670991367427632213e-02
1.839683181606233120e-02
1.790757058188319206e-02
1.860198966460302472e-02
2.031844644807279110e-02
1.980364334303885698e-02
1.689418603200465441e-02
1.793463155627250671e-02
1.727125520119443536e-02
1.641000312520191073e-02
1.707989035639911890e-02
1.747284585144370794e-02
1.773283991497009993e-02
1.704600080847740173e-02
1.807631918927654624e-02
1.710440247552469373e-02
1.940530212596058846e-02
1.951301249209791422e-02
1.809058547951281071e-02
1.763944898266345263e-02
1.815545302815735340e-02
1.873323548352345824e-02
1.589675142895430326e-02
1.836420234758406878e-02
1.893573097186163068e-02
1.646656781667843461e-02
1.756246271543204784e-02
1.737307768780738115e-02
1.540788862621411681e-02
1.799018238671123981e-02
1.720005768584087491e-02
1.820497424341738224e-02
1.904537569498643279e-02
1.786231616279110312e-02
1.774046529317274690e-02
1.655935670714825392e-02
1.692276110406965017e-02
1.843161322176456451e-02
2.070542401634156704e-02
1.784951781155541539e-02
1.814808032941073179e-02
1.720644411398097873e-02
2.004311064956709743e-02
1.876017637550830841e-02
1.740658469498157501e-02
1.828096772078424692e-02
1.762536703608930111e-02
1.737643411615863442e-02
1.816726749530062079e-02
1.697018038248643279e-02
1.685333112254738808e-02
1.570858509512618184e-02
1.704969594720751047e-02
1.639387692557647824e-02
1.772563031408935785e-02
1.729968970175832510e-02
1.709292846499010921e-02
1.696990802884101868e-02
1.653976767556741834e-02
1.666347478749230504e-02
1.788668439257889986e-02
