3.606528614958127293e-02
1.842792524645725863e-02
1.716162419567505634e-02
1.473392434418201516e-02
1.524395477026701043e-02
1.503265655289093630e-02
1.525124137600262879e-02
1.513912814358870165e-02
1.337825575222571610e-02
1.482372451573610306e-02
1.451029150436321941e-02
1.329578322668870279e-02
1.306314871956904683e-02
1.351721168806155511e-02
1.522411623348792452e-02
1.472962150971094709e-02
1.347399254639943499e-02
1.382919307798147202e-02
1.643142284204562528e-02
1.306563522666692734e-02
1.398977134376764263e-02
1.558470738430817876e-02
1.546235562612613065e-02
1.420936069140831676e-02
1.363526595135529894e-02
1.353077515959739616e-02
1.639095327506462710e-02
1.386695380012194397e-02
1.304822123299042430e-02
1.385065534462531431e-02
1.380376648157835041e-02
1.505707049121459383e-02
1.252061836421489681e-02
1.448002147177855116e-02
1.361948121339082683e-02
1.508628521114587819e-02
1.461546445886294059e-02
1.451322709520657880e-02
1.419107367595036882e-02
1.370686137427886385e-02
1.505161728709936142e-02
1.358458840598662613e-02
1.306451509396235229e-02
1.210196334868669440e-02
1.333928263435761076e-02
1.354345586150884628e-02
1.312847305089235271e-02
1.447558583070834501e-02
1.507790579150120394e-02
1.381112032880385705e-02
1.386027832825978585e-02
1.432189612338940349e-02
1.282909344881772926e-02
1.406828556209802593e-02
1.409180064996083497e-02
1.309608966112136771e-02
1.357161446164051669e-02
1.339695962766806331e-02
1.312992280970017196e-02
1.400755743185679199e-02
1.375260247538487128e-02
1.350558586418628727e-02
1.343271688868602140e-02
1.424575801938772132e-02
1.303918088475863185e-02
1.288344655185937916e-02
1.417948522915442842e-02
1.597736577192942348e-02
1.345326515535513572e-02
1.482128985226154397e-02
1.414961802462736708e-02
1.261235227187474522e-02
1.284312804539998291e-02
1.404425967484712601e-02
1.366455641885598420e-02
1.391835920512676274e-02
1.297493341068426710e-02
1.404681336134672165e-02
1.338165259609619753e-02
1.372960247099399601e-02
1.336031015962362359e-02
1.326799063632885627e-02
1.340930151442686763e-02
1.395343802869319916e-02
1.358734977742036103e-02
1.423851704845825912e-02
1.328511902441581113e-02
1.391409182300170320e-02
1.309837972124417577e-02
1.308928218980630158e-02
1.278318719317515610e-02
1.436879454801479918e-02
1.413889856388171433e-02
1.338949725031852653e-02
1.339019599060217551e-02
1.328036425014336892e-02
1.450373406211535182e-02
1.270245636502901655e-02
1.322369327147801706e-02
1.287733620653549842e-02
1.368473321199417149e-02
1.439956991622845343e-02
1.308382103840510097e-02
1.452405018111069951e-02
1.322824892898400578e-02
1.347013066212336165e-02
1.286237444728612934e-02
1.205328622212012597e-02
1.191870085895061458e-02
1.330189742147922481e-02
1.370373088866472244e-02
1.434377642969290358e-02
1.324939789871374708e-02
1.313685445735851900e-02
1.275412092606226580e-02
1.344359684735536506e-02
1.350655052810907295e-02
1.287408260007699354e-02
1.344435674448807988e-02
1.198780008902152437e-02
1.264773998409509694e-02
1.259129469593365906e-02
1.376159004867076943e-02
1.285979071011145863e-02
1.326091717928648030e-02
1.380635971824328151e-02
1.419148029138644559e-02
1.249138557662566457e-02
1.287886084367831536e-02
1.321250845988591535e-02
1.322343312203884055e-02
1.298360135406255791e-02
1.441515597204367366e-02
1.317249157776435170e-02
1.256042433281739576e-02
1.275653876364231040e-02
1.198595787088076355e-02
1.286215304086605650e-02
1.195911783725023270e-02
1.272066341092189211e-02
1.246539248774449112e-02
1.249159214397271497e-02
1.303078178316354786e-02
1.343527572850386313e-02
1.244101362923781019e-02
1.387971298148234743e-02
1.414824364085992200e-02
1.426834550996621508e-02
1.367291224499543427e-02
1.333448564012845380e-02
1.276662436624368020e-02
1.358868293464183738e-02
1.588950498650471346e-02
1.406374319146076919e-02
1.289210698256889991e-02
1.329625907043615989e-02
1.259435328344504085e-02
1.312459539622068405e-02
1.175445864597956386e-02
1.324817072600126266e-02
1.234327939649423021e-02
1.286567008743683474e-02
1.538192654649416652e-02
1.440135184675455163e-02
1.302808684607346772e-02
1.264553392926851851e-02
1.296133076151212080e-02
1.235428241391976593e-02
1.310656977196534428e-02
1.352137867361307214e-02
1.202944094936053004e-02
1.189046967774629558e-02
1.166119879732529369e-02
1.278689081470171622e-02
1.343648762752612351e-02
1.391571555286645959e-02
1.413628539691368785e-02
1.318937446922063828e-02
1.252864673733711243e-02
1.411641140778859514e-02
1.295036387940247911e-02
1.299681160598993232e-02
1.277517254153887408e-02
1.227708564450343508e-02
1.342114501943190812e-02
1.245279933015505484e-02
1.299645180503527370e-02
1.250022953997055770e-02
1.202374616016944203e-02
1.216529011726379464e-02
1.265226292113463130e-02
1.327840605129798277e-02
1.244190608461697919e-02
1.316203152139981507e-02
1.344262553999821426e-02
1.275150813162326778e-02
1.214538874725500789e-02
1.250920630991458893e-02
1.216225828975439106e-02
1.301453765481710469e-02
1.319070607423782418e-02
1.282412738849719389e-02
1.244909527401129486e-02
1.271677662928899152e-02
1.341984514147043228e-02
1.353652818749348334e-02
1.334591352691253015e-02
1.475908414771159513e-02
1.321837753057479928e-02
1.293335792919000048e-02
1.267893444746732642e-02
1.358987328906854052e-02
1.325084306299686467e-02
1.214228595296541931e-02
1.184181316445271151e-02
1.156558462729056699e-02
1.363903942207495348e-02
1.275509415815273898e-02
1.204296089708805154e-02
1.345980893820524285e-02
1.311125773936510155e-02
1.307347888747851031e-02
1.418380904942750931e-02
1.236612473924954790e-02
1.191511557747920377e-02
1.212683549771706275e-02
1.232349934677282911e-02
1.228747734179099459e-02
1.207490364710489886e-02
1.183235365897417068e-02
1.305261024584372827e-02
1.273951834688583952e-02
1.281093241026004179e-02
1.284184499333302157e-02
1.206131714085737806e-02
1.212173085659742390e-02
1.209259567161401032e-02
1.275075506418943405e-02
1.264160958429177625e-02
1.308982875198125805e-02
1.374728195369243587e-02
1.344352439045906102e-02
1.279166260113318715e-02
1.238376448551813808e-02
1.297828486810127975e-02
1.234854112068812029e-02
1.279218712200721163e-02
1.265970033903916596e-02
1.279171469310919421e-02
1.326163212458292620e-02
1.323851874719063522e-02
1.214917128284772295e-02
1.295927849908669847e-02
1.364332729329665456e-02
1.311142587413390535e-02
1.216326144834359475e-02
1.228914055973291328e-02
1.260222122073173523e-02
1.243498170127471311e-02
1.201079854120810746e-02
1.225131731480360101e-02
1.239216979593038559e-02
1.232421851406494823e-02
1.187282397101322752e-02
1.249540342638890029e-02
1.285969590147336382e-02
1.194537151604890823e-02
1.187391163160403558e-02
1.169965155422687461e-02
1.210378327717383760e-02
1.378669229646523747e-02
1.228532101958990097e-02
1.236607916653156315e-02
1.192293011893828629e-02
1.219362486153841019e-02
1.318624274184306520e-02
1.344823098431030886e-02
1.238551009446382453e-02
1.198320450882117000e-02
1.242996348688999754e-02
1.275023650377988746e-02
1.262842025607824326e-02
1.326611936092376640e-02
1.237744105358918462e-02
1.413111264506975752e-02
1.197926029562950204e-02
1.217233178516228913e-02
1.271166391670703819e-02
1.139489989727735485e-02
1.126663448909918409e-02
1.226170298953851122e-02
1.275119284788767474e-02
1.235636280228694268e-02
1.219088031599918978e-02
1.177460079391797441e-02
1.293919552117586171e-02
1.358598507940769230e-02
1.384131411711374965e-02
1.288805541892846379e-02
1.320849868158499411e-02
