1.422170984248320169e-01
1.079586630066235869e-01
9.661106566588083255e-02
7.995832872887452536e-02
8.381849154829978943e-02
7.544568131367365704e-02
7.309651436905066635e-02
7.182471305131912787e-02
7.512342905004819327e-02
8.522175202767054425e-02
7.521771664420763559e-02
7.807627543807030279e-02
6.955556347966193598e-02
7.116408546765645715e-02
7.304057379563649866e-02
7.915561919411023828e-02
8.034032483895620080e-02
8.047864784797033322e-02
6.372628882527350824e-02
6.573644404609997605e-02
7.912174016237258356e-02
7.090888532499471653e-02
6.395242164532342899e-02
6.592710440357525681e-02
6.774898121754328872e-02
7.994160776336987906e-02
6.813420280814171115e-02
7.120667323470115939e-02
6.508448099096615647e-02
6.700736135244370062e-02
7.004166369636853628e-02
8.028502464294433316e-02
7.335659513870874948e-02
6.315148274103800363e-02
6.736869042118390216e-02
6.478410487373670312e-02
7.287252843379973810e-02
6.629536201556524011e-02
7.931365221738814753e-02
6.553240492939949036e-02
7.276789719859759475e-02
7.661949967344601486e-02
7.125906062622865134e-02
7.461375271280606958e-02
9.078154042363166532e-02
7.231970379749934341e-02
6.457409250239530552e-02
7.205598404010137015e-02
6.955308169126510343e-02
6.865465044975280207e-02
6.728871986269950589e-02
6.620938728253046579e-02
7.181384836633999957e-02
5.503597855567932129e-02
6.509095256527265561e-02
6.361794198552767066e-02
6.022101839383443150e-02
5.750782017906506949e-02
6.350277401506901342e-02
5.881048962473869185e-02
5.944680236279964447e-02
6.532897949218749445e-02
5.695190951228142062e-02
6.465075649321079532e-02
6.426443805297216150e-02
6.145373719433943477e-02
6.233557562033335137e-02
6.430899848540623520e-02
6.553347657124201919e-02
6.607521797219911841e-02
6.817766552170118066e-02
6.555624976754188815e-02
5.752569908897082335e-02
6.023917223016420769e-02
6.383393580714862015e-02
6.028771623969077925e-02
6.776817043622335168e-02
6.495518833398819525e-02
6.468305538098016727e-02
6.716219596564769467e-02
6.051292382180691043e-02
5.464471007386843132e-02
6.522779489556948529e-02
6.394775236646334238e-02
6.197213207681973729e-02
6.722616925835608881e-02
5.997603150705496655e-02
6.248899201552073068e-02
5.500656093160311705e-02
5.545469845334689146e-02
5.688805232445399290e-02
5.652760987480481142e-02
6.357497498393058222e-02
6.303482378522555496e-02
5.932612704734007564e-02
6.194378758470217572e-02
5.621284916996956149e-02
5.845639941593010896e-02
5.506561373670895709e-02
5.437273134787877493e-02
6.221325074632962776e-02
7.093727762500444400e-02
6.925300012032191421e-02
5.919703816374143057e-02
6.008930864433447566e-02
5.823362333079178804e-02
5.450137592852115354e-02
5.534917116165161133e-02
5.664159593482812061e-02
5.992112023135025972e-02
6.037831182281176018e-02
6.200744211673736572e-02
5.832178468505541669e-02
5.775283873081207137e-02
6.237726596494515968e-02
5.014321245253085951e-02
5.778112212816874371e-02
5.263451971113682071e-02
5.875478883584340367e-02
6.522273768981297348e-02
6.926123028000195914e-02
5.692661081751187319e-02
5.973791902263959203e-02
6.136872073014577184e-02
6.076878681778907776e-02
6.587108646829922809e-02
6.557683746019998816e-02
5.770939948658148494e-02
6.107483108838399066e-02
6.393859212597211017e-02
6.881899312138557712e-02
6.641691053907076980e-02
6.428086447219054367e-02
6.844958588480949679e-02
7.151291171709696359e-02
6.595829005042712356e-02
5.516434982419014116e-02
5.579241129259268628e-02
6.145482299228509360e-02
5.304208745559056692e-02
6.045529867211977409e-02
7.194425736864408505e-02
5.949216981728871340e-02
5.810992792248725891e-02
5.842131040990352492e-02
6.418051222960154123e-02
6.206523378690084053e-02
5.489882454276084900e-02
5.862713878353436464e-02
5.918702532847722186e-02
6.275243709484736032e-02
5.674329077204068317e-02
5.499097680052121573e-02
5.988295475641886717e-02
6.315043891469637738e-02
6.584884052475294125e-02
5.702889040112495145e-02
5.845577443639437404e-02
6.467660404741763791e-02
6.552684679627418518e-02
6.294183259208997738e-02
6.378776133060455600e-02
5.791494511067867001e-02
5.300476228197415623e-02
5.829024252792199684e-02
6.209334147473176413e-02
5.282391061385472569e-02
5.842904696861903058e-02
6.624883761008580618e-02
6.127512082457542419e-02
6.067195000747839517e-02
5.600097055236498422e-02
6.989769587914149152e-02
6.524682554105917798e-02
5.281358299156029695e-02
7.145161256194114408e-02
6.357020388046900894e-02
5.657200962305068692e-02
5.607055400808651918e-02
5.593774318695068221e-02
5.305166679124037610e-02
5.160067267715930800e-02
6.344069701929887228e-02
5.352532068888346539e-02
6.775186633070309772e-02
6.184627289573351588e-02
5.848287766178449087e-02
5.649840310215949873e-02
6.364022592703501291e-02
6.165967086950938092e-02
5.660963617265224457e-02
5.035495286186535829e-02
5.441078667839368416e-02
5.293910466134547910e-02
5.727755501866340498e-02
5.846787455181280679e-02
6.338494569063186923e-02
5.674613565206527988e-02
5.464542768895626346e-02
6.192603558301925520e-02
5.562261069814364300e-02
5.873300954699516019e-02
6.532384554545084265e-02
6.345045566558837891e-02
5.433961339294910570e-02
5.311920903623103957e-02
5.351890511810779294e-02
5.598523132503032546e-02
5.270149273176987642e-02
6.168173799912134853e-02
5.491850997010867125e-02
6.604003285368283127e-02
5.215224772691726823e-02
5.378285100062688007e-02
4.906680285930633406e-02
6.377899957199890946e-02
5.271879136562347690e-02
5.595888445774713921e-02
6.454247037569681156e-02
5.566545675198237425e-02
6.152314692735671997e-02
6.082685838143030849e-02
6.115210279822349410e-02
5.684446295102437569e-02
5.834361538290977478e-02
6.328168486555417471e-02
5.882485657930373868e-02
5.911878881355126653e-02
6.030164112647374425e-02
5.339656633635361804e-02
4.871862183014551845e-02
6.095629235108693256e-02
5.811100465555985722e-02
4.744506267209847722e-02
5.487049346168836050e-02
5.906038731336593628e-02
5.388616013030211177e-02
5.907942603031793999e-02
5.385156050324439725e-02
6.004016300042470250e-02
5.527133705715338297e-02
5.757978186011314392e-02
5.652513479193051887e-02
6.159416673084099764e-02
6.852926512559255612e-02
5.766592398285865645e-02
5.377598628401756425e-02
5.181274376809597015e-02
5.105281012753645764e-02
6.248679608106613020e-02
5.911131377021471706e-02
6.376757423082987652e-02
6.748379866282144812e-02
5.949255712330341062e-02
6.392950639128684720e-02
5.889476301769415445e-02
6.048511986931164736e-02
5.730950062473615103e-02
6.805798262357712347e-02
6.262194539109865177e-02
5.194061311582724022e-02
4.987773994604746686e-02
5.772084953884283609e-02
6.104246055086453432e-02
6.450907265146572922e-02
5.718724603454271999e-02
5.882981804509957585e-02
5.959092155098914823e-02
6.188482393821080618e-02
5.454792405168215619e-02
5.514088012278080264e-02
5.502095359067122465e-02
6.134753748774528226e-02
4.866576281686623567e-02
5.692660311857859062e-02
5.110441843668619977e-02
6.464204241832097186e-02
6.903884311517079209e-02
6.636748661597570431e-02
6.458999365568160456e-02
5.751907676458358626e-02
5.939786632855733467e-02
5.624328963458537917e-02
5.754541357358296944e-02
5.331616972883542610e-02
5.366750570635001050e-02
5.872552221020062996e-02
5.545054525136947771e-02
5.845347667733827995e-02
6.095151839156945361e-02
5.001009243230025020e-02
6.594992453853289194e-02
5.671031599243481908e-02
5.495859247942765785e-02
5.009613595902919631e-02
5.202243539194265770e-02
5.455653145909309526e-02
5.398012474179268022e-02
5.795480310916900635e-02
5.518443994224071780e-02
