2.207552086717138890e-03
1.127431347655753280e-03
7.774843213458856091e-04
7.827564550098031759e-04
6.463961636958022840e-04
7.603518975277741461e-04
6.377903899798790686e-04
7.497228449210524776e-04
7.020972901955246709e-04
8.165732181320587649e-04
7.529284533423682415e-04
7.440744064903507702e-04
7.545937298952291265e-04
7.589587068650871949e-04
8.028650772757828236e-04
9.014369454234838919e-04
8.778703476612766078e-04
6.912712201786537676e-04
6.081396345204363556e-04
7.419848911619435043e-04
7.706410212752719865e-04
7.885057634363572092e-04
8.128479666387040904e-04
7.178266416303813891e-04
7.544523803517221971e-04
7.407010067254305103e-04
6.782998874162634575e-04
6.494943838333711462e-04
7.216810617440690091e-04
6.558833119925111532e-04
7.530360521438221426e-04
7.918460391617069931e-04
6.137555174063891172e-04
7.694370346143841527e-04
7.299318191750595606e-04
5.909588692399362578e-04
6.367021705955266953e-04
6.417217722628265402e-04
6.912540314563860857e-04
6.771880260203033252e-04
5.959957547020166896e-04
5.777133269778762965e-04
6.658174058732887254e-04
6.193170847836881876e-04
6.219824271587033561e-04
7.176758837886155085e-04
9.359163348563015027e-04
1.032037986442446795e-03
7.932773364397386999e-04
7.920176877329747388e-04
6.952226957461486332e-04
8.099828924362857847e-04
7.414733855209003398e-04
7.368281677675743825e-04
7.656157482415437915e-04
6.027099307781706760e-04
6.794938856425384536e-04
6.536812637932598374e-04
8.654541297194857886e-04
1.042857905849814328e-03
6.567989068571478562e-04
7.535745253941665599e-04
5.896239813106755705e-04
6.017481209710240364e-04
7.026592453864092267e-04
5.636176210828125477e-04
6.044417173446466236e-04
5.435510674336303761e-04
7.007198602271576650e-04
7.803321195145447543e-04
7.389955998708803942e-04
9.225436059447626345e-04
8.019139136498172789e-04
7.409933450010915091e-04
5.778420561303695187e-04
6.273025025924046979e-04
7.324947684537619786e-04
7.086836073237160480e-04
7.737215259112417481e-04
8.200327671753863132e-04
6.934849525957058379e-04
6.635578911906729648e-04
5.895288602914660735e-04
6.433113381111373215e-04
6.002728963115563357e-04
6.109489554849763422e-04
6.797449643878886952e-04
6.386401325774689660e-04
5.745283405606944850e-04
7.018442362702140844e-04
6.837682488063971057e-04
5.736872495617717721e-04
5.479212248853097432e-04
6.053468212485312982e-04
7.536494173109531619e-04
8.577156695537269115e-04
7.719134911894798712e-04
7.303640712052583261e-04
7.274989834210525246e-04
6.148159950195501537e-04
8.264948963187634511e-04
8.404650764229396834e-04
6.913913898946096211e-04
6.753733226408561432e-04
6.381561688613146544e-04
6.620811919371287534e-04
6.302826805040240288e-04
6.947052839677781083e-04
7.620702614076435783e-04
5.133027463064839370e-04
6.755906448233872869e-04
7.003719705001761877e-04
9.168171091005206108e-04
9.228269491965572545e-04
7.199218050421526179e-04
7.351864633771280954e-04
5.786876931476096601e-04
6.150425916227202127e-04
6.523635713771606340e-04
6.816669910525281718e-04
8.735184596541027517e-04
8.258254150860011361e-04
5.832108707788089983e-04
6.316080611820022554e-04
6.564731903684635885e-04
7.239386749764282992e-04
7.615981623530388312e-04
7.916164177004247904e-04
6.145410317306717165e-04
6.642076652497053580e-04
6.472172739449888251e-04
7.143583226328094728e-04
6.006741236584882231e-04
6.012669221187631145e-04
6.408197242611398227e-04
7.251906208693981171e-04
7.891607218577216141e-04
6.644867593422531865e-04
5.544539541006088474e-04
5.562617016645769784e-04
6.395513502260049112e-04
5.054384198350211129e-04
5.676742099846402443e-04
6.079060724005103545e-04
6.593483733013272719e-04
5.867530591785908179e-04
6.476068859531854951e-04
5.494798106762270639e-04
5.559968800904849804e-04
5.818809576643009475e-04
5.184590069499487317e-04
4.954996014324327671e-04
5.736212071496993737e-04
6.439610656040410490e-04
7.744163429985443823e-04
6.458785869957258015e-04
6.175895405855651209e-04
5.407129938248544931e-04
5.737306841183453581e-04
6.219219532795250849e-04
6.800917753328879168e-04
6.481902479814986026e-04
5.493487852315108487e-04
5.686260973258564942e-04
5.730527356111754901e-04
6.537497994334747322e-04
7.059235009364783981e-04
6.724992495340605288e-04
6.068918504752218506e-04
5.818391820260633953e-04
5.091633279031763763e-04
5.713883670978248336e-04
5.661145589935282722e-04
6.096308391230801597e-04
7.157500445221860914e-04
5.715242373601843624e-04
6.505133622946838610e-04
7.845144408444563620e-04
5.563857266679406166e-04
5.805721700501938805e-04
5.150871661802132635e-04
6.507229486790795832e-04
5.666846525855361982e-04
6.883531634230167107e-04
8.558512316085397763e-04
7.729016011580825069e-04
7.324355382782717040e-04
6.570515048224479177e-04
9.122254870211084611e-04
8.288100943900644779e-04
6.114750780398025892e-04
4.593696833277741923e-04
4.887287291542937069e-04
5.550734815187752681e-04
5.428320456606646307e-04
7.093061887038250692e-04
6.366793221483628027e-04
6.287025229539721987e-04
6.163490819744765542e-04
4.866862194224571008e-04
7.254597944362710209e-04
6.714480754453688643e-04
7.163170608691871383e-04
7.614150197089960322e-04
7.411829409344742768e-04
6.587194240031142957e-04
5.748179450165480158e-04
4.468025232199579694e-04
4.529709985945373774e-04
5.558117312223961317e-04
6.225926452316343351e-04
5.422249785624444051e-04
5.650471139233559370e-04
5.261149800692995317e-04
6.333573081064968868e-04
6.010654498822987513e-04
6.166387912041197726e-04
6.784939556382596710e-04
4.788693312245110743e-04
5.034185548235351479e-04
7.373336372741808638e-04
6.583545085353156292e-04
6.736262798464546890e-04
5.435705631195256746e-04
7.151824984854708621e-04
6.897926427579174728e-04
7.618206223317732124e-04
6.792131306913991263e-04
5.088640784379095273e-04
4.598340388232221459e-04
7.222082039030889742e-04
6.233975136031706622e-04
5.917766500109185920e-04
6.272327969782054641e-04
5.927535666463275245e-04
4.540240954762945428e-04
5.881558327625195691e-04
5.300152775210638552e-04
4.973293835064396262e-04
5.218356081362192323e-04
5.368384804266194792e-04
5.422822413189957612e-04
6.889308860991150141e-04
5.824887116129199953e-04
4.881413595285266746e-04
4.989315503432105491e-04
7.046581401179233825e-04
6.992282442903767535e-04
5.563141215437402689e-04
6.580258127845202594e-04
5.825307123207797751e-04
5.363850670012955792e-04
3.628873993875458728e-04
4.639308725018054355e-04
5.019686941523104906e-04
6.008459992396334446e-04
6.656714327012498884e-04
8.331903043047835574e-04
6.098808080423623323e-04
7.177558611147106127e-04
6.497867774063100779e-04
6.854811896725246942e-04
5.924368801061063788e-04
6.758224820562949145e-04
6.144368244955937574e-04
6.079740744705001369e-04
5.928018401997784629e-04
6.967572999807696054e-04
6.821585760917514346e-04
5.664797189335028403e-04
6.865974360456069021e-04
5.244947290824105704e-04
5.081682194334765203e-04
5.907395408333589561e-04
5.410903162555768869e-04
5.825954993876318209e-04
5.804000499968727574e-04
5.648774444125592492e-04
5.987562180962413549e-04
4.619403936279316671e-04
5.039724055677652359e-04
5.497995240148157098e-04
6.043415439004699028e-04
5.438832081078241558e-04
5.486787393844376080e-04
4.528582930409659978e-04
5.692902855419863968e-04
4.552115084758649450e-04
5.663486081175506115e-04
5.156787820548440525e-04
4.653616536719103474e-04
5.037640202014396660e-04
4.295104881748557091e-04
4.694108579618235682e-04
4.729507917848726150e-04
4.833524920589600819e-04
6.035071545435736649e-04
5.130150898670156508e-04
5.466315526670465722e-04
5.197758611757308678e-04
