4.288633783658345466e-01
2.015421112378438240e-01
1.372505048910776793e-01
1.221948102116584833e-01
1.043038090070088769e-01
1.011479226251443264e-01
1.096062590678532900e-01
1.179544553160667419e-01
9.249139626820881976e-02
1.018967432280381558e-01
1.003225266933441134e-01
9.384836653868357248e-02
9.890560011068980084e-02
8.923919424414634982e-02
1.048193588852882330e-01
1.121202709774176270e-01
9.838612874348957871e-02
8.918619503577550345e-02
8.534938370188077661e-02
7.913847366968790320e-02
7.872313136855761673e-02
8.373232409358025152e-02
9.408835371335347308e-02
1.053571976721286718e-01
1.154646272460619627e-01
1.014544896781444522e-01
9.828316221634546268e-02
1.037477679550647680e-01
9.593021670977273929e-02
8.624250416954358511e-02
7.763405963778495511e-02
8.533061121900877011e-02
7.125504240393638888e-02
8.971519221862157834e-02
8.821854591369629461e-02
9.568547258774438846e-02
8.055766299366950989e-02
7.292233258485794622e-02
8.555879543224970130e-02
8.891062835852305002e-02
7.811152661840120581e-02
8.783974101146062308e-02
7.271181630591551370e-02
6.369314094384510849e-02
7.248256579041481573e-02
7.284431010484695990e-02
8.021185273925462988e-02
8.921132224301496494e-02
8.165188680092493045e-02
7.956681425372759409e-02
8.173117637634277899e-02
7.443531552950541363e-02
7.171306932965913761e-02
8.476425309975942068e-02
7.950728088617324552e-02
6.885346310834089545e-02
7.034383068482080725e-02
7.579575528701146259e-02
7.970222259561220157e-02
7.278180221716562537e-02
6.859878748655319491e-02
7.884995390971501206e-02
8.732796013355255405e-02
9.537853325406710214e-02
7.839661315083504278e-02
6.748632316788037711e-02
8.115381151437758844e-02
9.114957029620805729e-02
9.599215437968572351e-02
7.694214532772700177e-02
6.054279704888661934e-02
6.829864010214806158e-02
6.900072097778320312e-02
8.001344650983810425e-02
8.206653123100599023e-02
7.270097260673841211e-02
6.497701158126195642e-02
8.260715777675310678e-02
7.342060531179110672e-02
7.406847303112347458e-02
7.074999560912449692e-02
6.853219891587893076e-02
5.730595936377843452e-02
6.546055351694425595e-02
7.558716361721357080e-02
6.215650836626688408e-02
6.478600936631360996e-02
7.098059132695197504e-02
6.509281645218531476e-02
6.370441168546676913e-02
7.149841164549192163e-02
6.565130849679311209e-02
6.576914861798285883e-02
6.667109777530035031e-02
6.776737049221992493e-02
6.600677867730458948e-02
6.804620971282322739e-02
7.159219719469547827e-02
6.465284277995426987e-02
6.464195922017097751e-02
6.644089048107465478e-02
6.817870611945787973e-02
6.172222370902697569e-02
6.244469905893008238e-02
5.967961400747299333e-02
5.907333816091219630e-02
5.487905455132325444e-02
5.820079421003659242e-02
6.851386452714601505e-02
5.805208260814349180e-02
5.932187934716542238e-02
7.618189280231793536e-02
6.064237281680107117e-02
7.252856766184170856e-02
6.434930066267649518e-02
5.969172045588493070e-02
6.192580486337343620e-02
5.934933498501777926e-02
6.233273719747860903e-02
6.282268315553665716e-02
5.613671069343884740e-02
5.667530745267868042e-02
6.149510592222214023e-02
5.222528527180354124e-02
5.839719039698441916e-02
6.018960848450660706e-02
6.632282659411430081e-02
5.987998545169830045e-02
5.688439706961313791e-02
5.555979485313097821e-02
7.421538283427556171e-02
6.529364710052808218e-02
5.645445858438809944e-02
5.506559809048970633e-02
5.426141085724035806e-02
5.505609313646952357e-02
6.272902364532152719e-02
5.964473448693752289e-02
5.719393454492092271e-02
6.404928589860597876e-02
7.063102672497431622e-02
6.050051103035609251e-02
6.676390742262204581e-02
6.299235547582308914e-02
5.848121841748555455e-02
5.118902362883091112e-02
5.725511858860651837e-02
5.392748638987541338e-02
5.775907362500826842e-02
6.361087039113044739e-02
5.887760693828265196e-02
6.268641476829846237e-02
5.302939638495444974e-02
5.421124411125977788e-02
6.501929958661396836e-02
6.203531175851821622e-02
5.727629388372103281e-02
7.453692058722177771e-02
6.285447751482327317e-02
6.268502399325370789e-02
6.220265602072080208e-02
6.260085999965667169e-02
6.147547811269760132e-02
5.547994300723076144e-02
6.685596033930778226e-02
5.626327234009901451e-02
5.096308973928292269e-02
6.075204908847808838e-02
5.764942318201064786e-02
5.596936816970507489e-02
5.425292135526736670e-02
5.569416756431262022e-02
7.013961076736449640e-02
7.959608696401118677e-02
7.215153425931930542e-02
7.066040337085724432e-02
6.103209679325421327e-02
5.632114981611569676e-02
6.516428068280219477e-02
6.438421097894510281e-02
6.135476008057594299e-02
5.934313212831814760e-02
6.218966419498125897e-02
5.380354983111222678e-02
5.467692390084266663e-02
5.235776106516520229e-02
5.565352216362953047e-02
6.483468115329742154e-02
5.429803083340326714e-02
5.856625487407048775e-02
6.259291594227155142e-02
8.638952920834223892e-02
8.893417293826738623e-02
7.042122110724449713e-02
6.980478763580322266e-02
5.327654543022315031e-02
6.189876024921735220e-02
5.827381958564122749e-02
5.486105630795160698e-02
6.416974216699600220e-02
4.874419470628102435e-02
4.736290201544761380e-02
5.894964151084423204e-02
5.271860063076019148e-02
5.958653638760248727e-02
4.834506933887799257e-02
4.910317162672678953e-02
6.548132697741190777e-02
5.756843388080597201e-02
6.071744586030642515e-02
6.589225754141807279e-02
5.303625216086705479e-02
4.997934587299823761e-02
5.192324320475260463e-02
6.120317156116168028e-02
7.686917682488760006e-02
6.171639387806256843e-02
5.609250552952289859e-02
6.052835794786612378e-02
5.226825103163719455e-02
5.435568715135256218e-02
6.285992364088693884e-02
6.011806552608808113e-02
5.075881915787856108e-02
4.759021289646625519e-02
4.410632848739624162e-02
5.766636282205581804e-02
6.238940954208373885e-02
5.206709454456965452e-02
4.769606366753578047e-02
4.897196019689242091e-02
6.174718861778576845e-02
6.273713385065396442e-02
5.338533918062846051e-02
6.601794933279354904e-02
6.508325325946012763e-02
6.221054941415786466e-02
5.525858749945958270e-02
5.130050828059514595e-02
5.489328789214293486e-02
5.231661548217137608e-02
4.789558301369348930e-02
4.681767647465070320e-02
5.184079507986704555e-02
5.603418399890263552e-02
5.093130717674890923e-02
5.026172834138075557e-02
4.585375400880972729e-02
5.213494139413039213e-02
4.974029064178466658e-02
5.644595660269260268e-02
7.063206955790519992e-02
6.856604740023612699e-02
5.753723631302515990e-02
4.897674682239691601e-02
4.888302423059940477e-02
5.833595544099808017e-02
5.451222906510035104e-02
5.049254906674226218e-02
5.118218945960203992e-02
5.120073258876800537e-02
5.086062500874201364e-02
5.194998557368914194e-02
4.680990005532900677e-02
4.717484302818775177e-02
4.921439041694005562e-02
6.057276825110117363e-02
4.759884538749854094e-02
4.525898384551207271e-02
4.757179630299409462e-02
5.285614642004172331e-02
4.943590673307577538e-02
4.737378060817718645e-02
5.268589605887730870e-02
4.759530145674943646e-02
5.104979674021403041e-02
4.982027076184749464e-02
4.493098519742488861e-02
4.684575460851192474e-02
5.378474394480387694e-02
6.343027502298355380e-02
5.529042333364486694e-02
5.157033329208692007e-02
5.400891726215680672e-02
4.885725683222214705e-02
5.924579078952471600e-02
4.623243498305480009e-02
6.330009574691454477e-02
5.629582405090331754e-02
4.719718806445598325e-02
7.226089450220267441e-02
6.495101402203241892e-02
5.894345988829930577e-02
5.482941654821237021e-02
4.829297612110773630e-02
4.765482544898987094e-02
5.572195003430048532e-02
5.379794314503669878e-02
4.569456949830055098e-02
4.546651951968670030e-02
