1.666927995590063161e-01
4.103872508097153315e-02
3.456292259865081928e-02
3.380696764932229065e-02
3.134150762970631249e-02
3.167731568503838468e-02
3.298631237389949844e-02
2.990297659371907862e-02
2.808498937923174787e-02
2.799294467728871694e-02
2.768057107638854236e-02
2.862924340252692712e-02
2.749922769860579583e-02
2.625349583820654753e-02
2.880858427916581713e-02
2.636968917571581167e-02
2.762958814318363515e-02
2.673021090718416190e-02
2.689248671611914332e-02
2.740334220803700843e-02
2.719860754620570531e-02
2.669775238117346253e-02
2.693290868057654497e-02
2.508787075774027847e-02
2.752785121019070066e-02
2.631530030988729965e-02
2.585305174669394121e-02
2.589844084129883789e-02
2.631554398685693671e-02
2.481434633238957521e-02
2.495086052669928667e-02
2.581664998657428461e-02
2.587409826138844723e-02
2.518181401089980218e-02
2.519144258246971968e-02
2.418917403198205668e-02
2.458847251075964649e-02
2.432098920242144538e-02
2.501056794650279719e-02
2.474780248191494128e-02
2.433253201441122962e-02
2.360243100959521015e-02
2.484799020995314203e-02
2.415468717137208426e-02
2.337669270972793020e-02
2.450954600308950099e-02
2.384365732566668533e-02
2.395072111573356977e-02
2.325926132930012866e-02
2.276435351142516370e-02
2.421023492486431075e-02
2.330464838215938125e-02
2.348509385751990086e-02
2.306628344723811452e-02
2.384040393651678039e-02
2.304115824114817690e-02
2.268990107740347095e-02
2.270266409390247694e-02
2.348075887331595862e-02
2.438736394620858589e-02
2.247501466996394692e-02
2.234735354208029073e-02
2.303705764934420655e-02
2.229398646606848763e-02
2.221691877796099640e-02
2.240835378806178488e-02
2.233375213467157783e-02
2.294321614675796928e-02
2.252422639240439159e-02
2.299011874084289087e-02
2.199520616290661160e-02
2.280073506900897468e-02
2.207749837006513921e-02
2.245754749299241904e-02
2.081396652815433596e-02
2.221020550395433682e-02
2.218319043660393203e-02
2.195354968739243740e-02
2.230747317752012834e-02
2.226582992678651299e-02
2.172096086522707498e-02
2.235610765190078689e-02
2.177399404060382029e-02
2.164096662488121381e-02
2.193061635614587668e-02
2.129922330809327219e-02
2.209868272050068833e-02
2.153152195880046402e-02
2.163129030511929535e-02
2.136608218917479887e-02
2.196826166115128237e-02
2.128160921856760840e-02
2.197612471735248263e-02
2.188568060787824537e-02
2.200914183631539484e-02
2.140726970795255382e-02
2.183142856766398174e-02
2.137881649944644788e-02
2.073236972523423427e-02
2.129888270193567787e-02
2.091659161333854489e-02
2.160492445557163355e-02
2.104058562276455227e-02
2.076123328879475594e-02
2.232107698487547850e-02
2.099129066157799650e-02
2.065609472159009655e-02
2.042013153147238802e-02
2.074290716017668235e-02
2.118246957946282039e-02
2.098804834083868934e-02
2.081949338316917489e-02
2.111822808018097575e-02
2.055560071737720304e-02
2.129074124476084198e-02
2.095686446588772983e-02
2.119772167733082260e-02
2.028269024852376659e-02
2.003255802421615578e-02
2.086509373039007256e-02
2.059240262382305495e-02
2.114137832361918240e-02
2.166316365966430152e-02
2.111820157330769610e-02
2.128505375809394348e-02
2.064052588807848906e-02
2.032183990455590714e-02
2.092808894813060622e-02
2.116828886075661567e-02
2.086548788043168789e-02
2.151773452328947789e-02
2.065566517412662645e-02
2.014899844160446610e-02
2.037127509426612040e-02
2.024652844008344860e-02
2.058525493081945698e-02
2.007675750467639852e-02
1.986093054740474886e-02
2.106912775108447586e-02
2.132261544466018677e-02
2.010518081772785792e-02
2.014338602670110237e-02
2.093539400599323669e-02
2.044010931769242589e-02
2.003774379308407086e-02
2.015446174459961659e-02
2.054380461430320437e-02
1.996974628418684075e-02
1.962276836857199808e-02
1.957838503787150825e-02
1.981650598777028385e-02
2.007436031618943517e-02
2.015078883044994773e-02
1.932459136900993579e-02
2.051035629298824520e-02
1.915932102845265342e-02
1.975234732604943741e-02
2.027741099636141964e-02
1.971865520597650481e-02
1.954807260861763513e-02
1.957765120583085036e-02
2.022964845483119639e-02
1.997172632612861237e-02
2.034056158019946145e-02
1.955204005711353582e-02
2.002719356320225436e-02
1.938918021579201512e-02
1.909149456052825974e-02
1.913647996978118035e-02
1.982975855039862539e-02
1.977416718951784808e-02
2.078280674580198009e-02
1.921659561160665372e-02
1.918173394380853769e-02
2.025644600104826998e-02
2.027644206268282984e-02
1.902201222255826135e-02
2.071212449899086441e-02
2.058847557323483304e-02
1.955485797415559140e-02
1.958135771206938325e-02
1.892304106687123927e-02
1.977688125692881119e-02
1.981468056686795653e-02
1.954713412202321518e-02
1.939887086359354251e-02
1.952736506668420816e-02
1.942424010485410690e-02
1.977775748819112639e-02
1.895252818671556636e-02
1.999800572028526818e-02
1.916025496589449789e-02
1.877136956183956054e-02
1.970535428621448051e-02
1.878643430626163180e-02
1.986706292686554048e-02
1.987354054044072546e-02
1.953177659843976718e-02
1.946320035136663018e-02
1.947395605966448923e-02
1.889802157305753988e-02
1.962681688511601005e-02
1.920446003429018486e-02
1.904915421484754470e-02
1.905663135962990667e-02
1.838757915852161709e-02
1.928689052135898474e-02
1.953265869703430316e-02
1.913722545768205968e-02
1.957958867200292052e-02
1.927247371954413438e-02
1.955677793862728095e-02
1.876607202709867570e-02
2.006150452563395734e-02
1.962145548313855986e-02
1.918235153246384411e-02
1.955806467538842922e-02
1.882657944582975806e-02
1.872692536562681198e-02
1.966281420049759143e-02
1.958252130649410644e-02
1.904971098097471213e-02
1.921184825209470981e-02
1.897148908330844111e-02
1.925250309734390444e-02
1.905335397817767631e-02
1.863064000812860582e-02
1.852941398437206455e-02
1.874701778332774418e-02
1.885809638322545959e-02
1.919981367312944762e-02
1.876869436640005856e-02
1.830640546977519920e-02
2.059143793840820941e-02
1.845633818123203207e-02
1.869768073352483587e-02
1.970602991059422493e-02
1.889942005419960325e-02
1.889678373073155893e-02
1.918720007659150892e-02
1.860829581005069011e-02
1.933817457264432396e-02
1.849736581341578437e-02
1.880244774600634342e-02
1.817500802616660305e-02
1.863854011664023771e-02
1.907224084895390789e-02
1.844655742438939747e-02
1.939638504901757682e-02
1.811158097564027902e-02
1.894786393699737781e-02
1.874938607215881348e-02
1.883052472168436284e-02
1.831024859387141157e-02
1.904609735625294523e-02
1.905132163889133173e-02
1.877495492450319964e-02
1.849356786562846369e-02
1.818784391507506301e-02
1.840371201531245185e-02
1.873224807473329243e-02
1.876444358092087955e-02
1.825808391261559208e-02
1.931562056908240829e-02
1.817219005181239244e-02
1.868636756418989159e-02
1.857468846898812503e-02
1.784263124976020673e-02
1.852889893433222468e-02
1.848530826660303023e-02
1.848570514613619153e-02
1.774566927208350367e-02
1.809051874308631805e-02
1.849133332904714933e-02
1.867170357503570091e-02
1.863062171838604508e-02
1.837712895984833228e-02
1.792931720041311683e-02
1.854858116891521663e-02
1.895352388517214728e-02
1.901563863055064085e-02
1.813061614879048905e-02
1.966210625206048571e-02
1.861953334166453408e-02
1.886239266023039679e-02
1.852062704184880698e-02
1.781691883762295467e-02
1.850997698851502768e-02
1.781347094533535305e-02
1.811598698393656823e-02
1.773712262511253218e-02
1.831354812647287625e-02
1.774830237174263373e-02
1.817561662397705613e-02
1.758114883246330098e-02
1.843448024099835977e-02
1.834740678135018954e-02
1.734368281725507527e-02
1.812080989520137297e-02
1.858516443664064849e-02
