2.922865128058653728e+00
8.446655470591325487e-01
6.182332162673657150e-01
5.535868543844956191e-01
5.089404225349426492e-01
4.626245378301693800e-01
4.552793557827289339e-01
4.153941117800198923e-01
4.218694747640536202e-01
4.087979225011972306e-01
4.225410595536231995e-01
3.812502841536815623e-01
3.757272461285958154e-01
3.579598785019837970e-01
3.664090314736733189e-01
3.355043259950784562e-01
3.530282025153820280e-01
3.234653742267535326e-01
3.167415358699284811e-01
3.192236996614016276e-01
2.951021380149401185e-01
3.130358527486141185e-01
2.721237045641128893e-01
2.937213311974818941e-01
2.754268876635111440e-01
2.748097192209500439e-01
2.821304250221985943e-01
2.727441219183114884e-01
2.898897205980924263e-01
2.596262601132576231e-01
2.614363117859913599e-01
2.642867902150520809e-01
2.694643848217450621e-01
2.519252098523653283e-01
2.619759703484865199e-01
2.499962653678197144e-01
2.410503386304928830e-01
2.416764773428440038e-01
2.418490518744175199e-01
2.392046018861807288e-01
2.393861727645764104e-01
2.472380498854013509e-01
2.207040241704537331e-01
2.312669744285253404e-01
2.529991063360984560e-01
2.412498317658901270e-01
2.227948286785529086e-01
2.223065153910563641e-01
2.277889167460111497e-01
2.231567087081762490e-01
2.272863586934713298e-01
2.279906601286851575e-01
2.249360374533213025e-01
2.178721593549618474e-01
2.163992158495462725e-01
2.191397990171725929e-01
2.328071697973287946e-01
2.099398931631675236e-01
2.061156022434051105e-01
2.054183404606122199e-01
2.066896266089035816e-01
2.235630371822760754e-01
2.149620698621639847e-01
1.943548050637428637e-01
1.915165820947060116e-01
2.114421149859061488e-01
1.887910536275460294e-01
1.902556493878364563e-01
1.825593496171327712e-01
1.864007568703247852e-01
1.875281157975013380e-01
1.944739607091133526e-01
1.827706287686641506e-01
1.826792296308737407e-01
1.810337584752302886e-01
1.802666837779375308e-01
1.893257096409797779e-01
1.893773161447965259e-01
1.727218591249906066e-01
1.763827588122624523e-01
1.776995446246403820e-01
1.731741589995531017e-01
1.774324132272830368e-01
1.623222880638562626e-01
1.888501544411365918e-01
1.795818739785597917e-01
1.683345340765439457e-01
1.673733755659598532e-01
1.543863386775438662e-01
1.638296805608731033e-01
1.658965711983350633e-01
1.638201743937455768e-01
1.587212831928179746e-01
1.621797165045371358e-01
1.698087659019690276e-01
1.643794447756730670e-01
1.530102390509385235e-01
1.636707548625194186e-01
1.610347335441754402e-01
1.609209870776304729e-01
1.336048233967561116e-01
1.246870968204278202e-01
1.285744252399756427e-01
1.287557184696197510e-01
1.247737045758045699e-01
1.267324993530145050e-01
1.272561153540244516e-01
1.218344071736702505e-01
1.211341684827437759e-01
1.201895114607535869e-01
1.247889189192881998e-01
1.249918975509130004e-01
1.239805808147558808e-01
1.174562611545507673e-01
1.219177653869757266e-01
1.235109850764274653e-01
1.183074385787432070e-01
1.209432883904530409e-01
1.213486541635715038e-01
1.202815525806867208e-01
1.203160806630666491e-01
1.181237140240577604e-01
1.154452501294704614e-01
1.203274089843034689e-01
1.165689936910684343e-01
1.173162981581229447e-01
1.162347569202001329e-01
1.169387350575282064e-01
1.140975125993673595e-01
1.165871080870811705e-01
1.140238734105458590e-01
1.170513566296834257e-01
1.152435714235672537e-01
1.160614369580378891e-01
1.167708235291334273e-01
1.191906898927230091e-01
1.119400064246012655e-01
1.157629003031895726e-01
1.130921365836491943e-01
1.169746175408363370e-01
1.141207529661747155e-01
1.119604922544497755e-01
1.091105141032200632e-01
1.140367564387046312e-01
1.138812293800023911e-01
1.140936344288862730e-01
1.107325060149798035e-01
1.170236592969069178e-01
1.125045093206258895e-01
1.082106585686023470e-01
1.152033023536205292e-01
1.118794262982331783e-01
1.115384194999933243e-01
1.144628247675987393e-01
1.090149205178022329e-01
1.062554264297852213e-01
1.079056450380728727e-01
1.093463458120822879e-01
1.113311044871807126e-01
1.059048862984547229e-01
1.095779046702843457e-01
1.081972363763130662e-01
1.085124991547602863e-01
1.089225713450175104e-01
1.093203295308809997e-01
1.101231934359440390e-01
1.054133150153435255e-01
1.071636133469068136e-01
1.079983112044059362e-01
1.079240473417135415e-01
1.087472174603205527e-01
1.098696799232409538e-01
1.056626180616708904e-01
1.065427444875240298e-01
1.070881320306888013e-01
1.070228950621990027e-01
1.043182353847301874e-01
1.088415090854351341e-01
1.063384497681489349e-01
1.044738686142059475e-01
1.074642468530398187e-01
1.069851532578468267e-01
1.068367697585087539e-01
1.083087891340255710e-01
1.097896095651846732e-01
1.050389566673682329e-01
1.092607934314471091e-01
1.073075225146917222e-01
1.081095506078921797e-01
1.045201118175800026e-01
1.092683333043868721e-01
1.075190887141686258e-01
1.053944462337172983e-01
1.049572798781670119e-01
1.061936161265923384e-01
1.066334677143738752e-01
1.071620977268769176e-01
1.084091313469868478e-01
1.072846737905190501e-01
1.083284994730582540e-01
1.021983250402487275e-01
1.077917583573323040e-01
1.050460586181053702e-01
1.065014303590242628e-01
1.074445909032454849e-01
1.078383282400094539e-01
1.068031125916884538e-01
1.080309918007025388e-01
1.063877679121035813e-01
1.071893731848551634e-01
1.048958459725746750e-01
1.041569730410209088e-01
1.073067163905272181e-01
1.047321229026867834e-01
1.094540363034376684e-01
1.081623856981213244e-01
1.073398801569755284e-01
1.082907355748690126e-01
1.056126118279420434e-01
1.049012947827577535e-01
1.062920628831936776e-01
1.047017467566407622e-01
1.096716171846939952e-01
1.042498218612029071e-01
1.072533270773979308e-01
1.078512143630247916e-01
1.030850311597952540e-01
1.041492225458988813e-01
1.078644128659596857e-01
1.044522338475172285e-01
1.073240580753638262e-01
1.055662576968853239e-01
1.039946257781523969e-01
1.045086226784266020e-01
1.063189382449938741e-01
1.082594540829841939e-01
1.064680188321150273e-01
1.037453115272980453e-01
1.051130442665173526e-01
1.047651733916539346e-01
1.053115461308222617e-01
1.050958390132739062e-01
1.070691498139729886e-01
1.059465686862285372e-01
1.072533059005553874e-01
1.064457994814102526e-01
1.039911117977820876e-01
1.070906910758752106e-01
1.096002107342848447e-01
1.072327703524094400e-01
1.058344602298278009e-01
1.074076227270639866e-01
1.100980826008778335e-01
1.067705973696250199e-01
1.074171518190548957e-01
1.056828370747657925e-01
1.051809882601866392e-01
1.054255222471860709e-01
1.038529541630011377e-01
1.060001508834270273e-01
1.045257798754251899e-01
1.111096401340686407e-01
1.059780010810265211e-01
1.091594229237391467e-01
1.044838913788015966e-01
1.128529959859756321e-01
1.095497003254982116e-01
1.067783718212292760e-01
1.050244075174515124e-01
1.058368480835969599e-01
1.073581200379591788e-01
1.039256943819614615e-01
1.048172553571370957e-01
1.055702506636197746e-01
1.075348058858743017e-01
1.107574609609750654e-01
1.079964433151942016e-01
1.049153606765545338e-01
1.072547850987085882e-01
1.085507374256849261e-01
1.105280416229596496e-01
1.041578558488533979e-01
1.050025855405972569e-01
1.063015546936255246e-01
1.062980589098655310e-01
1.059535937527051330e-01
1.069440150490173908e-01
1.051290412075244485e-01
1.049913427004447314e-01
1.062212822815546687e-01
1.096088541528353333e-01
1.046832965830197665e-01
1.042597068330416293e-01
1.090963200021248664e-01
1.071439699198191015e-01
1.045439091152869787e-01
1.088831969465200722e-01
1.087649695002115696e-01
1.097588666069966162e-01
1.059947527658480909e-01
