1.491436362266540527e-01
7.920421436429023188e-02
6.702023968100548346e-02
5.732285082340240340e-02
4.477448016405105591e-02
4.102119244635105133e-02
3.359242118895054002e-02
3.709184993058443208e-02
4.651025272905826707e-02
3.029866609722375870e-02
3.256497774273157259e-02
2.898191306740045478e-02
2.761653661727905135e-02
2.634641863405704637e-02
3.257472496479749818e-02
2.737062703818082809e-02
3.291998542845249454e-02
2.812789585441350868e-02
2.693748995661735673e-02
2.157048517838120599e-02
3.197806514799594879e-02
3.489270303398370882e-02
3.227244112640619000e-02
3.237340375781059404e-02
2.716996474191546440e-02
2.495567938312888076e-02
2.282658796757459571e-02
2.245830986648798128e-02
2.200352568179369042e-02
2.467764858156442503e-02
2.320035938173532417e-02
2.294015455991029601e-02
2.580893989652395179e-02
2.752679530531167845e-02
2.494047647342085769e-02
2.688889205455780029e-02
2.270477898418903420e-02
2.577473707497119834e-02
2.173674348741769929e-02
2.142773717641830583e-02
2.438602875918149948e-02
2.707131952047348022e-02
1.948620397597551276e-02
2.010537553578615327e-02
1.841042414307594161e-02
2.317462507635354926e-02
2.131924666464328835e-02
2.242065118625759940e-02
2.014356618747115135e-02
2.366046477109193941e-02
1.913443598896264961e-02
1.740192817524075647e-02
2.021988686174154212e-02
1.684248810634016852e-02
2.329856632277369638e-02
2.091492824256420066e-02
1.977689936757087708e-02
2.094312170520424773e-02
2.243835255503654619e-02
2.461068164557218482e-02
2.630532644689083030e-02
2.529752301052212715e-02
1.677203504368662834e-02
2.398727228865027428e-02
2.234266083687543730e-02
1.858716132119297981e-02
2.053887536749243736e-02
2.335048923268914084e-02
1.540173944085836480e-02
2.101949378848076005e-02
2.338814418762922426e-02
2.373360665515065332e-02
2.277656588703393797e-02
1.977523472160101076e-02
2.238225657492876053e-02
1.838227715343236993e-02
1.554478527978062595e-02
1.664833026006817818e-02
1.658586040139198303e-02
2.212509112432598998e-02
1.817639945074915955e-02
2.035015691071748872e-02
1.442881145048886468e-02
1.675259675830602715e-02
1.732738157734274934e-02
1.906216973438858847e-02
1.737001929432153632e-02
2.084069782868027548e-02
1.796568781137466292e-02
1.355956913903355598e-02
1.768828826025128226e-02
2.025265954434871812e-02
2.106093186885118346e-02
1.700158538296818803e-02
1.823207605630159517e-02
1.485019968822598457e-02
1.638748366385698457e-02
1.893670354038477083e-02
1.779027609154582024e-02
1.595405666157603125e-02
1.845498969778418610e-02
1.567268418148159981e-02
1.357031809166073764e-02
2.085080565884709497e-02
1.555458437651395867e-02
1.817989265546202798e-02
1.632434520870447089e-02
1.843951176851987839e-02
1.544381557032465865e-02
2.016005543991923263e-02
2.117511415854096343e-02
1.884356569498777528e-02
1.543746581301093032e-02
2.137243449687957833e-02
1.893915133550762991e-02
2.017277088016271661e-02
1.703019784763455322e-02
1.446733539924025501e-02
1.539599522948265076e-02
1.786141386255622049e-02
1.600763713940978050e-02
1.932833511382341454e-02
1.700270436704158852e-02
1.856397083029150824e-02
1.941607985645532608e-02
1.648482549935579439e-02
1.523976577445864712e-02
1.839511143043637276e-02
1.786747984588146071e-02
1.641133027151226928e-02
1.604130566120147774e-02
2.132719885557889800e-02
1.755551993846893311e-02
1.781515181064605852e-02
1.459213467314839432e-02
1.460117651149630581e-02
1.520782029256224563e-02
1.706424485892057280e-02
1.821477590128779342e-02
1.792677175253629823e-02
1.532942838966846501e-02
1.318110716529190610e-02
1.835659844800829887e-02
1.741592437028884749e-02
1.869779899716377328e-02
1.786312004551291605e-02
1.487219026312231948e-02
1.723089357838034769e-02
1.474251295439898968e-02
1.817857585847377708e-02
1.445850199088454316e-02
1.684176605194807191e-02
1.478198794648051193e-02
2.011005114763975143e-02
1.796697471290826728e-02
2.192880557850003173e-02
1.522883102297782967e-02
1.825196156278252602e-02
1.496232422068715165e-02
1.497511053457856178e-02
1.320041939616203343e-02
2.220277590677142282e-02
1.613437887281179289e-02
1.824397696182131906e-02
1.531673250719904969e-02
1.720759235322475572e-02
1.972229350358247618e-02
2.097392100840806892e-02
1.691929455846548011e-02
1.747464425861835341e-02
2.093062875792384148e-02
1.550957970321178471e-02
1.581996567547321389e-02
1.591384196653962066e-02
1.419590981677174533e-02
1.749797328375279903e-02
1.988675221800804277e-02
1.961393188685178757e-02
1.836376357823610306e-02
2.213264349848031998e-02
1.401751236990094254e-02
1.709573473781347136e-02
1.862478777766227861e-02
1.550220367498695781e-02
2.107302341610193391e-02
1.785270292311906884e-02
1.745094223879277776e-02
1.810113722458481927e-02
2.015098026022315095e-02
2.222772175446152687e-02
1.261518727988004615e-02
1.587902456521987984e-02
1.591605031862854819e-02
1.556521183811128070e-02
1.885560611262917380e-02
1.657164804637432237e-02
2.011167043820023467e-02
2.006198270246386389e-02
2.160509377717971871e-02
2.183971488848328660e-02
1.430815048515796627e-02
1.926748910918831686e-02
1.752999098971486092e-02
1.696734121069311957e-02
1.381026236340403626e-02
1.654108855873346468e-02
1.373909842222928966e-02
1.433760458603501250e-02
1.610520817339420457e-02
1.804990693926811218e-02
1.432025954127311672e-02
1.584451664239168098e-02
1.643803827464580466e-02
1.538888178765773773e-02
1.339936442673206329e-02
1.381933130323886871e-02
1.361713618971407448e-02
1.757014859467744688e-02
1.439614128321409225e-02
1.488785436376929318e-02
1.607343866489827772e-02
1.564633985981345177e-02
1.744677470996975829e-02
1.401571785099804332e-02
1.523716258816421032e-02
1.690297303721308847e-02
1.624948205426335335e-02
1.938803791999816825e-02
1.560424100607633521e-02
1.716982778161764076e-02
1.685804985463619163e-02
1.392127750441432034e-02
1.400161087512969901e-02
1.556021440774202347e-02
1.398072396405041287e-02
1.666325097903609276e-02
1.633568229153752396e-02
1.561236856505274738e-02
1.687029190361499786e-02
1.408017543144524097e-02
1.146545084193348850e-02
1.489108484238386119e-02
1.395965497940778767e-02
1.666872706264257292e-02
1.469812663272023270e-02
1.644913442432880540e-02
1.451058909296989476e-02
1.812440687790512969e-02
1.609710706397891183e-02
1.408682786859571934e-02
1.901918239891529222e-02
1.489890739321708679e-02
1.512837931513786281e-02
1.512106955051422189e-02
1.348282881081104209e-02
1.596551146358251433e-02
1.655138218775391648e-02
1.392028080299496581e-02
1.920720115303993156e-02
1.928357286378741195e-02
2.084258785471320222e-02
2.036469532176852365e-02
1.890639113262295584e-02
1.329634590074419906e-02
1.676395013928413252e-02
1.455360646359622409e-02
1.766945049166679382e-02
1.606876710429787705e-02
1.413125619292259286e-02
1.614259975031018257e-02
1.464020935818552936e-02
1.305294781923294067e-02
1.676531378179788728e-02
1.238956302404403687e-02
1.744796093553304533e-02
1.514108236879110371e-02
1.643879339098930359e-02
1.496786838397383759e-02
1.313355518504977226e-02
1.331929881125688483e-02
1.462480672635138070e-02
1.676741028204560210e-02
1.117200450971722603e-02
1.826330795884132524e-02
1.574425296857952933e-02
1.749673644080758025e-02
1.597455441951751640e-02
1.402661139145493577e-02
1.546399332582950627e-02
1.507364008575677941e-02
1.681179385632276466e-02
1.537428782321512664e-02
1.322866268455982243e-02
1.365205496549606358e-02
1.552192429080605576e-02
1.569509012624621322e-02
1.398420101031661034e-02
1.580512691289186547e-02
1.358188064768910477e-02
1.750075165182352066e-02
