2.202995977131650025e-03
9.583194827428087375e-04
6.105422042310237451e-04
5.442463851068168445e-04
5.602712975814938328e-04
6.180248863529413505e-04
5.361655465094372196e-04
4.804185853572562445e-04
4.009812662843614925e-04
5.057693808339536624e-04
5.459092615637927814e-04
3.952277038479223847e-04
4.314659570809453834e-04
4.682434635469690074e-04
4.594462196109816540e-04
5.189546820474788980e-04
5.387456578318961398e-04
5.324771424056962349e-04
4.894255427643657164e-04
4.636901809135452130e-04
3.684949537273496173e-04
4.641853098291903951e-04
5.870199733180925033e-04
5.079390655737369819e-04
5.447850649943575480e-04
4.720269149402156689e-04
4.544679657556116689e-04
5.394746083766221566e-04
4.986939311493188143e-04
5.238282261416316249e-04
5.531536648049950383e-04
4.463175020646303784e-04
3.983641858212649605e-04
4.059162747580558062e-04
6.037345156073570251e-04
4.687085165642201900e-04
5.292550049489364028e-04
4.722618527011945627e-04
4.060221763211302459e-04
6.199644994921982288e-04
5.404129420639947274e-04
5.419379303930327296e-04
5.342071905033663132e-04
4.427294596098363508e-04
4.052070260513573993e-04
4.725170438177883625e-04
4.946123954141512513e-04
5.150982091436162374e-04
5.195590114453807256e-04
4.601571068633347967e-04
5.032207554904744029e-04
5.112284299684688883e-04
5.175297352252528288e-04
5.009418120607734160e-04
4.851604491705074798e-04
4.629360133549198725e-04
4.905623616650700135e-04
4.535550804575905312e-04
4.519049718510359417e-04
5.902322998736053272e-04
4.927146626869216128e-04
4.198358947178348899e-04
4.065243498189375021e-04
4.747206839965656400e-04
4.823065508389845599e-04
3.815158459474332739e-04
5.453641962958500223e-04
6.618239276576787233e-04
6.284832488745450974e-04
7.138856482924893932e-04
5.641022085910663226e-04
5.409678560681641102e-04
5.629290855722502308e-04
5.167522584088146253e-04
4.670990310842171311e-04
6.386575230862944885e-04
6.525056349346413775e-04
6.090922965086065016e-04
6.497508089523762681e-04
5.879903823370113752e-04
5.947515775915235715e-04
5.057348200352862911e-04
4.411361180245876204e-04
5.708303186111151738e-04
3.976502193836495280e-04
5.155874823685735464e-04
5.704347189748659513e-04
5.040767369791865566e-04
4.670233756769448519e-04
4.885310569079593041e-04
5.237326695350930095e-04
6.930242350790649219e-04
6.769211933715269403e-04
4.103720304556190859e-04
4.917342535918578722e-04
5.162183573702350042e-04
5.338088172720745423e-04
5.324976053088902993e-04
5.189142946619540019e-04
4.726377606857568242e-04
3.742590022739023079e-04
3.504982159938663244e-04
3.610023210057988980e-04
4.206446945318020989e-04
4.781842580996453762e-04
5.040484102210029960e-04
5.053389206295833425e-04
5.075583758298307657e-04
3.709366777911782048e-04
3.966875374317169189e-04
4.661864746594801762e-04
3.789771406445652355e-04
6.238073779968545058e-04
5.177690414711833217e-04
5.204256915021688180e-04
4.421939695021137487e-04
5.846706248121335886e-04
4.588338430039584854e-04
4.102664228412322483e-04
4.995351744582876129e-04
4.413028626004234065e-04
4.550447833025827787e-04
5.569347355049103715e-04
5.309208499966189265e-04
4.698166594607755542e-04
4.975075280526652932e-04
4.355893441243097295e-04
5.189647723454982259e-04
4.361832456197589419e-04
5.620267940685153441e-04
4.953551921062171676e-04
4.999705997761338949e-04
4.920493636745959087e-04
4.413111280882731188e-04
4.644029686460271478e-04
4.157117771683260907e-04
4.450219887075945627e-04
5.011469649616629319e-04
5.389925907365977330e-04
5.818225559778511741e-04
4.981292004231363535e-04
4.025577407446690012e-04
5.155621998710558035e-04
4.984601226169615550e-04
5.182271153898910122e-04
4.348895919974893223e-04
4.763107092003337931e-04
5.357045127311721010e-04
3.952814397052861642e-04
3.889456158503889929e-04
5.476708844071254351e-04
5.525965185370296457e-04
4.033378703752532385e-04
4.248473385814577449e-04
6.187277409480884888e-04
5.715483683161437078e-04
4.109522240469232310e-04
4.208542814012616873e-04
5.785419343737885356e-04
4.273046492016874037e-04
4.698546952567994703e-04
4.634365934180095683e-04
5.420336616225540855e-04
3.849337561405263950e-04
4.991009394871070764e-04
5.287791165756062107e-04
4.774379980517551086e-04
4.852482641581446041e-04
4.179718409432098161e-04
4.749614876345731101e-04
4.868485586484894048e-04
6.162296514958143668e-04
4.387306340504437902e-04
5.120518151670693918e-04
5.656128429109230854e-04
6.871788471471517844e-04
6.071435927879065275e-04
6.537934707012027936e-04
5.044985038693994717e-04
3.888350271154195287e-04
4.176917165750637542e-04
5.181246844585985379e-04
4.847334785154089332e-04
5.490065872436389110e-04
5.685735086444765329e-04
4.715406277682632099e-04
4.291048564482480179e-04
4.513841777225024998e-04
4.155869042733684399e-04
4.177300143055617809e-04
4.646347661036998034e-04
5.770411342382430597e-04
4.704481601947918317e-04
5.627066158922389583e-04
4.970842797774821737e-04
4.934032898745499334e-04
5.848245025845244093e-04
4.840204812353476774e-04
4.147741943597793796e-04
4.313160461606457829e-04
4.594741854816675403e-04
4.490790364798158190e-04
5.105295393150299354e-04
4.749450861709192504e-04
4.656005970900878093e-04
4.049943148856982372e-04
2.985222439747303507e-04
5.841161153512075110e-04
5.250792542938143232e-04
4.483147364226170101e-04
5.525435612071305297e-04
4.609712428646162369e-04
3.846865729428827763e-04
4.145569255342707038e-04
5.007172556361183090e-04
4.195224653813056756e-04
4.164404643233865608e-04
3.613495209719985723e-04
3.973065293394029249e-04
5.410420300904661851e-04
4.000601329607889056e-04
3.431852528592571616e-04
4.569028125843033086e-04
4.359920916613191149e-04
5.474646954098716161e-04
4.680342768551781990e-04
4.115586707484908402e-04
4.930796218104660728e-04
3.963238064898178198e-04
4.510493614361621656e-04
4.220691480441018939e-04
4.100615507923066508e-04
3.731589997187256705e-04
3.973079248680733036e-04
3.234050396713428416e-04
3.770073613850400069e-04
3.794571530306711793e-04
4.240329813910648444e-04
4.816245258552953384e-04
3.971439640736207149e-04
3.754114295588806272e-04
4.155951202847063433e-04
4.085789405507966876e-04
5.030382715631275935e-04
4.313956422265619148e-04
4.374285490484908223e-04
4.798711161129176617e-04
5.302708887029439211e-04
7.374944194452837326e-04
4.753572284244000912e-04
4.861623281612992395e-04
5.138848151545971849e-04
4.610653501003980853e-04
4.526928008999675295e-04
4.404833744047209620e-04
5.674638377968221903e-04
5.067448859335854433e-04
5.740520398830994530e-04
4.947612163960002146e-04
5.043107667006552219e-04
5.166370654478668733e-04
4.459679272258654454e-04
5.025876016588881612e-04
3.741735126823186874e-04
4.634716722648590912e-04
4.352888819994404804e-04
5.136953521287068291e-04
5.566039035329595208e-04
4.500661161728203297e-04
4.239253903506323695e-04
3.717664862051605961e-04
5.529131361981853626e-04
4.365981149021536112e-04
5.260362901026383259e-04
3.925748518668114922e-04
3.730547585291788090e-04
3.398126165848225247e-04
3.589015454053878567e-04
3.274565664469264231e-04
3.660235437564551613e-04
4.400236735818907835e-04
5.559748533414676785e-04
6.762383010936901407e-04
5.487871036166325428e-04
6.023522379109636166e-04
7.334354857448488040e-04
6.497886439319700220e-04
4.975449934136122682e-04
7.782788481563330130e-04
8.632141689304262400e-04
6.313253543339669704e-04
4.948350950144230886e-04
6.572435318958014467e-04
5.493572214618324800e-04
5.207750014960766055e-04
4.403567116241902221e-04
5.281858611851930618e-04
5.202079657465219931e-04
5.930223444011062817e-04
5.445529648568480773e-04
