5.616349899875265964e-03
2.048660759880606679e-03
1.724638876372150105e-03
1.284935403548713179e-03
1.344228462715234013e-03
1.489611750002950430e-03
1.567653704634202347e-03
1.424337878623711242e-03
1.453239129789705725e-03
1.397763927733259573e-03
1.228161933665563015e-03
1.494308052185390739e-03
1.177909700865192042e-03
1.274901259291384963e-03
1.374584406481257600e-03
1.216460243865315465e-03
1.429970633970307483e-03
1.334723995699148031e-03
1.631655805145523471e-03
1.550929816273440270e-03
1.238676740155954508e-03
1.200694308084036561e-03
1.356722583295777440e-03
1.656472533276038541e-03
1.705539978242346126e-03
1.757087726478598040e-03
1.477326906751841307e-03
1.469240241151835175e-03
1.547486267684559675e-03
1.611694057438788638e-03
1.379249101903821679e-03
1.233407570647873956e-03
1.132332092051261145e-03
1.218907626545322762e-03
1.522346370620653033e-03
1.667267310300043744e-03
1.467639946245721501e-03
1.448926158315901307e-03
2.006448971639786510e-03
2.678325316602630460e-03
1.988456717559269372e-03
1.525999928292419167e-03
1.670289044601044577e-03
1.346094745843272062e-03
1.423635133375812916e-03
1.542752924641328230e-03
1.200647658801504451e-03
1.434610499667801934e-03
1.576458528039178771e-03
1.324418861518747133e-03
1.560439305779124947e-03
1.605910415362034587e-03
1.541126477864704055e-03
1.319021157022299542e-03
1.535308256279677153e-03
1.529626606497913599e-03
1.322677753965503496e-03
1.037255569826811552e-03
9.575132197434348255e-04
1.077455555787310004e-03
1.249133484504584817e-03
1.219310752016359049e-03
1.333526402179683896e-03
1.601182431581296998e-03
1.466849910294903145e-03
1.508549970042492600e-03
1.470867270005068702e-03
1.496017020794429856e-03
1.278737730379881634e-03
1.135040228421400638e-03
1.229491733413721772e-03
1.176642096002719325e-03
1.171074204778830858e-03
1.503350138331630307e-03
1.262358942767605186e-03
1.183631110637049528e-03
1.215099627318392845e-03
1.315970855232860299e-03
1.337903368818972854e-03
1.391796652959393634e-03
1.231647998793050647e-03
1.479991433110886294e-03
1.297537703067064285e-03
1.477171367566500453e-03
1.358389563392847776e-03
1.335688388540542644e-03
1.424971668581877498e-03
1.315844095578151121e-03
1.326106813004506455e-03
1.117886655265465379e-03
9.875984147324093441e-04
1.438716601114720106e-03
1.410231734293379861e-03
1.305761888423668518e-03
1.195588706260813103e-03
1.371159093521003274e-03
1.140108531607048883e-03
1.132487477402069646e-03
1.179619625742946414e-03
1.315914397959464270e-03
1.290191068879461807e-03
1.427320617949590087e-03
1.172888824450118170e-03
1.036666745286700950e-03
1.072160637704655528e-03
1.012431819357776123e-03
1.220265798370487017e-03
1.413505062893299089e-03
1.555506676335685927e-03
1.762064656109682244e-03
1.378762020197297784e-03
9.968865903959209501e-04
9.153861527530742078e-04
1.059401655636195688e-03
1.192421107719253155e-03
1.288302026556006593e-03
1.393006590660661459e-03
1.166287277426038532e-03
1.144839783332177478e-03
1.034025248372927308e-03
1.087451732018962502e-03
1.151122427212872583e-03
1.177655079767906147e-03
1.037778083368071395e-03
9.865570464171469212e-04
1.251980812022728548e-03
1.438887207768857479e-03
1.096387464453333098e-03
1.131659248910312204e-03
1.255946475014622660e-03
1.378421908676890359e-03
1.313701716883640142e-03
1.229063042306474370e-03
1.318566729813548102e-03
1.092017511837184429e-03
1.175435850330229254e-03
1.261967192736587447e-03
1.063988356950825971e-03
1.097328516022701411e-03
1.135000235600663052e-03
1.040568138705566525e-03
1.224497162703690753e-03
1.144139353917645588e-03
1.209121268142812925e-03
1.083869761454739648e-03
1.410938005262453703e-03
1.600499007119131909e-03
1.319742620190871582e-03
1.195019302290997428e-03
1.214147100524444727e-03
1.142208352186051832e-03
1.270580213583473710e-03
1.198000233021697921e-03
1.232939801411703229e-03
1.664331507137311325e-03
1.347498868459037465e-03
1.425063279124775010e-03
1.237579588113086595e-03
1.143366638903639239e-03
1.136410474178514403e-03
1.114171268584738823e-03
8.972518262453377247e-04
1.097922558463843836e-03
1.154798336626429705e-03
1.191193075750821310e-03
1.170037368345739617e-03
1.042831090411969501e-03
1.031099515135533136e-03
1.219910764900435356e-03
1.113932222194437532e-03
1.175053559044109954e-03
1.298556258136938663e-03
1.070645933006224857e-03
1.073293845235769300e-03
9.862705732562712570e-04
1.172668861857216211e-03
1.566632501115756406e-03
1.416854078083165961e-03
1.290729044870074244e-03
1.244932250951283651e-03
1.302503390304212121e-03
1.051253044611907524e-03
1.214324480055698234e-03
1.065950732611651870e-03
1.060015804666493682e-03
9.292964698813323309e-04
1.003705476510471624e-03
9.280581060530883461e-04
9.288379764516971251e-04
1.082963825735662727e-03
1.337093213805928826e-03
1.075195709875385614e-03
1.154073331105922012e-03
1.171597641327285248e-03
1.244062990216272249e-03
1.254784953614164738e-03
9.578294494921075911e-04
1.079865581622081174e-03
1.093454434469874354e-03
1.088437283345098944e-03
9.901175591429428775e-04
1.057944343691425695e-03
1.110372320649080950e-03
1.025857250039864926e-03
1.199732688421915622e-03
1.617366971913725138e-03
1.161310189802731725e-03
1.204633540640185924e-03
1.303151865223688708e-03
9.830392830606018723e-04
1.113490309632782487e-03
1.219411829619535285e-03
1.297419786819123703e-03
1.286305840559569822e-03
1.245621263348896651e-03
1.045339724182018119e-03
9.974256848051612796e-04
1.092224943152229639e-03
1.056750907862026839e-03
9.380589201880086591e-04
9.979078188605075301e-04
1.044765688545469789e-03
1.032465295533516484e-03
9.564104797651193281e-04
1.035310671016174706e-03
1.165252856610874983e-03
1.008408177377922163e-03
1.048427686328068376e-03
9.276485153740006298e-04
1.087071157858840150e-03
1.305195033117862715e-03
1.125021496721144171e-03
9.888507754242578923e-04
1.092413178412243724e-03
9.876090002113155266e-04
1.184758351882919669e-03
1.132017147028818727e-03
8.927127512704048683e-04
9.170903899108193060e-04
1.147727149405649823e-03
8.438811554307383686e-04
8.549501196414764593e-04
1.055948353106422053e-03
9.482768655288964510e-04
1.016167266893067437e-03
1.291402062634006143e-03
1.135207571288836823e-03
1.158038844420973806e-03
1.012185542744451243e-03
1.103563961805775762e-03
1.148890080263039988e-03
1.215621870609798509e-03
1.046118180966004729e-03
9.531717556196131567e-04
1.038465819354834332e-03
1.064696498880428896e-03
1.017461456025817472e-03
1.133947117653276177e-03
1.130789447675592226e-03
1.005119876936078072e-03
9.466246826507683466e-04
9.485578630119562149e-04
9.996238056503767549e-04
9.490800564110811422e-04
1.070460479240864515e-03
1.016725407680496573e-03
9.547786654106207947e-04
9.300767227874270817e-04
9.563277583635811140e-04
9.308546224409448714e-04
1.083155802916735411e-03
9.672836458776146173e-04
1.355493137712723535e-03
1.424313913698175031e-03
1.040119128966970072e-03
1.001477715492780658e-03
9.432915332061904282e-04
9.806578870796198426e-04
8.802867544415805866e-04
9.774314281198062757e-04
9.708143562810229868e-04
1.054578423333753495e-03
1.018949002692741976e-03
1.001510652713477612e-03
9.979904300832589687e-04
1.051863405986555892e-03
8.674288733995386223e-04
1.075694333329530730e-03
9.479248630149024338e-04
1.030282861652917189e-03
1.203242963778653222e-03
9.451178318288709591e-04
1.267409035270767583e-03
1.110750499979725999e-03
1.166821619595534128e-03
8.994432116326477001e-04
1.014819643127598840e-03
1.023406532892425207e-03
1.035353081533685327e-03
1.294469710306397599e-03
