2.418570135320936010e-01
2.000446457948003576e-01
1.900211258658341118e-01
1.944494140999657728e-01
1.978642142244747826e-01
1.903678003166403010e-01
1.472277290054730126e-01
1.607322586434228040e-01
1.473338215478829094e-01
1.596861226218087293e-01
1.579217357294900037e-01
1.483206067766462133e-01
1.810605047004563428e-01
1.711137598114354230e-01
1.479784074638570979e-01
1.482621388775961779e-01
1.442126370966434479e-01
1.310582703777722069e-01
1.391013844736984917e-01
1.362646738333361529e-01
1.563696903841836072e-01
1.574789924280984021e-01
1.650074262704168127e-01
1.382426779185022547e-01
1.395383386739662834e-01
1.245536258710282229e-01
1.236496897680418872e-01
1.184964712177004192e-01
1.125338210591248084e-01
1.249299331435135413e-01
1.309447070317608930e-01
1.287672801741532036e-01
1.375817230769566246e-01
1.185836738773754645e-01
1.161112226545810699e-01
1.223015710711479187e-01
1.307905502617359161e-01
1.166803985834121704e-01
1.188543800796781208e-01
1.128463963312762164e-01
1.260018976671355151e-01
1.171781740018299628e-01
1.191812008619308472e-01
1.119853939328874920e-01
1.147644248391900684e-01
1.250753732664244555e-01
1.180141456425189972e-01
1.173265767948968030e-01
1.184668077954224158e-01
1.207099961383002185e-01
1.076821567756789111e-01
1.192712714629513837e-01
1.169246679970196295e-01
1.278825950409684942e-01
1.132047346660069037e-01
1.088368504175118018e-01
1.129041000136307288e-01
1.269900048417704486e-01
9.857706033757754338e-02
1.179613997893673993e-01
1.110555141099861670e-01
1.102775095828941870e-01
1.096569901066166974e-01
1.347208927784647181e-01
1.254094024854046918e-01
1.084791544292654369e-01
1.133021874619381808e-01
1.098909303545951843e-01
1.258413765047277644e-01
1.074695970330919598e-01
1.100317644221442126e-01
8.859807518976074714e-02
1.057614630886486579e-01
1.030043187950338696e-01
9.742117140974317080e-02
8.943688869476318359e-02
1.164246526147637989e-01
9.938379164252962583e-02
1.101778503507375717e-01
1.116750767188412763e-01
9.591673101697649473e-02
1.166384975825037335e-01
1.206403491752488233e-01
1.088037389729704235e-01
9.633961107049669736e-02
9.442580171993800175e-02
1.124810791973556851e-01
9.899227693676948547e-02
1.212238866303648327e-01
1.084873452782630920e-01
9.807438642850943578e-02
1.133449450135231018e-01
1.052639654704502631e-01
9.072823716061455268e-02
1.049172409943171930e-01
9.882786444255284297e-02
9.412494621106556880e-02
9.653604988540921694e-02
1.002839133143424988e-01
9.832585922309330928e-02
1.140806967658656024e-01
1.275067356015954778e-01
1.059382994260106708e-01
9.527511947921343816e-02
1.039741922702108051e-01
9.313390989388738161e-02
1.020946215306009625e-01
8.593545721045561803e-02
9.202830120921134949e-02
9.942229145339556706e-02
9.915606411440032464e-02
1.003988651292664624e-01
9.903289909873690122e-02
9.555892353611332435e-02
8.580850570329598415e-02
8.345760112362247962e-02
9.801038194979939944e-02
9.573513003332274895e-02
9.143468471510070306e-02
9.759867404188428408e-02
9.093868892107691282e-02
8.550753045294966215e-02
8.767186291515827179e-02
9.017300605773925781e-02
9.257066569158009517e-02
9.334923859153475278e-02
8.937857459698404783e-02
9.114479353385311622e-02
9.342113642820290553e-02
7.977317539708954353e-02
8.296533195035797614e-02
8.342597553772586327e-02
7.589664842401232236e-02
9.022603529904570097e-02
7.982975617051124573e-02
8.043810751821313387e-02
7.354325907570975762e-02
8.150488696992397308e-02
7.644857625876154417e-02
8.065027317830494868e-02
8.483917372567313653e-02
8.207490667700767517e-02
8.109223549919468421e-02
8.007154321031910438e-02
7.611773375953946597e-02
8.001563671444143766e-02
9.084677376917429936e-02
8.244332298636436462e-02
9.331874150250639433e-02
7.953829637595585811e-02
7.758822265480246061e-02
6.516389468950885278e-02
7.520208028810364265e-02
7.610996466662202364e-02
8.167737403086253178e-02
8.027799108198710454e-02
6.921033135482243526e-02
7.173739320465497005e-02
8.155445461826664466e-02
8.394903157438550478e-02
8.084038724856716651e-02
8.264616025345665473e-02
7.409575182412352079e-02
8.248643736754145139e-02
6.942873661007199770e-02
7.784497631447655219e-02
7.788697683385439885e-02
7.191843619304043311e-02
7.822502404451370239e-02
7.216960723911013120e-02
6.983596565467971307e-02
6.969698279031685817e-02
6.958777563912528497e-02
6.341956050268240941e-02
6.828386655875615108e-02
7.547945263130324822e-02
6.829345864909035224e-02
6.338947000248092156e-02
7.911387884191103947e-02
7.510534248181752193e-02
6.787405189658914095e-02
6.769882594900471229e-02
6.643361411988735199e-02
6.851374783686228764e-02
6.730861536094120967e-02
6.014463119208812714e-02
6.122724951377937069e-02
7.072384695389441478e-02
6.216408551803657284e-02
6.633511930704116821e-02
6.162963807582855225e-02
6.266847226236547941e-02
7.479234438921723849e-02
7.988758305353778344e-02
6.310745355273995882e-02
6.441900080868176448e-02
6.672552041709423065e-02
6.267802443887506014e-02
5.530726177883999589e-02
5.808376574090549221e-02
6.014256418815681210e-02
6.493430877370494347e-02
7.174697358693395144e-02
6.201071238943508396e-02
5.618514093969549650e-02
5.414912277566535231e-02
5.949051651571478361e-02
5.810877068766525516e-02
5.917735371206488126e-02
6.298376673034258855e-02
6.788560801318713200e-02
6.523529546601432305e-02
6.847768383366721612e-02
5.853164142795971164e-02
6.388216279447078705e-02
6.308628565498761165e-02
6.346839879240308291e-02
6.583093159965106023e-02
6.288326212338038457e-02
5.866020093006747010e-02
5.487990512379577884e-02
6.113341583737304935e-02
6.768397986888885498e-02
7.729006026472363955e-02
6.548689944403511543e-02
6.563040800392627716e-02
5.306443226124558932e-02
6.128008663654327393e-02
5.591513735375234356e-02
5.091720420335020536e-02
5.288903095892497769e-02
5.190156400203704834e-02
6.478161338184561246e-02
5.994670838117599487e-02
5.606798215636184940e-02
5.337137941803250796e-02
6.523332026387963778e-02
5.661863727228982207e-02
5.568361282348632812e-02
5.015285619135413653e-02
5.544854354645524508e-02
6.369033961423806178e-02
5.383165127464702854e-02
5.921123363077640533e-02
5.736183694430759678e-02
4.893385459269795901e-02
5.230109539947339764e-02
5.969324987381696701e-02
6.096414050885608921e-02
5.764585786632129422e-02
5.170455734644617551e-02
5.042852634297950026e-02
5.570987878101212737e-02
6.167843485517161134e-02
5.163745369229998106e-02
5.670142120548656711e-02
6.199991091021469364e-02
6.410773045250348079e-02
5.925006259764943606e-02
6.025181231754166838e-02
6.569965742528438568e-02
5.929032154381275177e-02
5.380846373736858368e-02
5.858389421233108768e-02
5.587873953793730253e-02
5.529360992035695782e-02
6.178361736238002777e-02
6.041676338229860777e-02
5.306947710258620027e-02
5.121934041380882263e-02
5.465952533164194355e-02
4.735787212848663330e-02
5.356290750205516815e-02
5.611199832388332615e-02
5.671625371490206236e-02
5.330299679189920425e-02
5.025856862110750917e-02
5.607823628400053495e-02
5.378997725035462862e-02
5.686067763183798307e-02
5.923702567815780640e-02
4.738009987132889983e-02
5.320737085172107944e-02
5.820328476173537019e-02
4.956831570182528013e-02
4.910287500492164364e-02
6.000751602862562650e-02
6.310871775661196226e-02
5.893622046070439574e-02
4.620250128209590912e-02
5.052459878580910918e-02
5.303597051118101591e-02
5.566221315945897585e-02
4.298897034355571994e-02
6.102584036333220247e-02
5.865197415862764829e-02
5.891807044723203907e-02
5.699311383068561554e-02
5.487758985587528476e-02
4.904775215046746489e-02
