5.712956469506025314e-02
2.673216699622571468e-02
2.034115430433303118e-02
1.933677715715020895e-02
2.023837377782911062e-02
3.623749129474163055e-02
2.385047776624560356e-02
1.816217740997672081e-02
1.841105334460735321e-02
1.841487368801608682e-02
1.868660404579713941e-02
1.514016126748174429e-02
1.629704813240095973e-02
1.950470899464562535e-02
2.842272294219583273e-02
2.156966377515345812e-02
1.926548936171457171e-02
2.192950592143461108e-02
2.169345598667860031e-02
1.896136254072189331e-02
1.815144316060468554e-02
1.857625605771318078e-02
1.876901852665469050e-02
1.851785421604290605e-02
2.074887795606628060e-02
1.856132678221911192e-02
1.583698036847636104e-02
1.564818498445674777e-02
1.590566558297723532e-02
1.544050604570657015e-02
1.714440656360238791e-02
1.787236449308693409e-02
2.017087198328226805e-02
1.730569440405815840e-02
1.874949230113998055e-02
2.026011317502707243e-02
2.570859773550182581e-02
2.287927514407783747e-02
1.997710217256098986e-02
2.153265121160075068e-02
1.685938099399209023e-02
1.721213757991790771e-02
1.978637085994705558e-02
2.471946494188159704e-02
2.036872552707791328e-02
1.591732644010335207e-02
1.628185360459610820e-02
1.737000694265589118e-02
1.672817277722060680e-02
1.529022440081462264e-02
1.555294694844633341e-02
1.570119941607117653e-02
1.538710232125595212e-02
1.570352201815694571e-02
1.555413746973499656e-02
1.638698286842554808e-02
1.609930529957637191e-02
1.698082499206066132e-02
1.656675833510234952e-02
1.622646435862407088e-02
1.583774125901982188e-02
1.967694505583494902e-02
1.525682781357318163e-02
1.665838906774297357e-02
1.470126846106722951e-02
1.506905339192599058e-02
1.631033525336533785e-02
1.623968553030863404e-02
2.166018611751496792e-02
6.025194819085299969e-02
3.822501562535762787e-02
2.996366750448942184e-02
2.191007311921566725e-02
2.162467746529728174e-02
1.918008073698729277e-02
2.104635594878345728e-02
1.957366149872541428e-02
2.189514995552599430e-02
1.855372195132076740e-02
2.641325106378644705e-02
2.609024965204298496e-02
1.940104807727038860e-02
1.788247510557994246e-02
1.565647165989503264e-02
1.548862736672163010e-02
1.512626110343262553e-02
1.568464416777715087e-02
1.503226102795451880e-02
1.567865448305383325e-02
1.616785186342895031e-02
1.519134111003950238e-02
1.663027703762054443e-02
1.929914887296035886e-02
2.206940954783931375e-02
1.867667323676869273e-02
1.738613966153934598e-02
1.556371775222942233e-02
1.576780102914199233e-02
1.583799172658473253e-02
1.909283833811059594e-02
1.597632683115079999e-02
1.558050297899171710e-02
1.570402842480689287e-02
1.583681395277380943e-02
1.571354118641465902e-02
1.603844220517203212e-02
1.903924642829224467e-02
2.707004535477608442e-02
2.298444067128002644e-02
1.948223606450483203e-02
1.867549837334081531e-02
1.689099031500518322e-02
1.973974052816629410e-02
1.718484098091721535e-02
1.724147098138928413e-02
2.420173108112066984e-02
1.928166137076914310e-02
2.638016571290791035e-02
4.137966188136488199e-02
3.685528342612087727e-02
2.470578672364354134e-02
1.974347501527518034e-02
2.128848875872790813e-02
1.813773164758458734e-02
1.714585884474217892e-02
1.589509029872715473e-02
1.589512621285393834e-02
1.620803121477365494e-02
1.963317941408604383e-02
2.400537725770846009e-02
1.871617842698469758e-02
1.775936642661690712e-02
1.590303302509710193e-02
1.601438847137615085e-02
1.582051429431885481e-02
1.582113618496805429e-02
1.530385733349248767e-02
1.542404387146234512e-02
1.546245330246165395e-02
1.758264633826911449e-02
1.904199103591963649e-02
1.802295207744464278e-02
1.869538589380681515e-02
1.921491895336657763e-02
1.664697140222415328e-02
1.633521215990185738e-02
1.519927359186112881e-02
1.508544659009203315e-02
1.606374373659491539e-02
1.631812233245000243e-02
2.072050963761284947e-02
2.533355611376464367e-02
2.632825553882867098e-02
1.953201094875112176e-02
1.685920474119484425e-02
1.545676868408918381e-02
1.671178452670574188e-02
1.611005619633942842e-02
1.809488836443051696e-02
3.293634532019495964e-02
2.173547795973718166e-02
2.002010133583098650e-02
1.771768025355413556e-02
1.566384744364768267e-02
1.715425908332690597e-02
1.619683654280379415e-02
1.679832377703860402e-02
1.610494445776566863e-02
1.535736204823479056e-02
1.503994077211245894e-02
1.968281326116994023e-02
2.009407710283994675e-02
2.586919208988547325e-02
1.883987139444798231e-02
1.829234504839405417e-02
2.235724841011688113e-02
1.980495720636099577e-02
2.219457301544025540e-02
1.934156834613531828e-02
1.522693230072036386e-02
1.557807013159617782e-02
1.614077843260020018e-02
1.669293578015640378e-02
1.722500903997570276e-02
1.970669918227940798e-02
1.717631804058328271e-02
1.724270265549421310e-02
1.793731615180149674e-02
1.531124423490837216e-02
1.627401687437668443e-02
1.623496960382908583e-02
1.562204590300098062e-02
1.550037600100040436e-02
1.727826549904420972e-02
1.476906513562425971e-02
1.643948443233966827e-02
1.992015528958290815e-02
1.989763212623074651e-02
1.694159593898802996e-02
1.584585360251367092e-02
1.608643529471009970e-02
1.513150293612852693e-02
1.496709353523328900e-02
1.454875717172399163e-02
1.431567996041849256e-02
1.487114903284236789e-02
1.497818017378449440e-02
1.529222232056781650e-02
1.827224658336490393e-02
1.783532800618559122e-02
1.909815496765077114e-02
1.792267971904948354e-02
1.762504543876275420e-02
1.529126649256795645e-02
1.543468690942972898e-02
1.693194126710295677e-02
1.609128405107185245e-02
1.635405962588265538e-02
1.614901010179892182e-02
1.450832578120753169e-02
1.545048190746456385e-02
1.531882554991170764e-02
1.483801164431497455e-02
1.566607307177037001e-02
1.504649972775951028e-02
1.449330477043986320e-02
1.584889990044757724e-02
1.519711274886503816e-02
1.546630152733996511e-02
1.474944106303155422e-02
1.534559833817183971e-02
1.591764559270814061e-02
1.555293193086981773e-02
1.384745264658704400e-02
1.563586131669580936e-02
1.424055016832426190e-02
1.651387615129351616e-02
1.578824268653988838e-02
1.593901665182784200e-02
1.511729788035154343e-02
1.719257124932482839e-02
4.001936549320816994e-02
2.759701584000140429e-02
2.546634431928396225e-02
2.303462638519704342e-02
2.329893922433257103e-02
3.516463574487715960e-02
2.902667247690260410e-02
2.369187620934098959e-02
1.806779124308377504e-02
1.777837058762088418e-02
2.674537664279341698e-02
6.094955978915095329e-02
5.316023691557347775e-02
4.159836645703762770e-02
2.716286189388483763e-02
2.351249183993786573e-02
1.993540290277451277e-02
1.778841018676757812e-02
1.699519995599985123e-02
1.691939879674464464e-02
1.653731364058330655e-02
1.498369616456329823e-02
1.586522051366046071e-02
1.701175316702574492e-02
2.773681469261646271e-02
3.302674088627099991e-02
2.398890175390988588e-02
3.257554868469014764e-02
2.460833266377449036e-02
2.740730356890708208e-02
2.164762752363458276e-02
1.846919720992445946e-02
1.782355719478800893e-02
1.786085794446989894e-02
1.596886053448542953e-02
1.523398724384605885e-02
1.625295751728117466e-02
1.645435660611838102e-02
1.938716653967276216e-02
1.647579099517315626e-02
1.647236105054616928e-02
1.568641758058220148e-02
1.498718140646815300e-02
1.576440955977886915e-02
1.544963393826037645e-02
1.631030661519616842e-02
1.571679825428873301e-02
1.516344788251444697e-02
1.392660033889114857e-02
1.869450561935082078e-02
2.544735395349562168e-02
2.261402207659557462e-02
1.905023743165656924e-02
1.513217628234997392e-02
1.453455118462443352e-02
1.662352244602516294e-02
1.717223413288593292e-02
1.766256534028798342e-02
1.725666958373039961e-02
