4.046886581927537918e-01
2.011924039688892663e-01
1.937267330940812826e-01
1.974732951348414645e-01
1.400344707071781158e-01
1.700263223610818386e-01
1.818393225112231448e-01
1.567053953403956257e-01
1.296065961942076683e-01
1.308628050610423088e-01
1.905425403383560479e-01
1.364599808584898710e-01
1.258714975556358695e-01
1.355422586202621460e-01
1.063233044114895165e-01
1.142394761554896832e-01
1.708193994127213955e-01
2.007368635386228561e-01
1.588863427750766277e-01
1.915769786573946476e-01
3.475718675181269646e-01
2.443509884178638458e-01
1.430139648728072643e-01
1.191107030026614666e-01
1.328169824555516243e-01
1.040592413046397269e-01
1.044161395402625203e-01
1.041025754529982805e-01
1.024708907061722130e-01
9.473870374495163560e-02
9.861494041979312897e-02
1.048687042784877121e-01
9.751793183386325836e-02
1.346510834991931915e-01
1.185862484853714705e-01
9.337476198561489582e-02
1.130258012562990189e-01
1.148852887563407421e-01
1.149143730290234089e-01
1.023551865946501493e-01
1.131118255434557796e-01
8.211867889622226357e-02
8.313053154415683821e-02
9.483483480289578438e-02
1.157312521263520466e-01
1.046852522995322943e-01
1.313841609517112374e-01
9.120200808820300153e-02
8.831274136900901794e-02
9.131764154881238937e-02
8.997329277917742729e-02
1.063879732973873615e-01
1.361368303187191486e-01
1.850020559504628181e-01
1.670250899624079466e-01
1.086960564539367624e-01
9.356944169849157333e-02
9.707964037079364061e-02
9.179300558753311634e-02
8.655381354765268043e-02
1.061758766882121563e-01
9.027424710802733898e-02
1.110379614401608706e-01
9.047758788801729679e-02
8.123888116097077727e-02
8.388104196637868881e-02
8.545471815159544349e-02
8.644191158236935735e-02
7.698643143521621823e-02
9.016135480487719178e-02
7.846314244670793414e-02
1.261408375576138496e-01
8.785361086484044790e-02
9.529894732986576855e-02
9.293233719654381275e-02
1.036851385224508704e-01
9.341921406667097472e-02
9.605848696082830429e-02
1.168773521203547716e-01
8.620102464919909835e-02
8.576780011935625225e-02
8.358091613263241015e-02
1.542989120353013277e-01
1.588034662418067455e-01
1.111262608855909662e-01
1.259087284561246634e-01
1.668158401153050363e-01
9.067695867270231247e-02
1.115759930689819157e-01
1.108306776732206345e-01
1.180946287931874394e-01
8.094424474984407425e-02
1.016077268213848583e-01
9.880754979349148925e-02
1.024014558643102646e-01
1.242025286192074418e-01
9.711708046961575747e-02
7.908211351605132222e-02
7.317734936850683880e-02
9.127291711047291756e-02
8.967777388170361519e-02
1.519078630954027176e-01
1.101653142832219601e-01
1.869239083025604486e-01
1.462808395735919476e-01
1.766164782457053661e-01
1.046860204078257084e-01
9.633276937529444695e-02
1.327878338734080899e-01
1.073908349499106407e-01
9.682406648062169552e-02
8.839211612939834595e-02
8.735671127215027809e-02
8.841906971065327525e-02
8.612876827828586102e-02
8.104271729098400101e-02
7.777117897057905793e-02
1.285680239088833332e-01
1.986245564185082912e-01
1.089354569558054209e-01
9.895701706409454346e-02
8.840184984728693962e-02
1.270977919921278954e-01
9.909287746995687485e-02
1.013993967790156603e-01
1.570551414042711258e-01
1.020739316091834326e-01
8.045035973191261292e-02
1.425246698781847954e-01
1.087244907394051552e-01
7.371374763897620142e-02
9.140270948410034180e-02
8.531246673373971134e-02
8.681790484115481377e-02
8.429808530490845442e-02
7.646575639955699444e-02
9.469262766651809216e-02
1.351209026761353016e-01
1.644677116511665815e-01
9.823550074361264706e-02
1.151974429376423359e-01
1.504298140062019229e-01
1.131441509351134300e-01
1.849250909872353077e-01
2.122923787683248520e-01
1.128575614420697093e-01
1.026720420923084021e-01
1.024422035552561283e-01
1.458439948037266731e-01
1.132603516031167601e-01
9.613090846687555313e-02
8.988530212081968784e-02
8.690767921507358551e-02
1.007094789529219270e-01
9.822178108152002096e-02
1.001808200962841511e-01
1.168024219099379479e-01
8.022007532417774200e-02
7.314472552388906479e-02
8.467250992543995380e-02
9.369869774673134089e-02
1.112262480892241001e-01
8.556247677188366652e-02
8.547701616771519184e-02
2.373374956659972668e-01
1.731990575062809512e-01
1.199746639467775822e-01
1.079332379158586264e-01
1.159427390666678548e-01
8.936064026784151793e-02
9.727974887937307358e-02
1.308594008442014456e-01
1.432410976849496365e-01
1.070578414946794510e-01
1.071848748251795769e-01
1.157519905827939510e-01
8.906513114925473928e-02
9.830357460305094719e-02
7.639589195605367422e-02
9.049702482298016548e-02
8.825691614765673876e-02
8.322036129175103270e-02
8.318670338485389948e-02
8.548412052914500237e-02
9.281953377649188042e-02
1.010560942813754082e-01
9.433155266742687672e-02
7.557202852331101894e-02
9.865838056430220604e-02
1.631670735268926364e-01
7.860389008419588208e-02
7.131193298846483231e-02
1.500908071175217628e-01
1.239629224874079227e-01
1.108199181035161018e-01
9.954402700532227755e-02
8.834945905255153775e-02
1.009024733211845160e-01
8.412557447445578873e-02
8.628063509240746498e-02
9.371864434797316790e-02
1.006128280423581600e-01
1.259082704782485962e-01
1.373048033565282822e-01
1.725231292657554150e-01
9.837399574462324381e-02
7.769666239619255066e-02
8.914417983032763004e-02
9.664063039235770702e-02
2.328387617308180779e-01
1.649629869498312473e-01
2.337193805724382401e-01
1.008667612841236405e-01
1.076678421522956342e-01
1.008261977694928646e-01
9.943710174411535263e-02
1.013015422504395247e-01
9.964683512225747108e-02
1.590835498645901680e-01
1.497345415409654379e-01
9.966879757121205330e-02
8.196533075533807278e-02
1.012155178468674421e-01
1.806228556670248508e-01
1.025713444687426090e-01
1.136348452419042587e-01
1.584891070961020887e-01
9.638681937940418720e-02
8.596518228296190500e-02
7.603382560773752630e-02
1.023824161384254694e-01
1.089639791753143072e-01
1.080717754084616899e-01
1.097296617226675153e-01
9.847460594028234482e-02
8.794935699552297592e-02
8.268893671720434213e-02
7.337671289860736579e-02
8.536113100126385689e-02
1.192630762234330177e-01
1.022574543612790876e-01
9.240242629311978817e-02
1.006823673960752785e-01
1.071829916909337044e-01
1.016084810253232718e-01
1.625755931527237408e-01
8.878485742025077343e-02
7.632006611675024033e-02
8.695817481202539057e-02
8.367235714104026556e-02
7.521193796128500253e-02
7.325418194523081183e-02
7.602738286368548870e-02
7.026562574901618063e-02
9.136163513176143169e-02
8.746373787289485335e-02
7.651104242540895939e-02
7.697095104958862066e-02
7.190145732602104545e-02
8.285223043640144169e-02
7.640832505421712995e-02
6.999457621714100242e-02
7.764429599046707153e-02
8.050485223066061735e-02
8.265825989656150341e-02
7.958661380689591169e-02
9.426427306607365608e-02
1.006947897840291262e-01
1.124324483098462224e-01
7.856763091695029289e-02
7.575335305045882706e-02
6.760746217332780361e-02
8.117916551418602467e-02
1.103162909857928753e-01
9.065094660036265850e-02
8.311806281562894583e-02
8.607445901725441217e-02
8.898360817693173885e-02
1.352168708108365536e-01
1.397336148656904697e-01
8.691794914739148226e-02
8.789129252545535564e-02
1.062863790430128574e-01
7.698738446924835443e-02
8.783323224633932114e-02
8.515737802372314036e-02
7.447166834026575089e-02
7.472911104559898376e-02
1.334938788786530495e-01
1.674603101564571261e-01
9.652269398793578148e-02
9.539199291612021625e-02
7.632568461849587038e-02
7.915880075233872049e-02
9.949294151738286018e-02
8.833899116143584251e-02
7.483266066992655396e-02
8.733156870584934950e-02
7.500415944377891719e-02
6.992792614619247615e-02
