4.601131891831755638e-03
1.546329952543601437e-03
1.413854176644235893e-03
1.304557311232201712e-03
1.277095254044979724e-03
1.312479417538270311e-03
1.421390598989091857e-03
1.427289118873886851e-03
1.049981641699559987e-03
1.339769148034974889e-03
1.156929982244037092e-03
1.164939085720107046e-03
1.067040333873592404e-03
1.205185247818007978e-03
1.140108559047803196e-03
1.116431714035570665e-03
1.218109653564170003e-03
1.310462440596893473e-03
1.203588632051832974e-03
1.080384707893244879e-03
1.303445629309862765e-03
1.363351583131589082e-03
1.118240747018717229e-03
1.170918758725747553e-03
1.248432433931156906e-03
1.051761960843577894e-03
1.131193735636770639e-03
1.003309577936306639e-03
1.015226932941004547e-03
8.546280791051685593e-04
1.120082326815463689e-03
1.264325637021102055e-03
1.211269863415509506e-03
1.185937097761779980e-03
1.325759326573461338e-03
1.207495597191154870e-03
1.015453474246896890e-03
1.169835304608568549e-03
1.043822994688525796e-03
1.098336995346471581e-03
1.121040046564303425e-03
1.122990052681416230e-03
1.468679815297946421e-03
1.057326528825797097e-03
1.253096442087553398e-03
1.067286884062923534e-03
1.049174836953170554e-03
9.469471784541383602e-04
1.006512678577564570e-03
1.150081909145228565e-03
1.086073697661049707e-03
1.101019693305715962e-03
1.258856453932821707e-03
1.103331445483490738e-03
1.174612948670983358e-03
1.263068529078736988e-03
1.933494955301284703e-03
2.827542799059301528e-03
1.804581831675022884e-03
1.449067099019885020e-03
1.461179208126850339e-03
1.256830123020336119e-03
1.238037654547952072e-03
1.229334730305709032e-03
1.142070184869226068e-03
1.093502773437649098e-03
1.292388202273286879e-03
1.289544225437566725e-03
1.108355689211748540e-03
9.382042422657832720e-04
9.753676597028971152e-04
9.210337375407107174e-04
1.031149859772995071e-03
9.959788440028205514e-04
1.011538764578290197e-03
9.215394326020032384e-04
9.661686432082206228e-04
1.002570454147644341e-03
1.060703158145770431e-03
1.016858838556799994e-03
9.992673760280013518e-04
1.018070653663016769e-03
1.131829744554124729e-03
9.754681697813794451e-04
1.164097871514968487e-03
1.166668822406791151e-03
9.512535441899671717e-04
9.828435082454233494e-04
1.073253562208265110e-03
1.009688229532912330e-03
1.108271893463097426e-03
1.227806386305019346e-03
9.739798377268015905e-04
9.679314433014951213e-04
9.719136258354410095e-04
1.137324896990321533e-03
1.088123494992032691e-03
1.135168611654080451e-03
1.201835981919430153e-03
1.065137624391354664e-03
8.795761590590700290e-04
9.053471410879864855e-04
9.148290904704481146e-04
9.706477023428306417e-04
7.816692319465801337e-04
8.105963352136313915e-04
8.400475038797594390e-04
8.531777304597199397e-04
8.003406430361792879e-04
9.393796673975885348e-04
1.067233990761451510e-03
1.179043663432821545e-03
1.237824244890362111e-03
1.210653514135628939e-03
1.441136328503489581e-03
1.231495774118229790e-03
9.841019520536065535e-04
9.630942106014118032e-04
9.666927246144041853e-04
1.009468504344113258e-03
9.360276424558832808e-04
9.583443752489984035e-04
8.172150046448223293e-04
1.124748928123153703e-03
9.337733383290470080e-04
9.563676372636109807e-04
9.590665402356534763e-04
9.866888431133702397e-04
9.595965471817180731e-04
1.068897530785761774e-03
8.249721722677350044e-04
8.318813488585874438e-04
7.597463569254614630e-04
9.266778535675257878e-04
9.984408039599656191e-04
9.557805838994682052e-04
8.840606649755499823e-04
7.897359610069543123e-04
8.658740523969754143e-04
1.142626887303776996e-03
1.148764122626744297e-03
1.190640949062071741e-03
8.997083758004009290e-04
8.115896984236314676e-04
9.710786544019356370e-04
9.358423209050670483e-04
8.146763779222965024e-04
7.052430795738473318e-04
1.073950258432887451e-03
1.058534759795293169e-03
9.683053445769474127e-04
9.246588015230372548e-04
9.837734367465599938e-04
9.162582355202175677e-04
9.620286553399636908e-04
9.773522644536570148e-04
8.604254689998924732e-04
9.974793938454240561e-04
7.577664800919592381e-04
7.545861080870963633e-04
7.756310966215096631e-04
9.571136382874101184e-04
1.154972318909131077e-03
1.065010449383407788e-03
1.163924072170630141e-03
1.219219621270895091e-03
9.944569872459396286e-04
7.316652161534875198e-04
9.427599725313484669e-04
8.740948862396181063e-04
7.204072375316172621e-04
7.185471593402325673e-04
7.383742660749704079e-04
7.504177308874204321e-04
6.943989108549430533e-04
7.370211591478436968e-04
1.156833313871175051e-03
1.288366236258298072e-03
9.472077741520479538e-04
9.144327836111187718e-04
8.327898191055283167e-04
8.447050495306029916e-04
8.420432975981384082e-04
8.307739335577934980e-04
9.816208810661918981e-04
9.154943778412416794e-04
1.032848726026713848e-03
9.135890984907745881e-04
9.525528614176437692e-04
1.035453786607831803e-03
9.875326941255480051e-04
7.906415237812324925e-04
7.564596875454298935e-04
9.505270369118079760e-04
9.448212222196161747e-04
8.699715166585519693e-04
8.545667980797589259e-04
9.373251232318580151e-04
9.540056606056168242e-04
9.671369829447939775e-04
8.200649375794455192e-04
8.202038559829815789e-04
9.523192042252048633e-04
1.006665649765636815e-03
9.826914378209040436e-04
7.723030241322704093e-04
7.373130996711551926e-04
9.030438261106610732e-04
6.490476371254771948e-04
6.146445797639898739e-04
7.380609051324427562e-04
7.985391450347379284e-04
7.455108367139473774e-04
9.651046639191918075e-04
8.159657241776585796e-04
6.974858915782533586e-04
7.787066220771521547e-04
7.032081426586956003e-04
8.734540839213878133e-04
1.093732123263180299e-03
9.808244169107638733e-04
8.904297370463609912e-04
1.385736317024566146e-03
1.023242733208462639e-03
1.179567707004025492e-03
9.574523923220112703e-04
1.043655601097270803e-03
8.586811542045325258e-04
9.175398241495713808e-04
7.252540905028581836e-04
7.309890788746997714e-04
7.097042602254077575e-04
6.283049326157197790e-04
8.152241964126006202e-04
6.968901507207192481e-04
8.095962723018601970e-04
8.126322223688476004e-04
8.427243272308259769e-04
8.046123592066578133e-04
8.322374022100120349e-04
7.553035757155157626e-04
7.971874874783679843e-04
9.872581053059549007e-04
8.920820837374776602e-04
9.907396262860857384e-04
7.349263949436135156e-04
8.473328969557769163e-04
8.531116327503696084e-04
8.332345692906528928e-04
9.618311887606978416e-04
1.055276996339671314e-03
8.260242495452985601e-04
7.964670308865607002e-04
8.146869047777726813e-04
7.937165923067368350e-04
9.038161748321727135e-04
8.194498906959779994e-04
9.377058100653812506e-04
9.200642380164936185e-04
8.902289948309772150e-04
8.564560761442407749e-04
7.850995505577884181e-04
1.018723036395385861e-03
8.254930740804411688e-04
8.220087242079898498e-04
8.973421849077567241e-04
7.973165484145283699e-04
7.759867410641163154e-04
8.075936697423457883e-04
9.200409709592350044e-04
9.796330938115715113e-04
7.513211545301601508e-04
7.608520303620025299e-04
6.558760418556630395e-04
7.457499639713204963e-04
7.808379508787765882e-04
7.230012939544394829e-04
7.629233819898218133e-04
8.834086125716567256e-04
9.348128980491310792e-04
8.009641634998843508e-04
7.725307019427418926e-04
7.335108093684539199e-04
1.057302762637846085e-03
1.187468244461342779e-03
7.387189063592814343e-04
5.573556642048061111e-04
7.994231244083493514e-04
8.631118747871368907e-04
7.460834574885665937e-04
9.184616443235427358e-04
6.603432222618721859e-04
7.277814685949124830e-04
7.316895760595798059e-04
6.907610048074274822e-04
8.686404617037624121e-04
7.323728321352973147e-04
7.021456724032760100e-04
7.818375481292605834e-04
7.460045235347934067e-04
