6.223087812724866774e-01
2.034967114266596211e-01
1.557723785701551067e-01
1.484724757702726994e-01
1.445068148405928288e-01
1.314755936986521656e-01
1.215914542737760035e-01
1.109267709482657238e-01
1.097808413599666855e-01
1.092772717146496958e-01
1.273703673168232464e-01
9.503024796906270333e-02
8.365050281741116811e-02
9.849654804719121248e-02
9.356901485865053159e-02
8.854333997557037317e-02
9.415181628183315332e-02
8.820400583116631832e-02
7.597329173433153837e-02
7.543479121829334277e-02
6.600000277945869409e-02
8.137793231167290975e-02
7.107009150479969006e-02
7.027560119566164665e-02
6.626128287691819552e-02
6.602833380824640885e-02
6.647256428473874434e-02
6.377092827307551115e-02
6.966830829256459579e-02
6.202912134559530888e-02
5.825999536012348157e-02
7.389596614398454000e-02
7.488774704305749264e-02
6.354841884029538424e-02
6.015151288164289484e-02
7.234403549840576209e-02
5.208120406850388212e-02
4.511372438680968933e-02
4.706783357419466046e-02
4.502288781498607617e-02
4.992773021130185451e-02
5.215331304230188397e-02
5.466838926076889038e-02
4.642342011395253487e-02
4.634737850804077769e-02
4.912967430917840328e-02
4.424969143675346051e-02
4.531909545001230888e-02
5.089527988610299120e-02
4.665421135723590851e-02
3.845209265617947902e-02
4.246397914462968215e-02
4.835179193239463186e-02
5.339222920960501328e-02
4.320939953782056836e-02
4.021330089553406401e-02
4.809193891522131614e-02
4.633285213065774927e-02
4.653212143794486361e-02
4.275715135430034619e-02
4.499663736083005933e-02
6.021646096518164931e-02
5.448303518718794480e-02
4.591259428937184001e-02
5.213118295528387097e-02
4.863274014113765087e-02
4.052921531623915330e-02
3.718534866838078823e-02
3.732050553356346112e-02
4.592647070163174972e-02
5.615922887074319830e-02
5.199980441676942816e-02
4.530555156892851487e-02
4.941485684953237506e-02
4.996395630663946763e-02
5.126863776853209792e-02
4.599644939758276013e-02
4.223412490989032764e-02
5.503077403103050214e-02
4.689460483036542865e-02
4.161451904005125657e-02
4.099670601518530522e-02
3.872995882442122756e-02
4.348551413338435506e-02
4.761970866667596808e-02
3.732360139685241690e-02
3.596352864252893439e-02
4.341093803706921883e-02
4.961913147647129679e-02
5.551498383283615112e-02
3.768838873427165365e-02
3.882743633891407031e-02
4.138608316057607039e-02
3.970456868410110474e-02
3.858942420859085703e-02
3.712137955191888161e-02
3.895158506929874420e-02
4.369952029695636092e-02
3.934180648311188383e-02
4.220272169301384629e-02
5.944219506100604372e-02
5.706938022845670089e-02
3.941935585125496549e-02
4.181134720381937675e-02
4.164825124960196828e-02
4.507083014438027085e-02
3.151929737252526231e-02
3.898958665759939823e-02
4.440443663808860131e-02
3.760089798781432457e-02
3.205626457929611206e-02
4.810326595447565051e-02
4.796858239722879419e-02
4.703715580858682660e-02
4.057948521681522397e-02
3.062644787132740021e-02
4.366554976686051054e-02
4.408132657408714294e-02
4.173528104040183373e-02
3.574563307981742238e-02
4.205706107773279218e-02
4.045579700093520498e-02
3.737346715244807549e-02
3.739323790528272656e-02
3.827963171428755418e-02
2.999906516388842898e-02
3.416526425433786401e-02
3.149380529985616045e-02
3.126602266964159660e-02
3.307696770092374144e-02
3.495226467126294478e-02
3.033290430903434753e-02
3.456438381813074084e-02
3.160122463381603852e-02
3.680199119997652063e-02
2.821174366889815655e-02
3.408343737062655143e-02
3.655333297425195083e-02
3.683110159870825462e-02
3.128636020578836469e-02
3.936934490737162284e-02
3.538102921294538489e-02
2.901849332020470934e-02
3.166921848529263839e-02
3.232133976723018665e-02
3.147332536938943215e-02
4.626126910902952222e-02
3.884463727866348248e-02
3.242845254901208230e-02
4.050615282827302321e-02
4.397481238763583516e-02
4.043893143534660339e-02
4.043308380795152673e-02
2.913982176074856115e-02
2.966561256662795382e-02
3.636196608606137581e-02
3.312566670540131875e-02
3.144430300514949178e-02
3.503676915639325484e-02
3.957024442130013808e-02
3.070371411740779877e-02
3.313946272981794366e-02
3.774640003317281112e-02
3.563179487460538253e-02
4.346187922515367535e-02
4.013256145347105647e-02
4.267858360943041496e-02
3.691220126653972644e-02
3.679182596112552661e-02
3.868527661420797376e-02
3.166765327516354867e-02
2.915153531725273375e-02
3.108502718570985146e-02
2.696114160904758764e-02
3.143587875130929299e-02
3.185244237906054154e-02
3.522813756411012631e-02
2.842936767755370464e-02
2.847097343520114260e-02
3.051849106620800958e-02
3.079679598541636143e-02
3.018403739521377874e-02
3.414330342294354115e-02
3.168634560547376605e-02
2.979064589415333919e-02
2.914610206100501366e-02
2.387341638830931673e-02
2.769080755349836998e-02
2.921207964812454552e-02
2.900740063112032877e-02
2.616093484194655094e-02
3.234928449321734095e-02
3.886527195572853088e-02
5.218828587155593252e-02
4.286322046659494373e-02
4.276966171241119996e-02
3.915158123709261417e-02
3.960013918970760327e-02
4.348951950669288635e-02
4.774012808737002067e-02
3.904195384759651805e-02
2.985014589993577327e-02
3.136392423000775032e-02
3.208093276541484212e-02
3.425355481081887588e-02
4.084414498586403514e-02
3.681691917345712023e-02
3.502880360342954663e-02
3.118440209838904686e-02
3.249571648867506657e-02
3.161899186670780182e-02
2.500301315204093294e-02
2.827013685907188087e-02
2.639075849009187708e-02
3.046381248063162808e-02
3.155433815462808933e-02
3.123721911718970942e-02
3.216277700113622656e-02
3.996814944242176038e-02
1.112771691068222685e-01
7.481698848699268323e-02
5.700578138624366742e-02
4.835949548961300526e-02
4.211546372818319312e-02
4.689985827395790757e-02
4.286760268242735539e-02
3.345515618198796615e-02
4.385021809292467126e-02
3.985779477577460622e-02
3.330539735524278011e-02
5.315702310518214541e-02
4.071818429388498334e-02
4.617158323526382446e-02
1.021241259418035757e-01
5.845211407071665421e-02
6.507802950708489742e-02
7.664318363133229561e-02
5.293575056681507768e-02
3.574009376921152142e-02
4.152521677315235138e-02
3.598056243438469554e-02
3.243684704954687137e-02
3.119151147180481906e-02
3.685469552874565125e-02
3.387306172302678720e-02
3.576748210348581342e-02
3.358864347989622134e-02
3.271999053264919299e-02
3.792469428950234756e-02
3.039006594764558783e-02
3.390450236436567955e-02
3.278944082558155060e-02
3.714286408534175216e-02
4.317928733010040904e-02
3.885277341070927926e-02
3.742024189743556328e-02
2.739404200723296809e-02
3.242028994779837942e-02
3.671773072136075983e-02
3.499112403216330519e-02
3.211100507331521997e-02
3.311509727255294161e-02
3.316961934691980973e-02
2.734922045094304033e-02
2.716902788042237921e-02
2.871713224311334828e-02
3.117262170110878319e-02
3.255187278907550191e-02
2.991009954559175482e-02
3.344809469815931968e-02
2.996693419194535260e-02
2.890587377509004283e-02
2.613689686710897117e-02
2.836821522367628107e-02
3.086602521177969627e-02
2.651779539883136749e-02
2.253240714535901384e-02
2.882082887778156591e-02
3.934173972198837937e-02
4.895020148863917647e-02
3.640324769443586961e-02
3.561918584531859056e-02
2.642352629060807853e-02
3.474841090409379329e-02
3.548476129378143329e-02
3.598885914604914998e-02
3.250413927200593300e-02
2.872526823346944341e-02
2.828392232032982817e-02
3.200402522557660445e-02
3.150363957607432708e-02
2.882224831141923585e-02
3.118099365383386612e-02
3.061359194352438612e-02
3.079135755175038333e-02
2.881942226208354316e-02
3.358825747119752875e-02
3.161381665421159753e-02
3.033197416286719308e-02
3.070778061488741231e-02
