3.076674426464658108e-02
1.756813548701374045e-02
1.466643432841489153e-02
1.379366248453918302e-02
1.434510054164811130e-02
1.536088784862505753e-02
1.237974962905833559e-02
1.275685816807182148e-02
1.315421978697964983e-02
1.343554439709374743e-02
1.318761382840181670e-02
1.340038976386973696e-02
1.441413051399745467e-02
1.384444809273669558e-02
1.271624211221933365e-02
1.301518509066418652e-02
1.493917827151323638e-02
1.839313494335663782e-02
1.762346011635504417e-02
1.377156175869075939e-02
1.266192855607522171e-02
1.346203640691543899e-02
1.310049374832918806e-02
1.524183565848752017e-02
1.453620754182338715e-02
1.355455492280031524e-02
1.247916277498006821e-02
1.286367851456529134e-02
1.271494404461822984e-02
1.194734851780690672e-02
1.255566273864946840e-02
1.190416823680463636e-02
1.284594721111812117e-02
1.172991229319258685e-02
1.267837507552222256e-02
1.233988073899557752e-02
1.206657050275488849e-02
1.326583075876298749e-02
1.215004577840629423e-02
1.253541034499281413e-02
1.249924650121676285e-02
1.351546167739127793e-02
1.258263722258178875e-02
1.229175734088609057e-02
1.363256720727995877e-02
1.261949196065727079e-02
1.162783772145446932e-02
1.159341520580806258e-02
1.292665699790967147e-02
1.392946255050207457e-02
1.225363012207181766e-02
1.365582546905467348e-02
1.172545473826558902e-02
1.258717443009740346e-02
1.372573534516911831e-02
1.228401074676137295e-02
1.254655322746226626e-02
1.444266359076688128e-02
2.020231879463321376e-02
1.428740628455814517e-02
1.343069681407589588e-02
1.202267271123434386e-02
1.236987952142953873e-02
1.244757991088064029e-02
1.257481435803990688e-02
1.210384438500592547e-02
1.193719494499658265e-02
1.131978077127745314e-02
1.121834415550294721e-02
1.336677259716548445e-02
1.188480961871774509e-02
1.338307588900390470e-02
1.821765499679665889e-02
1.432295967089502499e-02
1.388700875012498226e-02
1.286260318011045456e-02
1.197676855678621137e-02
1.152505426618613722e-02
1.312241796404123306e-02
1.320145529155668414e-02
1.275895619274754200e-02
1.308462656054057600e-02
1.220499425146140578e-02
1.161480856765257676e-02
1.122132188787585728e-02
1.080966593795701022e-02
1.133308476327281322e-02
1.199226551934292478e-02
1.397723827118936384e-02
1.264585211480918729e-02
1.184653500585179653e-02
1.240691812218804035e-02
1.147601400551043031e-02
1.194484085824928758e-02
1.161760454507250462e-02
1.173204561009218855e-02
1.162578670406027789e-02
1.090355423328123567e-02
1.139806921740895741e-02
1.234157844201514559e-02
1.187650589762549724e-02
1.194671526747314617e-02
1.140119110871302445e-02
1.461566023920711672e-02
1.887770310828560186e-02
1.436981857803307054e-02
1.530751752618112090e-02
1.792818425517333017e-02
1.390530668983334071e-02
1.220436815760637603e-02
1.186752579125918867e-02
1.213428378105163574e-02
1.121758140231433713e-02
1.138876246190384869e-02
1.202556789901695726e-02
1.282201124061095078e-02
1.220158703233066404e-02
1.147137675434350967e-02
1.216258294880390167e-02
1.206068611262660351e-02
1.171703249412147686e-02
1.155290978127404208e-02
1.201784507812637959e-02
1.139653890736793199e-02
1.243833545595407486e-02
1.178173181649885652e-02
1.152462585780181410e-02
1.343062701389977770e-02
1.684734651720837598e-02
1.273306081757733660e-02
1.265621969574376102e-02
1.202255673706531525e-02
1.178072015509793596e-02
1.193087003929050281e-02
1.312677532826599276e-02
1.077431430549997959e-02
1.121046335289352901e-02
1.134889719909743314e-02
1.205073120562653866e-02
1.267930517267239730e-02
1.136211590155174894e-02
1.180755160748958588e-02
1.163422252590719068e-02
1.337432596636445835e-02
1.268198537199120846e-02
1.258704203524087586e-02
1.175590192801074033e-02
1.103163824269646175e-02
1.140260461129640260e-02
1.157775114437467091e-02
1.159048477481854598e-02
1.271965428206481459e-02
1.088962081427636945e-02
1.178545445988052852e-02
1.269461489037463503e-02
1.263679142453168550e-02
1.611963968331876426e-02
1.412616032910974338e-02
1.372565432010512676e-02
1.207616802697118914e-02
1.221311474709134426e-02
1.072029102789728329e-02
1.116986376674551640e-02
1.159616991093284123e-02
1.070593346498514495e-02
1.139157500706220946e-02
1.329018979480391972e-02
1.214532490427556836e-02
1.196954379740514281e-02
1.045616961231357091e-02
1.066872487334828701e-02
1.096864162307036560e-02
1.088937474904876079e-02
1.212144809726037505e-02
1.158641259136952879e-02
1.173528058356360440e-02
1.452719483916696704e-02
1.253826612312542756e-02
1.249419691923417571e-02
1.140375136348762038e-02
1.125857611431887312e-02
1.107169991653216522e-02
1.108588719446408112e-02
1.164065399452259703e-02
1.198692560980194576e-02
1.178196557846508501e-02
1.182232904983194187e-02
1.074454242265538220e-02
1.130534331069180803e-02
1.175427015282605805e-02
1.198050884627982135e-02
1.196528711405239580e-02
1.202094329423026089e-02
1.223713473269814021e-02
1.353574828489830656e-02
1.301603127074868992e-02
1.263932030844061062e-02
1.362198762791721508e-02
1.170543571443934117e-02
1.106688105746319456e-02
1.113843662958396118e-02
1.105514075607061386e-02
1.070598542298141324e-02
1.137513368341483595e-02
1.181799139043218129e-02
1.117468541978221264e-02
1.202167345112875943e-02
1.246855172671769776e-02
1.195984711184313459e-02
1.369825358453549864e-02
1.135050833813453994e-02
1.142577670122447812e-02
1.133340754007038272e-02
1.327004244453028683e-02
1.121380052676326268e-02
1.111930167596591155e-02
1.193423510382050044e-02
1.344475704000184374e-02
1.134613195532246585e-02
1.162204548324409330e-02
1.209843648891699951e-02
1.224890596380359166e-02
1.168726850301027298e-02
1.128452575128329437e-02
1.127562990510149951e-02
1.159336383601552480e-02
1.155189542393935363e-02
1.212020517375908372e-02
1.300337714584250126e-02
1.191739757594309328e-02
1.149433214021356418e-02
1.181926475347656880e-02
1.251932375721241317e-02
1.167194285479031084e-02
1.206281447881146426e-02
1.185846412064213429e-02
1.042012635030244508e-02
1.147221729747558913e-02
1.112085335740917690e-02
1.043831405082815654e-02
1.112373673210018642e-02
1.122254221455046969e-02
1.114071077226023998e-02
1.171502544495620253e-02
1.086491885546006682e-02
1.128509248557843687e-02
1.163539819811519778e-02
1.177182891651203794e-02
1.159419266408995633e-02
1.083604447347553089e-02
1.311922205710097308e-02
1.438030708385141208e-02
1.292716956844455235e-02
1.237524869410615291e-02
1.413541615597511611e-02
1.335940201227602160e-02
1.244190075483761308e-02
1.238355854232060273e-02
1.213909146424971101e-02
1.215500075762209094e-02
1.104252422718625393e-02
1.452088086424689617e-02
1.813107106442514091e-02
1.312252011542257464e-02
1.154430333132806623e-02
1.140092342699828946e-02
1.148292191914821944e-02
1.176455063059141798e-02
1.166988423976459029e-02
1.181518698209210391e-02
1.103775634577399724e-02
1.097232299415688839e-02
1.139393909589240389e-02
1.121540367603302002e-02
1.151540958763737355e-02
1.177118944102211948e-02
1.316168360216052845e-02
1.190934849804953580e-02
1.123288911032049343e-02
1.139849767481025851e-02
1.119826616425263245e-02
1.142677194193789797e-02
1.095267659739444094e-02
1.408694292369641783e-02
1.341796685990534303e-02
1.151910086015337474e-02
1.097851231890289471e-02
1.057950799402437685e-02
1.197878771314495570e-02
1.130407592771869030e-02
1.093172149634675031e-02
1.118861423119118376e-02
1.064562145620584488e-02
1.041869618194667980e-02
1.082662360644654279e-02
1.047600457738888900e-02
1.118348847682538831e-02
1.132567123951096211e-02
1.141368068362537229e-02
1.200750087829012547e-02
