2.011466662224847823e-02
3.717242783750407398e-03
2.187999831221532077e-03
1.391663205140503123e-03
8.922741326387040317e-04
6.305986426013987511e-04
4.671170081564923748e-04
4.759048115374753252e-04
4.613163746398640797e-04
2.266966866955044679e-04
2.109576053044293076e-04
1.528504280940978788e-04
2.294718060511513613e-04
3.030015245713002514e-04
2.115137740474892780e-04
1.702169861346192192e-04
2.428220523142954335e-04
2.054713022516807541e-04
2.126390882040141150e-04
1.420376461283012759e-04
1.400799292241572402e-04
1.202216394631250296e-04
1.292108127017854713e-04
1.044714099407428876e-04
1.478104745729069691e-04
1.346545723208691925e-04
1.296420896323979832e-04
1.256018640560796484e-04
1.617344837541168090e-04
1.630951119295787066e-04
1.728196984913665801e-04
2.783675563478027470e-04
2.278799743180570658e-04
1.266334229512722231e-04
1.637306877455557697e-04
8.706618154974421486e-05
7.065458089527965058e-05
6.866275089123519138e-05
6.451108470173494425e-05
5.705812850465008523e-05
6.150385752334841527e-05
6.437232923417468555e-05
6.400793699867790565e-05
5.923783623984490987e-05
5.688305782314273529e-05
6.031927705407724716e-05
5.834611215504992288e-05
5.609241520687646698e-05
6.138689627732674126e-05
5.591669128079956863e-05
5.780448850600805599e-05
5.675736588273139205e-05
5.612359564111102372e-05
5.509522202373773325e-05
5.138319238540134393e-05
5.696320431525236927e-05
5.687138082066667266e-05
5.349489651962358039e-05
5.449129116641415749e-05
5.233478395894053392e-05
5.677034732798347250e-05
5.901898634874669369e-05
5.716980695069651119e-05
5.163005744179827161e-05
5.788977796328254044e-05
5.222827121542650275e-05
5.297362167766550556e-05
5.064085848971444648e-05
4.661257548832509201e-05
4.884025270257552620e-05
4.941490828969108406e-05
4.955771987624757458e-05
4.977649837201170158e-05
4.647087030207330827e-05
4.665478218157659285e-05
5.066539370091049932e-05
4.596851908900134731e-05
4.699784949480090290e-05
4.971717930857266765e-05
5.083869336885982193e-05
4.557260695037257392e-05
4.620539561983605381e-05
4.906048638986248989e-05
5.032129502069437876e-05
4.596482858687522821e-05
4.823393942388065625e-05
4.825155701837502420e-05
5.042458565185370389e-05
4.853814607486128807e-05
4.585328520079201553e-05
5.073753732176555786e-05
4.640820588974747807e-05
4.713057001026754733e-05
4.645736248676257674e-05
4.687051819018961396e-05
4.811133476323448122e-05
4.459114416022202931e-05
4.557168654173437972e-05
4.815308875549817458e-05
4.570955979943391867e-05
4.826274789593298919e-05
4.644557088795409072e-05
4.972661758984031621e-05
4.720882066067133565e-05
5.072148587714764290e-05
4.645197645913867746e-05
4.698420980275841430e-05
4.911187897960189730e-05
4.820587605536275078e-05
4.687675618697539903e-05
4.800134320248616859e-05
4.520119341577810701e-05
4.752708150590478908e-05
4.656872351915808395e-05
4.690489754466398153e-05
4.567648147713043727e-05
4.525911731434462126e-05
4.717184651781280991e-05
4.859123782807728276e-05
4.788017895407392643e-05
4.698292286775540560e-05
4.740822328130889218e-05
4.781784150509338360e-05
4.503587365434214007e-05
4.599119120030081831e-05
4.688869762503600214e-05
4.754762835545989219e-05
4.553046505861857440e-05
4.649103811971144751e-05
4.738232928502839059e-05
4.609018265000486281e-05
4.860212993662571535e-05
4.738488769362447783e-05
4.920945275443955325e-05
4.776488049174076878e-05
4.430547141964780167e-05
4.604166133503895253e-05
4.636508538169437088e-05
4.679361336457077414e-05
4.637676397578616161e-05
4.973162526766827796e-05
4.728964950118097477e-05
4.917902811030216981e-05
4.858757711190264672e-05
4.904567981611762661e-05
5.002626812711241655e-05
4.700369822785432916e-05
4.665842720896762330e-05
4.594085498865752015e-05
4.973551472176040988e-05
4.871986038779141381e-05
4.816340424440568313e-05
4.992566027794964612e-05
5.128594807501940522e-05
4.495118969316536095e-05
4.796902453563234303e-05
5.130449653734103777e-05
4.518015975918387994e-05
4.937270364280266222e-05
4.627121165867720265e-05
5.042158795731666032e-05
4.742498958876240067e-05
4.724535324385215063e-05
4.849773154091963079e-05
4.851534504268784076e-05
5.037422079112729989e-05
4.652943562177824788e-05
4.626435861609934364e-05
4.817826084035914391e-05
4.692598577094031498e-05
4.690813284469186328e-05
4.784337716046138667e-05
4.453500855561287608e-05
4.820087997359223664e-05
4.807030836673220620e-05
5.142564327798027080e-05
4.422083929966902360e-05
5.250050048744014930e-05
4.696732094089384191e-05
4.865076107307686470e-05
4.614502768163220026e-05
4.626706504495814443e-05
5.230540250522608403e-05
5.112419398756173905e-05
5.086106807539181318e-05
4.921399568047490902e-05
4.796014900421141647e-05
4.845171588385710493e-05
4.323304733588884119e-05
4.697101371675671544e-05
5.292170339998847339e-05
4.762265916724572890e-05
4.996530128664744552e-05
4.564866776490816846e-05
5.259874910734652076e-05
4.736663845505972859e-05
4.356986823950137477e-05
4.705686774286732543e-05
4.297875420888885856e-05
4.920973788102855906e-05
4.759041848956258036e-05
4.662830656343430746e-05
4.645415629056515172e-05
4.776015566676505841e-05
4.908479468213045038e-05
4.745186606669449247e-05
4.918767558592662681e-05
4.829714885090652388e-05
4.736021401186008006e-05
4.831554633710766211e-05
4.741341308545088395e-05
4.874150408795685507e-05
4.911588325740012806e-05
5.119003549225453753e-05
4.895524148196273018e-05
4.789400350091455039e-05
4.613426676769449841e-05
4.745887167700857390e-05
5.029724320593231823e-05
4.602293847710825503e-05
4.809341135114664212e-05
4.936878326589067001e-05
5.089824594506353606e-05
4.733964829028991517e-05
5.011188682146894280e-05
4.844204522669315338e-05
4.898761471849866211e-05
4.843307033297605813e-05
5.321949220160604455e-05
4.512832674663513899e-05
5.049777109888964333e-05
4.804844206773850601e-05
4.910935649604653008e-05
4.863092294726811815e-05
4.765760149894049391e-05
4.790092998518957756e-05
4.953999791723617818e-05
4.712384543381631374e-05
5.140831058270123322e-05
5.199149836698779836e-05
4.744655689137289301e-05
4.891183129984710831e-05
4.740056965601979755e-05
5.134523462402285077e-05
4.653973337553907186e-05
4.666681411436002236e-05
4.585835927173320670e-05
4.674272713600657880e-05
5.321858611750940327e-05
4.865776895712770056e-05
4.700800400314619765e-05
4.873394686910614837e-05
4.769684915117977653e-05
5.008252378502220381e-05
4.649103607334836852e-05
5.095766368867771234e-05
5.034756759414449334e-05
4.617681065610668156e-05
4.977684534424042795e-05
4.770938562614901457e-05
4.692459037869411986e-05
4.734902199743373785e-05
4.991609375792904757e-05
4.603677962222718634e-05
4.988088858226547018e-05
4.687739442488236818e-05
4.418250250637356658e-05
4.915877661915146746e-05
4.780850395036395639e-05
5.011797429688158445e-05
4.626521126738225576e-05
4.647907348953594919e-05
4.735425409307936206e-05
4.914246846965397708e-05
4.992979052076407243e-05
4.853580503549892455e-05
4.508706047090527136e-05
4.485181102609203663e-05
4.944780653204361442e-05
4.600135116561432369e-05
5.003543992643244565e-05
4.939065206599480007e-05
4.968546363670611754e-05
4.360677098702581134e-05
4.794468668478657492e-05
5.043703640694729984e-05
4.984751740266801789e-05
4.752465588353516068e-05
4.831052410736447200e-05
4.740705253425403498e-05
5.043775036028819159e-05
5.122348147779121064e-05
4.748546075461490545e-05
4.803028127753350418e-05
4.695716529568016995e-05
5.070798488304717466e-05
4.560233742267882917e-05
4.768133953803044278e-05
4.587704142977599986e-05
4.699705937127873767e-05
