6.220003648195415735e-02
1.815101032843813300e-02
1.098690615617670119e-02
1.036067670793272555e-02
9.454046783503144979e-03
9.866378881270065904e-03
9.370896412292495370e-03
8.527785597834736109e-03
8.671285177115350962e-03
7.779987441608682275e-03
8.197827235562726855e-03
7.859654113417491317e-03
8.294204861158505082e-03
8.352944278158247471e-03
8.141505502862855792e-03
9.061725460924208164e-03
7.396756351226940751e-03
9.066446276847273111e-03
7.444225600920617580e-03
7.308498112251982093e-03
7.512809883337467909e-03
7.926168036647140980e-03
8.224134886404499412e-03
7.103787997039034963e-03
6.839491135906428099e-03
6.778129376471042633e-03
6.917610997334122658e-03
7.856738666305318475e-03
6.601542001590132713e-03
6.595999322598800063e-03
6.725703395204618573e-03
7.018611839157529175e-03
6.415442941943183541e-03
7.415902742650359869e-03
7.210942276287823915e-03
6.903286615852266550e-03
6.779275790904648602e-03
6.528878235258162022e-03
6.614647048991173506e-03
6.155891576781868935e-03
5.879663658561185002e-03
6.433728645788505673e-03
6.864677590783685446e-03
6.405080173863098025e-03
8.121004648273810744e-03
6.732758425641804934e-03
6.052743614418432117e-03
6.517897709272801876e-03
6.368307949742302299e-03
6.404978717910125852e-03
5.920641589909791946e-03
6.238373433006927371e-03
5.848435917869210243e-03
6.401872349670156837e-03
5.900910589843988419e-03
6.256517750443890691e-03
6.270334823057055473e-03
6.319079926470294595e-03
6.154861010145395994e-03
5.896994523936882615e-03
6.451582681620493531e-03
6.198209099238738418e-03
5.913389439228922129e-03
5.320474447216838598e-03
6.414525996660813689e-03
6.390766357071697712e-03
5.892318033147603273e-03
6.099145888583734632e-03
6.641834057518281043e-03
5.750067313783802092e-03
5.428347707493230700e-03
5.618085415335372090e-03
5.487529590027406812e-03
6.421837926609441638e-03
5.919272603932768106e-03
6.324500398477539420e-03
6.118466204497963190e-03
5.830493319081142545e-03
6.328347633825615048e-03
6.378563019097782671e-03
5.744899957790039480e-03
5.572322392254136503e-03
5.605787519016303122e-03
5.377282388508319855e-03
5.679905152646824718e-03
5.510295246494933963e-03
6.117652112152427435e-03
5.798124504508450627e-03
5.979745241347700357e-03
5.432408099295571446e-03
5.723611131543293595e-03
5.874390888493508101e-03
5.715643521398305893e-03
5.695916173863224685e-03
5.941237715887837112e-03
5.421953363111242652e-03
5.325479040038771927e-03
5.106920987600460649e-03
5.362411364330910146e-03
5.956111883278936148e-03
6.877553081721998751e-03
5.239808000624179840e-03
5.553224851610139012e-03
5.503054155269637704e-03
5.519956786883994937e-03
5.472425153129734099e-03
5.531603776034899056e-03
5.466854228870943189e-03
5.390267106122337282e-03
5.043112556450068951e-03
5.034775531385093927e-03
5.293127411277964711e-03
5.677320441463962197e-03
6.601568355108611286e-03
4.928690992528572679e-03
5.010716355172917247e-03
5.389568745158612728e-03
5.609385319985449314e-03
4.964146020938642323e-03
5.458670915686525404e-03
5.355668297852389514e-03
5.589066015090793371e-03
5.022822675528004766e-03
5.167345647350884974e-03
5.123161332448944449e-03
4.953739917255006731e-03
5.435556988231837749e-03
5.229239774052985013e-03
5.274965355056338012e-03
5.160015600267797709e-03
5.565719227888621390e-03
6.487715072580613196e-03
5.552285321755334735e-03
5.499394042999483645e-03
5.111894162837415934e-03
5.275126473861746490e-03
4.903414068394340575e-03
5.237060919171199203e-03
5.825625878060236573e-03
4.890347016043961048e-03
5.638098067720420659e-03
6.490941013908013701e-03
4.851681005675345659e-03
4.668608205975033343e-03
5.275848830933682621e-03
4.850522906053811312e-03
4.890254989732056856e-03
4.996382849640212953e-03
5.022178578656166792e-03
4.913035460049286485e-03
4.553335733362473547e-03
5.365521385101601481e-03
5.333244625944644213e-03
5.163786685443483293e-03
5.821592640131711960e-03
6.015690771164372563e-03
6.350904106511734426e-03
5.356823516194708645e-03
4.752812877995893359e-03
5.078089598100632429e-03
5.505925655597820878e-03
5.014392998418770730e-03
4.621103435056284070e-03
4.900411018752492964e-03
4.853801539866253734e-03
4.581447690725326538e-03
4.905956506263464689e-03
5.176904945983551443e-03
4.897892416920512915e-03
4.985738822142593563e-03
4.799882241059094667e-03
5.035883266828022897e-03
4.589836244122125208e-03
5.112626487971283495e-03
4.784385033417493105e-03
5.046135411248542368e-03
4.982202721294015646e-03
7.126456650439649820e-03
4.938341502565890551e-03
5.059223374701105058e-03
5.074153697933070362e-03
4.924918466713279486e-03
4.759160670801065862e-03
4.575914805172942579e-03
4.859856184339150786e-03
4.367925052065402269e-03
4.527782526565715671e-03
5.237637626123614609e-03
4.679822624893859029e-03
4.565084745991043746e-03
4.384697749628685415e-03
5.116532687679864466e-03
4.621003288775682449e-03
4.788228092365898192e-03
5.135866158525459468e-03
4.642205851268954575e-03
4.913067008601501584e-03
4.336467114626429975e-03
4.628548413165844977e-03
4.796299603185616434e-03
4.765804609633050859e-03
4.934692609822377563e-03
4.683737279265187681e-03
4.963704792317003012e-03
5.139183878782205284e-03
4.473898705327883363e-03
4.785958779393695295e-03
6.800900591770187020e-03
4.868584757787175477e-03
4.726335202576592565e-03
5.221293264185078442e-03
4.545269519439898431e-03
4.765274337842129171e-03
5.262097416562028229e-03
4.839203043957240880e-03
4.887450006208382547e-03
4.862062574829906225e-03
4.882600900600664318e-03
4.504233365878462791e-03
4.225142969517037272e-03
4.780705770826898515e-03
5.277710355585440993e-03
4.545805481029674411e-03
4.618220584234222770e-03
4.684780709794722497e-03
4.717267773230560124e-03
4.834692896110936999e-03
4.911568699753843248e-03
5.263021186692640185e-03
4.485812940401956439e-03
4.512635801802389324e-03
5.549062465433962643e-03
4.415402756421826780e-03
4.511067585553973913e-03
4.280878842109814286e-03
4.363805754110217094e-03
4.471811989787966013e-03
5.067219666671007872e-03
4.565829338389448822e-03
4.330177820520475507e-03
4.459747113287448883e-03
4.969918023562058806e-03
4.710084846010431647e-03
4.669774003559723496e-03
4.406898820889182389e-03
4.254424682585522532e-03
4.407813830766826868e-03
4.587635572534054518e-03
5.180180596653372049e-03
4.412132766447030008e-03
4.701209094491787255e-03
4.414639028254896402e-03
4.803287636605091393e-03
4.496784720686264336e-03
4.748694351292215288e-03
4.931784773361869156e-03
5.018071635277010500e-03
5.005394385079853237e-03
4.524910895270295441e-03
5.054242574260570109e-03
4.264164846972562373e-03
4.429386448464356363e-03
4.985420193406753242e-03
4.698136341175995767e-03
4.324155292124487460e-03
4.303414491005241871e-03
4.368724679807201028e-03
4.426143976161256433e-03
4.342154483310878277e-03
4.289258911740034819e-03
5.966184253338724375e-03
4.475596120755653828e-03
4.321559201343916357e-03
4.489038794417865574e-03
4.539916728390380740e-03
4.654848278732970357e-03
4.242980357958003879e-03
4.200290219159796834e-03
4.705794970504939556e-03
5.129445329657755792e-03
4.374219104647636414e-03
4.363868109066970646e-03
4.518469650065526366e-03
4.281904824892990291e-03
4.376528537250123918e-03
4.330659648985601962e-03
4.211085208225995302e-03
4.482448479393497109e-03
4.708491731435060501e-03
4.422086203703656793e-03
4.203118849545717239e-03
4.494368142331950366e-03
4.799391841515898705e-03
4.322279564803466201e-03
4.275477360351942480e-03
4.490524341235868633e-03
4.469145336770452559e-03
4.382107261335477233e-03
4.407271699164994061e-03
4.374780255602672696e-03
