1.000000000000000021e-03
9.996182089472031504e-04
9.999674840351067441e-04
9.999880862398991682e-04
9.999894056465876736e-04
9.999911786721634235e-04
9.999903924217052372e-04
9.999913331602806009e-04
9.999928225322091222e-04
9.999925789456933639e-04
9.999940261175516241e-04
9.999933672090689438e-04
9.999939031469019021e-04
9.999932103360708452e-04
9.999931138271926992e-04
9.999934580346451704e-04
9.999918956092354160e-04
9.999946001513135545e-04
9.999918871628969523e-04
9.999945306211619530e-04
9.999947282444919799e-04
9.999944293774007485e-04
9.999937995187541725e-04
9.999933245702728041e-04
9.999950194304575105e-04
9.999953831404918229e-04
9.999954656107685243e-04
9.999952770718960760e-04
9.999939076691670599e-04
9.999956987973542336e-04
9.999957060169229264e-04
9.999955354825895270e-04
9.999951381507257188e-04
9.999959378827868919e-04
9.999945721603311927e-04
9.999948680426251190e-04
9.999952966112640295e-04
9.999954640767993921e-04
9.999957929635538111e-04
9.999956817033685014e-04
9.999962599179660142e-04
9.999965880377451911e-04
9.999959146936077993e-04
9.999953490747270739e-04
9.999959509951238459e-04
9.999934909393046363e-04
9.999955261114420058e-04
9.999963842051791309e-04
9.999958071027553394e-04
9.999959973531126912e-04
9.999959511233945039e-04
9.999965403131752355e-04
9.999961590210592992e-04
9.999966241843051117e-04
9.999959550497884361e-04
9.999965633340779109e-04
9.999961366456110168e-04
9.999961195629064083e-04
9.999960589960337105e-04
9.999962611701245473e-04
9.999965678939603305e-04
9.999958919881702258e-04
9.999962083203038903e-04
9.999965487834650262e-04
9.999972061694342544e-04
9.999959390438815498e-04
9.999959690719861186e-04
9.999965733353186319e-04
9.999963285530519101e-04
9.999956461330158485e-04
9.999967367891925488e-04
9.999970917305533568e-04
9.999968848714724939e-04
9.999970279708462074e-04
9.999959297804347693e-04
9.999965419129038316e-04
9.999960522319997162e-04
9.999963052560931469e-04
9.999966448660485389e-04
9.999960474276385972e-04
9.999959844515958138e-04
9.999967426515853682e-04
9.999969354142926401e-04
9.999968984944619492e-04
9.999971461902299255e-04
9.999968159384697419e-04
9.999970032600999544e-04
9.999963062392344497e-04
9.999966820156082261e-04
9.999964708948512818e-04
9.999970873781724879e-04
9.999967667482850472e-04
9.999965941545594945e-04
9.999967757437706103e-04
9.999967979621572460e-04
9.999965162009231100e-04
9.999970985781272970e-04
9.999972009110508989e-04
9.999974259460205073e-04
9.999971619529693465e-04
9.999964987353988574e-04
9.999953316117040757e-04
9.999972902445374706e-04
9.999969563842569034e-04
9.999970111309623363e-04
9.999969927421601366e-04
9.999970443093462048e-04
9.999969800382868101e-04
9.999970503240585874e-04
9.999971323912081045e-04
9.999974898671666612e-04
9.999974981595555722e-04
9.999972348159625463e-04
9.999968188357008080e-04
9.999956987630132139e-04
9.999976024781182578e-04
9.999975220129936771e-04
9.999971331342118533e-04
9.999968945120887073e-04
9.999975678604560055e-04
9.999970591481580247e-04
9.999971690859879147e-04
9.999969169698086358e-04
9.999975100244801966e-04
9.999973646737411563e-04
9.999974095486817253e-04
9.999975780465176350e-04
9.999970840006016954e-04
9.999973011641759280e-04
9.999972537594781392e-04
9.999973721450227792e-04
9.999969426730086208e-04
9.999958458451563368e-04
9.999969574140451373e-04
9.999970151054634031e-04
9.999974209303002463e-04
9.999972535917130319e-04
9.999976270065504946e-04
9.999972930850847125e-04
9.999966504656025625e-04
9.999976396372150210e-04
9.999968626386473210e-04
9.999958417129240201e-04
9.999976768145114187e-04
9.999978488321821426e-04
9.999972528394952993e-04
9.999976779234702635e-04
9.999976397260484755e-04
9.999975361696163828e-04
9.999975106630381964e-04
9.999976176849306297e-04
9.999979537495108737e-04
9.999971586600714911e-04
9.999971927418726744e-04
9.999973683026013895e-04
9.999966551019381488e-04
9.999964283389645159e-04
9.999960192007238680e-04
9.999971678646003403e-04
9.999977705339934634e-04
9.999974549278678113e-04
9.999970080109606835e-04
9.999975183751868245e-04
9.999978923872394898e-04
9.999976299122929815e-04
9.999976747832703579e-04
9.999979284047329480e-04
9.999976245451032159e-04
9.999973549143204542e-04
9.999976323479126128e-04
9.999975466560516706e-04
9.999977261564425672e-04
9.999974970585413271e-04
9.999979208116811097e-04
9.999974201912978540e-04
9.999977408156825349e-04
9.999974868571070118e-04
9.999975501348489990e-04
9.999949875931458607e-04
9.999975930801087605e-04
9.999974738037315739e-04
9.999974588715788374e-04
9.999976061469402315e-04
9.999977645747317335e-04
9.999979334053229509e-04
9.999976689786941372e-04
9.999981170021312801e-04
9.999979766520639916e-04
9.999972924888795526e-04
9.999978384851782899e-04
9.999979431759775054e-04
9.999981025130674685e-04
9.999974162476930797e-04
9.999978924785889439e-04
9.999977371848464518e-04
9.999973966847443795e-04
9.999978730943408309e-04
9.999976176543350949e-04
9.999981440272677491e-04
9.999978855906985122e-04
9.999977295495723114e-04
9.999977583289309819e-04
9.999975966356916719e-04
9.999978348674699435e-04
9.999975682927885606e-04
9.999973933202275980e-04
9.999980245240210411e-04
9.999977393291951695e-04
9.999954350929571561e-04
9.999976605978920085e-04
9.999977953052633511e-04
9.999973093604002262e-04
9.999979609929315807e-04
9.999977588277461638e-04
9.999972671416773509e-04
9.999976887490632897e-04
9.999976424329116379e-04
9.999976668616328366e-04
9.999976471087288800e-04
9.999979976443283420e-04
9.999982380957282355e-04
9.999977442890360842e-04
9.999972509005449969e-04
9.999979605120391281e-04
9.999978950160635146e-04
9.999978339026783288e-04
9.999978037565143349e-04
9.999976930552343778e-04
9.999976191071718607e-04
9.999972661820781972e-04
9.999980139884187026e-04
9.999979901667642012e-04
9.999969609451896981e-04
9.999980758447252378e-04
9.999979915634219473e-04
9.999981913049224135e-04
9.999981205520854476e-04
9.999980263663927824e-04
9.999974658119320774e-04
9.999979425049628293e-04
9.999981494068943978e-04
9.999980370016827401e-04
9.999975622012888601e-04
9.999978104398045409e-04
9.999978477577130698e-04
9.999980832493156335e-04
9.999982135898979278e-04
9.999980824532787860e-04
9.999979228050030668e-04
9.999973515659450578e-04
9.999980786936767813e-04
9.999978186841008455e-04
9.999980765103058927e-04
9.999977229288310298e-04
9.999980042614342937e-04
9.999977743961822440e-04
9.999975994672866565e-04
9.999975147327369845e-04
9.999975272740211849e-04
9.999979792177625133e-04
9.999974787753545136e-04
9.999982054008538668e-04
9.999980636377367796e-04
9.999975469696179009e-04
9.999978215346229642e-04
9.999981545510212757e-04
9.999981722119371912e-04
9.999981163126348601e-04
9.999980664716727734e-04
9.999981391557832399e-04
9.999981842167436283e-04
9.999964868834352195e-04
9.999980230247303321e-04
9.999981567662570830e-04
9.999980111310177548e-04
9.999979657926226072e-04
9.999978614938878109e-04
9.999982231877868177e-04
9.999982587621807258e-04
9.999978144264235185e-04
9.999974031899678227e-04
9.999981115715347695e-04
9.999981204983738551e-04
9.999979849668616267e-04
9.999981904378521091e-04
9.999981095769631609e-04
9.999981489950324470e-04
9.999982498005207526e-04
9.999980169664065676e-04
9.999978119207240945e-04
9.999980700152613731e-04
9.999982564161649830e-04
9.999980064058818906e-04
9.999977266210513874e-04
9.999981561517065718e-04
9.999981958663522064e-04
9.999980098144576127e-04
9.999980287195432260e-04
9.999981047544819878e-04
9.999980829249403413e-04
