3.527152433991432301e-01
2.647446542978286743e-01
2.111479051411151997e-01
1.832767017185688019e-01
1.768798917531967108e-01
1.847876310348510742e-01
1.715459689497947637e-01
1.397042907774448395e-01
1.233806207776069613e-01
9.169688075780868530e-02
7.189582623541354578e-02
6.598847061395644864e-02
5.921223349869251390e-02
5.257450081408023695e-02
5.187306776642799239e-02
5.241461917757987699e-02
5.177055671811103821e-02
3.893696758896112581e-02
5.169352050870656967e-02
4.539485573768616000e-02
3.854743968695402423e-02
3.293185289949178418e-02
3.392701856791972836e-02
3.630892131477594237e-02
3.410197943449020525e-02
3.536209315061569075e-02
3.741058558225631575e-02
3.558311592787503919e-02
3.085732273757457733e-02
3.486979398876428882e-02
3.556933077052235742e-02
3.407561760395765027e-02
3.485879693180322925e-02
3.371387943625449995e-02
3.575496841222047806e-02
2.970046373084187646e-02
2.818658463656902383e-02
3.007709141820669174e-02
2.822216488420963357e-02
3.075889609754085471e-02
2.735104020684957574e-02
2.541366284713149001e-02
2.274411786347627779e-02
2.460777740925550530e-02
3.094105087220668654e-02
2.949234675616025855e-02
2.522152848541736603e-02
2.570791654288768699e-02
2.582500744611024995e-02
2.123313816264271736e-02
2.537075728178024223e-02
3.089166507124900887e-02
2.492333427071571211e-02
2.253507003188133170e-02
2.073238370940089226e-02
2.799681760370731354e-02
2.619842514395713876e-02
3.072300106287002494e-02
3.924697097390890399e-02
2.567893080413341522e-02
2.645724266767501831e-02
2.977119777351617744e-02
2.447971776127815316e-02
2.645542956888675620e-02
2.144266171380877425e-02
2.130183009430765967e-02
1.814404623582959244e-02
2.104569375514984270e-02
2.687683328986167908e-02
2.123067928478121827e-02
1.732918936759233336e-02
1.975712133571505547e-02
2.123964056372642378e-02
1.978943469002842834e-02
1.942630596458911826e-02
1.968722632154822419e-02
1.964610852301120619e-02
2.225743643939494948e-02
2.425723429769277573e-02
2.371873874217271874e-02
2.579361014068126678e-02
2.110053515061736246e-02
2.199307624250650475e-02
1.976632615551352640e-02
2.484565619379281928e-02
2.180153066292405198e-02
1.974519202485680580e-02
2.055876106023788591e-02
1.940332427620887826e-02
1.887332657352090021e-02
1.860107639804482391e-02
1.769221648573875497e-02
1.762738423421978881e-02
1.769946757704019685e-02
2.190916398540139129e-02
2.386756557971238951e-02
1.984512396156788011e-02
2.035838756710290839e-02
1.652483940124511649e-02
1.920313965529203346e-02
1.916416957974433760e-02
2.098590508103370667e-02
2.326075546443462372e-02
1.560853719711303642e-02
1.757780117914080689e-02
1.785258390009403229e-02
1.806554049253463606e-02
1.748486310243606637e-02
1.744433054700493882e-02
1.971812685951590538e-02
2.083629313856363158e-02
1.697555184364318848e-02
2.070898199453950067e-02
2.539725620299577644e-02
2.527894657105207374e-02
2.153525510802865167e-02
2.277483399957418511e-02
2.067150548100471497e-02
1.869670683518052240e-02
2.014194838702678542e-02
2.143813995644450188e-02
1.807216256856918404e-02
1.583247380331158707e-02
2.054885039106011529e-02
2.284124158322810988e-02
1.871737986803054948e-02
1.663159215822816034e-02
1.390444869175553287e-02
2.113523334264755249e-02
2.319076843559741974e-02
2.177407722920179228e-02
1.639765202999115060e-02
1.804893417283892632e-02
1.587671171873807768e-02
1.646477561444044044e-02
1.876513017341494699e-02
1.821163706481456618e-02
1.777116749435663293e-02
1.817653365433215956e-02
2.041112910956144333e-02
1.638968558982014517e-02
1.560991508886218002e-02
2.388400025665760040e-02
1.657412033528089454e-02
1.631985325366258621e-02
1.710455901920795302e-02
1.899628285318612914e-02
1.751205762848257949e-02
1.772512570023536752e-02
1.645831158384680748e-02
1.744064223021268845e-02
1.513387942686677048e-02
1.865022256970405579e-02
1.419547805562615395e-02
1.740889474749564986e-02
1.751684444025158882e-02
1.865114411339163780e-02
2.177247041836381097e-02
2.450216514989733696e-02
2.064707633107900481e-02
1.733726402744650841e-02
1.576728001236915588e-02
1.654530279338359972e-02
1.745082642883062293e-02
1.897384952753782342e-02
2.372062038630247047e-02
1.942610517144203325e-02
1.596704255789518218e-02
1.516010626219213044e-02
2.177696628496050835e-02
1.752842403948307037e-02
1.781740477308630874e-02
1.932228850200772355e-02
1.732080187648534636e-02
1.577322119846940110e-02
1.845413111150264601e-02
1.141030383296310832e-02
1.665030606091022491e-02
1.946649067103862693e-02
1.905820528045296808e-02
1.739743514917790890e-02
1.416908958926796878e-02
1.565982094034552505e-02
1.528944540768861771e-02
1.792744668200612138e-02
1.866131816059351037e-02
1.973190903663635254e-02
2.556637451052665849e-02
2.185260951519012521e-02
2.077282723039388518e-02
2.874123211950063705e-02
2.659685304388403893e-02
2.455540653318166733e-02
2.259811144322156767e-02
2.153386147692799499e-02
1.869045021012425561e-02
2.105577103793621063e-02
1.812564618885516982e-02
1.564116310328245163e-02
1.347427871078252758e-02
1.747278841212391784e-02
1.534678498283028637e-02
1.617812938056886057e-02
1.347247809171676566e-02
1.204748488962650334e-02
1.520659318193793262e-02
1.250335276126861642e-02
1.531461440026760101e-02
1.515389764681458404e-02
1.731099598109721999e-02
1.481714034453034470e-02
1.572575718164443900e-02
1.446002097800374100e-02
1.525718821212649311e-02
1.560015631839633057e-02
1.706493850797414710e-02
1.575076477602124075e-02
1.559952050447463955e-02
2.004230683669448038e-02
1.449011806398630212e-02
1.529753189533948968e-02
1.252545579336583614e-02
1.501050535589456593e-02
1.695490749552846024e-02
1.573452241718769143e-02
1.558551136404275929e-02
1.726440815255046030e-02
1.541318516246974538e-02
1.470315298065543244e-02
1.792800137773156027e-02
1.593229379504918983e-02
1.413962850347161293e-02
1.664870735257863860e-02
1.685801381245255470e-02
1.491433167830109527e-02
1.421494116075336898e-02
2.307693194597959518e-02
1.546691730618476868e-02
1.352560101076960564e-02
1.782355559989810129e-02
1.300495518371462891e-02
1.398426536470651592e-02
1.728587970137596130e-02
1.547671873122453620e-02
1.398492427542805637e-02
2.091828836128115793e-02
1.475153779610991443e-02
1.658359309658408165e-02
1.536294398829340935e-02
1.525873793289065326e-02
1.413890151306986843e-02
1.717992229387164255e-02
1.554786451160907780e-02
1.459156200289726292e-02
1.470384802669286693e-02
1.844246173277497292e-02
1.903238072991371085e-02
1.378531483933329548e-02
1.589727783575654169e-02
1.712817903608083656e-02
1.749665569514036179e-02
1.516726394183933770e-02
1.714865975081920554e-02
1.508722915314137866e-02
1.842701137065887521e-02
1.348650669679045747e-02
1.413427973166108201e-02
1.689353100955486367e-02
1.784129273146390846e-02
1.555900266394019162e-02
1.417408864945173333e-02
1.462741927243769134e-02
2.033836487680673599e-02
1.925682695582509041e-02
1.667108382098376682e-02
1.491384673863649368e-02
1.554094403982162441e-02
1.987727489322423796e-02
1.764555117115378449e-02
1.548299826681613992e-02
1.749627562239765982e-02
1.506622405722737347e-02
1.285026213154196774e-02
1.696958700194954942e-02
1.351733608171343769e-02
1.467259703204035724e-02
1.671886621043085913e-02
1.781455287709832191e-02
1.385599272325634991e-02
1.729468647390603950e-02
1.388879371806979110e-02
1.502222046256065403e-02
1.652681902050972054e-02
1.454851361922919820e-02
1.655157301574945380e-02
1.342815607786178658e-02
1.166015602648258140e-02
1.704964786767959595e-02
1.643268279731273721e-02
1.308119371533393929e-02
