2.224603099748492102e-02
1.571339955553412507e-02
1.345984926447272266e-02
1.357139572501182487e-02
1.246899822726845776e-02
1.102117588743567467e-02
1.143599245697259938e-02
1.087849000468850066e-02
1.206519454717636108e-02
1.086857225745916332e-02
1.009511081501841476e-02
1.026893360540270805e-02
1.030908776447176864e-02
9.766822215169668198e-03
9.752084407955408443e-03
9.848322533071041801e-03
1.061670109629631042e-02
9.609699528664351204e-03
1.037049097940325772e-02
9.593945369124412884e-03
9.964620508253575065e-03
9.710525535047054638e-03
1.118738884106278489e-02
1.080751791596412659e-02
1.072423914447426761e-02
1.067587574943900178e-02
1.059576356783509254e-02
9.445483330637216568e-03
1.091587943956255982e-02
1.003565639257431030e-02
1.005198564380407368e-02
9.697278961539268494e-03
1.013687951490283012e-02
1.047006361186504295e-02
1.058259904384612968e-02
1.022642012685537338e-02
9.704678878188132893e-03
9.211078751832246780e-03
9.681557305157184601e-03
9.442368056625127792e-03
1.050579762086272309e-02
1.050020940601825714e-02
1.190635943785309757e-02
1.171252494677901303e-02
1.062993602827191388e-02
1.033053416758775676e-02
1.079990649595856736e-02
1.007341407239437103e-02
9.728705976158380508e-03
9.877850208431482662e-03
9.997476544231175682e-03
9.332133457064628601e-03
9.900951292365789413e-03
1.067899204790592228e-02
1.023914692923426698e-02
9.780947491526604046e-03
9.778647404164075158e-03
1.108151506632566383e-02
1.093652509152889286e-02
1.147329723462462391e-02
1.113219056278467144e-02
1.081498321145773003e-02
1.065532565116882394e-02
1.121088676154613495e-02
1.064981743693351780e-02
1.029925020411610534e-02
1.013287128880619933e-02
1.060180068016052315e-02
9.922267217189074257e-03
9.772257972508668553e-03
9.585560765117406845e-03
1.031883237883448635e-02
1.002445891499519418e-02
1.005921605974435806e-02
9.761693887412548065e-03
1.037469999864697526e-02
9.939574450254441002e-03
9.562337957322596810e-03
9.905919712036848762e-03
1.026844996958970954e-02
1.000589951872825692e-02
9.952564816921949040e-03
9.942200127989053379e-03
1.039963737130165065e-02
9.991769772022962223e-03
9.907502401620148919e-03
1.006278442218899727e-02
1.112459106370806625e-02
1.117453910410404205e-02
1.003037691116332938e-02
9.482479467988014915e-03
9.409434534609318126e-03
9.664872009307146766e-03
9.759170003235340118e-03
9.515342675149441112e-03
9.986164048314094543e-03
9.987321496009827354e-03
9.102510567754507759e-03
9.862684551626444210e-03
1.119898613542318414e-02
1.051524458453059231e-02
9.511579014360904000e-03
1.030234098434448277e-02
9.766720701009035110e-03
9.557279385626315724e-03
9.662190172821282647e-03
9.386283718049526562e-03
9.690450597554444920e-03
9.504852350801229477e-03
9.427584428340195916e-03
8.987036999315023422e-03
9.470702894032002189e-03
9.230571985244750283e-03
9.858165122568606636e-03
9.444352146238088955e-03
9.621565788984298359e-03
9.857391659170388482e-03
9.876936022192240455e-03
1.001536147668957710e-02
1.038602264598012005e-02
1.015662308782339096e-02
9.862716030329465172e-03
9.910248778760432850e-03
9.476016368716954838e-03
9.016481135040521969e-03
9.579918906092643391e-03
9.585150890052318920e-03
9.863410610705614090e-03
9.414138458669184945e-03
9.994361735880374215e-03
1.093466449528932537e-02
1.041694674640893971e-02
1.064821453765034745e-02
1.002969741821289028e-02
9.664763696491718292e-03
9.687792509794235229e-03
9.508888889104127190e-03
9.132136311382054589e-03
9.554993268102407802e-03
1.010496700182557037e-02
1.028906684368848835e-02
9.980211593210696827e-03
1.064065629616379668e-02
1.045833434909582138e-02
9.868732094764709820e-03
9.859057795256375573e-03
1.118590123951435089e-02
1.040818225592374767e-02
1.006534667685627868e-02
9.566135052591562965e-03
9.898542892187833786e-03
9.497720468789338372e-03
9.167080093175173500e-03
1.070046676322817733e-02
1.014040075242519413e-02
1.008110726252198219e-02
9.334174729883671501e-03
9.931402932852505944e-03
9.119068644940853466e-03
9.551348164677619934e-03
9.590537566691637733e-03
9.632628504186868321e-03
9.266120381653308868e-03
9.579629730433225285e-03
9.697334747761488308e-03
9.418652858585119247e-03
9.256141819059848438e-03
9.651363454759120594e-03
9.903680905699730266e-03
9.717427473515272834e-03
9.303098917007446636e-03
9.462273120880127300e-03
1.050399318337440560e-02
1.003433773294091190e-02
9.643972385674715042e-03
1.009640796110033989e-02
9.433515369892120361e-03
9.605276491492986332e-03
9.895558748394251564e-03
1.075796959921717678e-02
9.418383147567510952e-03
9.205706510692834507e-03
9.688579384237528194e-03
8.823475521057843468e-03
9.523358475416899421e-03
1.049695527181029354e-02
1.106229601427912747e-02
9.520329628139733921e-03
9.531562495976687172e-03
9.699160791933536183e-03
9.195192717015743256e-03
9.892460424453020096e-03
8.866066485643387188e-03
9.330352675169706692e-03
9.385495353490114559e-03
9.334538318216799996e-03
9.388948045670985482e-03
9.419808350503443978e-03
9.790612105280160210e-03
9.923217818140983582e-03
9.451603144407271992e-03
1.089798193424940109e-02
1.014287387952208554e-02
9.498323872685432087e-03
9.957258868962527015e-03
1.005221167579293216e-02
1.043614633381366799e-02
1.017981851473450695e-02
1.005399134010076523e-02
9.810421615839004517e-03
1.020735865458846127e-02
1.079425336793065140e-02
9.972079936414957740e-03
1.015674164518714020e-02
1.037148237228393589e-02
9.880272671580314636e-03
9.584046527743339192e-03
9.685986116528511394e-03
9.476311691105365059e-03
9.635968971997499813e-03
9.734010510146617196e-03
1.002442110329866340e-02
9.856185317039490093e-03
9.440778382122516285e-03
9.274356625974177967e-03
9.355206135660409580e-03
9.107377007603644978e-03
9.031377173960209240e-03
9.133471548557281841e-03
9.937805682420730244e-03
9.750707261264323494e-03
9.733043145388364792e-03
1.029267329722642968e-02
1.033465676009654929e-02
9.976969566196203232e-03
1.031832126900553669e-02
1.043610535562038491e-02
9.547243546694516442e-03
9.972109738737345436e-03
1.038024201989173889e-02
1.037005046382546460e-02
9.890809562057257046e-03
9.646688029170036663e-03
1.037214426323771442e-02
9.225850272923708656e-03
9.697293769568205227e-03
8.990957494825124394e-03
1.074818149209022522e-02
1.015279907733201981e-02
9.617837611585855484e-03
1.019708560779690812e-02
9.853806346654891968e-03
9.730654302984476089e-03
1.003477005288004945e-02
9.573591221123934486e-03
9.282924793660640370e-03
9.325196407735348095e-03
8.752511907368898045e-03
8.814108092337846756e-03
9.790055081248283039e-03
9.623023681342601776e-03
9.592571295797824860e-03
9.696279279887675892e-03
8.916699793189764023e-03
9.341400209814309727e-03
9.282409120351076473e-03
9.993478376418351433e-03
1.015131669119000504e-02
1.049600085243582691e-02
9.772605169564485897e-03
1.030492084100842476e-02
9.841777570545672676e-03
1.018587742000818218e-02
1.026310184970498016e-02
1.042037401348352467e-02
1.035618614405393531e-02
9.179238323122262608e-03
1.008034469559788635e-02
9.007177874445914875e-03
1.078191176056861843e-02
1.153603373095393216e-02
1.147558037191629375e-02
1.037469254806637833e-02
9.931870363652705799e-03
9.228320419788360249e-03
1.048166826367378200e-02
1.001271745190024376e-02
9.456063155084848404e-03
9.373125340789555809e-03
9.368319623172282826e-03
9.930447675287723541e-03
9.852839447557926872e-03
9.836414363235235214e-03
9.387511946260928414e-03
9.598252270370722164e-03
9.326779004186391137e-03
9.398948680609465339e-03
8.949093054980039597e-03
1.004144456237554550e-02
9.796047303825616143e-03
