2.356633873922484301e-01
1.789520287087985329e-01
1.725483919892992213e-01
1.544929551226752185e-01
1.757004888994353198e-01
1.765732765197753906e-01
1.468605138361454010e-01
1.541230178305081078e-01
1.473929323256015778e-01
1.753950906651360608e-01
1.613083513719694995e-01
1.545590385794639587e-01
1.546896169228213214e-01
1.499145573803356835e-01
1.427221335470676422e-01
1.332099379173346809e-01
1.432998084596225075e-01
1.334767288395336815e-01
1.519811861217021942e-01
1.596059719366686724e-01
1.628958508372306824e-01
1.821256311876433276e-01
1.503557413816452026e-01
1.605778719697679713e-01
1.491327551858765699e-01
1.393359191715717316e-01
1.461110657879284569e-01
1.380844483418124102e-01
1.130313985049724579e-01
1.277295170085770704e-01
1.372879759541579536e-01
1.295475640467234901e-01
1.214643722133977033e-01
1.259188167750835419e-01
1.308906525373458862e-01
1.280383079179695793e-01
1.312498828130108930e-01
1.191382078187806226e-01
1.239904298314026404e-01
1.343866017247949407e-01
1.246882246008941125e-01
1.246300068284783985e-01
1.210098383682114698e-01
1.191435142287186194e-01
1.173523275979927588e-01
1.407479303223746203e-01
1.301876455545425415e-01
1.176204984741551496e-01
1.327448865132672406e-01
1.203618198633193970e-01
1.275977518941674993e-01
1.229925607996327497e-01
1.270546561905316063e-01
1.306353206081049823e-01
1.159768551588058472e-01
1.280037915068013288e-01
1.257114075124263763e-01
1.227241871612412549e-01
1.290573089250496575e-01
1.124925400529589031e-01
1.174731685646942664e-01
1.197954645114285566e-01
1.303924226335116676e-01
1.138340282653059338e-01
1.304942906967231087e-01
1.215365821761744403e-01
1.214875190385750342e-01
1.223434316260474108e-01
1.233555163655962322e-01
1.268783493765762993e-01
1.191998406180313635e-01
1.097175095762525227e-01
1.261370251221316241e-01
1.268018393644264885e-01
1.177155088101114605e-01
1.296877084033829786e-01
1.192754432559013367e-01
1.208074742129870843e-01
1.177477001079491187e-01
1.154542474874428321e-01
1.236912070640495825e-01
1.293636155979973890e-01
1.176840662956237793e-01
1.127652440752301838e-01
1.361722105315753273e-01
1.171075190816606854e-01
1.213867568543979120e-01
1.243497904922280933e-01
1.257484533957072548e-01
1.291248212967600062e-01
1.289157718420028687e-01
1.145146606223923780e-01
1.101819181016513299e-01
1.187785294439111378e-01
1.238183948610510204e-01
1.181136045072759960e-01
1.201047727039882135e-01
1.265707404485770515e-01
1.280275354427950762e-01
1.238929176969187640e-01
1.243912492479596760e-01
1.286299457507474042e-01
1.244472483439104937e-01
1.125104326222624157e-01
1.225987055471965265e-01
1.062895384218011524e-01
1.210335674030440234e-01
1.235414924366133593e-01
1.244228897350175000e-01
1.136387006512710046e-01
1.137424515826361560e-01
1.280021523790700055e-01
1.259003127259867572e-01
1.239090088222708080e-01
1.180002098636967756e-01
1.222230983631951429e-01
1.181303486227989197e-01
1.220766816820417072e-01
1.173957565001079034e-01
1.240768730640411377e-01
1.316638354744230077e-01
1.292932028216975116e-01
1.131399103573390436e-01
1.183317133358546686e-01
1.172069061015333508e-01
1.283302775451115318e-01
1.262847664100783251e-01
1.171630535806928303e-01
1.285193317702838234e-01
1.264835872820445350e-01
1.260579308228833295e-01
1.159742197820118476e-01
1.116563672465937518e-01
1.169172440256391193e-01
1.202702586139951374e-01
1.184709641550268505e-01
1.132174804806709290e-01
1.138130772326673840e-01
1.298166976443358711e-01
1.264635164822850988e-01
1.192041566329342939e-01
1.257679648697376251e-01
1.204211658665112067e-01
1.299137542290347003e-01
1.315384927604879572e-01
1.249682328530720282e-01
1.209756700055939771e-01
1.234417286302362110e-01
1.169807117964540150e-01
1.269721032253333382e-01
1.141466439834662866e-01
1.232203117438725043e-01
1.283141449093818665e-01
1.178694303546633099e-01
1.125888366784368183e-01
1.132193601557186652e-01
1.190196243779999830e-01
1.179013018097196247e-01
1.245802949581827496e-01
1.184248264346803997e-01
1.285376511514186859e-01
1.354017646184989265e-01
1.145829526441437818e-01
1.219097455697400190e-01
1.148076147905417871e-01
1.286792643368244171e-01
1.170868362699236248e-01
1.181225553154945374e-01
1.177897336227553271e-01
1.234639952225344561e-01
1.224671431950160455e-01
1.266703893031392858e-01
1.275658091264111615e-01
1.235464470727103137e-01
1.319783308676310829e-01
1.219564670962946795e-01
1.276387487139020727e-01
1.149525174072810602e-01
1.180608267230646991e-01
1.307134894388062574e-01
1.224437084581170704e-01
1.233879748199667309e-01
1.161559548761163380e-01
1.089737952819892358e-01
1.165057383477687836e-01
1.208334006369113922e-01
1.191082559525966644e-01
1.165575417024748706e-01
1.215197337525231458e-01
1.215690060385635901e-01
1.124567229832921650e-01
1.197805234364100885e-01
1.256516469376427747e-01
1.228624252336365796e-01
1.263986623712948509e-01
1.200969099466289852e-01
1.260020035718168452e-01
1.286474535507815264e-01
1.197586320340633392e-01
1.224386473851544477e-01
1.296117986951555445e-01
1.060173735022544861e-01
1.183306404522487115e-01
1.319984974605696582e-01
1.174778390143598888e-01
1.091937268418925189e-01
1.178095968706267260e-01
1.366895868309906670e-01
1.192863631461347912e-01
1.241342936243329670e-01
1.225543378719261695e-01
1.304340027272701263e-01
1.194031302418027546e-01
1.257707705455166913e-01
1.212869483445371960e-01
1.256360895931720734e-01
1.212370071027960156e-01
1.266915457589285754e-01
1.293504631945065209e-01
1.152199043759277869e-01
1.173682420381477881e-01
1.239505676286561109e-01
1.308260426989623360e-01
1.297225499791758441e-01
1.163365942026887562e-01
1.302787102758884430e-01
1.205298256661210682e-01
1.235604105251175977e-01
1.240019021289689161e-01
1.265780292451381683e-01
1.169769056141376495e-01
1.147908866405487061e-01
1.265497936734131523e-01
1.289415795888219640e-01
1.334598516779286481e-01
1.216419089053358410e-01
1.185981987842491675e-01
1.093495988420077752e-01
1.182915743972573902e-01
1.318205334246158600e-01
1.229283016707215931e-01
1.201031575245516680e-01
1.200888071741376545e-01
1.273626653211457349e-01
1.260470662798200414e-01
1.093854020748819683e-01
1.287255851285798169e-01
1.222787808094705914e-01
1.326024021421159937e-01
1.235605339918817852e-01
1.265895622117178820e-01
1.130697072616645288e-01
1.237337387033871222e-01
1.137348956295422125e-01
1.215644116912569378e-01
1.118002230567591571e-01
1.168472543358802795e-01
1.226780042052268982e-01
1.251954127635274694e-01
1.288436959896768763e-01
1.231148285525185682e-01
1.228447551173823260e-01
1.204447512115750935e-01
1.320335774549416252e-01
1.362155654600688270e-01
1.166591133390154217e-01
1.291651369205542854e-01
1.216139149452958729e-01
1.273448680128370092e-01
1.217305718788078833e-01
1.200133072478430651e-01
1.139973284942763232e-01
1.189291078065122936e-01
1.154170435454164173e-01
1.207739625658307697e-01
1.353003217705658623e-01
1.209698622780186750e-01
1.136522527251924847e-01
1.246843487024307251e-01
1.308524039174829290e-01
1.249085350760391760e-01
1.152285294873373889e-01
1.189217455685138702e-01
1.109497307666710425e-01
1.237469421965735339e-01
1.118578171091420270e-01
1.234536107097353314e-01
1.249881333538464118e-01
1.212156803480216455e-01
1.256960438830511950e-01
1.345671463225568965e-01
1.195536777377128601e-01
1.116258757455008410e-01
1.308663460825170710e-01
1.169477690543447163e-01
1.240955798753670264e-01
1.322496847382613472e-01
1.298977264336177162e-01
1.172675399907997656e-01
1.133570048425878857e-01
