1.612755214466768194e+01
8.043141561395982464e+00
5.507854040931253081e+00
2.914621016558478939e+00
1.687172048232134625e+00
1.100704294793745985e+00
9.059370019856620715e-01
8.492207421975976889e-01
7.996150290264802951e-01
6.899271467152763293e-01
7.048637481296763374e-01
6.552329501684974744e-01
5.897441120708689644e-01
5.544997699120465251e-01
5.186719315893509874e-01
4.707148478311650730e-01
4.792553624686072822e-01
4.479666527579812541e-01
4.476977726992438789e-01
4.272105167893802680e-01
4.145817406037274333e-01
4.063207279233371771e-01
4.114852722953347697e-01
3.858385945067686063e-01
3.809476494789123535e-01
3.311995022437151937e-01
3.234780588570763116e-01
3.470664734349531155e-01
3.116686300319783665e-01
3.078409915461259860e-01
3.290350752718308458e-01
3.457516992793363553e-01
3.023831309641109022e-01
2.842090769725687527e-01
2.834866379990297336e-01
2.728533841231289836e-01
2.950925029375973674e-01
2.642238262821646200e-01
2.802099699483198147e-01
2.911586314439773560e-01
2.791329893995733724e-01
2.591491516898660197e-01
2.530984992490095120e-01
2.710838650955873508e-01
2.490058365990133749e-01
2.684851937434252767e-01
2.718446145162862759e-01
2.584361486575182942e-01
2.136894574060159702e-01
2.779881542219835300e-01
2.186720432604060405e-01
2.189300003297188768e-01
2.405574611004661079e-01
2.257520319784388774e-01
2.124202978961607924e-01
2.031790951595586758e-01
1.933204505373449789e-01
2.056976631283760071e-01
2.001394208739785685e-01
1.936786643722478163e-01
1.956303750767427463e-01
1.946587045403087857e-01
1.912566730204750542e-01
2.019831533817683933e-01
2.044741441221798184e-01
1.870209368712761888e-01
1.960095864008454813e-01
2.101066094987532606e-01
1.922006602672969577e-01
1.992619081455118402e-01
2.129059644306407206e-01
1.828414938029120917e-01
1.901736986987730971e-01
1.890309163752724175e-01
2.021835170247975599e-01
1.731029740151237006e-01
2.097045415464569573e-01
2.216616601628415839e-01
1.845787145635660875e-01
1.725407071849879015e-01
1.631950153147473104e-01
1.820164984639953132e-01
2.084493786096572876e-01
1.714285875067991238e-01
1.703668517224928847e-01
1.663421366144628988e-01
1.664090682478512051e-01
1.668891223037944072e-01
1.792610353406737800e-01
1.698260723667986138e-01
1.678219599758877523e-01
1.525658035979551297e-01
1.622951517210287076e-01
1.483813410296159763e-01
1.566444201504482991e-01
1.386863453423275716e-01
1.436848636059200046e-01
1.532392720965778110e-01
1.348992857862921224e-01
1.312361881136894226e-01
1.739167110884890788e-01
1.572984036277322306e-01
1.693600446862333075e-01
1.723504189182730184e-01
1.585945495787788873e-01
1.493794023990631104e-01
1.593791881904882413e-01
1.386627559276188137e-01
1.500043329947134962e-01
1.474964601152083388e-01
1.500139600213836188e-01
1.296702399849891663e-01
1.288432496435502062e-01
1.218295695588869215e-01
1.309472041971543321e-01
1.370299809119280565e-01
1.292448543450411547e-01
1.338303356486208184e-01
1.172519852133358242e-01
1.247069265912560815e-01
1.186133741455919627e-01
1.359647131141494270e-01
1.310290418127003920e-01
1.222550007788573978e-01
1.301157474517822266e-01
1.163590738878530623e-01
1.246144534910426371e-01
1.148796213023802748e-01
1.260429528706213942e-01
1.098572199835496782e-01
1.165470621165107246e-01
1.149427737383281467e-01
1.193136340555022712e-01
1.134680910583804603e-01
1.167412071543581370e-01
1.234974159913904551e-01
1.069479667965103631e-01
1.021516529076239577e-01
1.228455668863128181e-01
1.050719040281632433e-01
1.106778098379864461e-01
1.228038458263172872e-01
1.098668623496504432e-01
1.193242375465000393e-01
1.204382308265742191e-01
1.200447805664118656e-01
1.142908672199529768e-01
1.110269637668833964e-01
1.356968458961038126e-01
1.076320495237322455e-01
1.174928936011651048e-01
1.317038167925441983e-01
1.139311759787447337e-01
1.158386953175067902e-01
1.105700674302437791e-01
1.217730023405131229e-01
1.052032980848761207e-01
1.225572548368397824e-01
1.211990380988401533e-01
1.204052199335659268e-01
1.075600455789005039e-01
1.181949017678990133e-01
1.136058402412077895e-01
1.228507765952278619e-01
1.159816513604977617e-01
1.155917447279481286e-01
1.221848980468862172e-01
1.174630378099048855e-01
1.078940397676299567e-01
1.038682149613604777e-01
1.133646811632549045e-01
1.065753181191051724e-01
9.897606096723500502e-02
1.136766045409090403e-01
1.123413248535464759e-01
1.000707793761702186e-01
1.156952946501619700e-01
1.053086295723915100e-01
1.047983945292585012e-01
1.067962427349651577e-01
1.205083587590385918e-01
1.109234344433335656e-01
1.090815694016568776e-01
1.142861746689852603e-01
1.161545970860649590e-01
1.181765244725872521e-01
1.205489352783736118e-01
1.221174650332507022e-01
1.070368070812786343e-01
1.283279414124348650e-01
1.235499671276877875e-01
1.177458473864723687e-01
1.060925901812665578e-01
1.061794957255615957e-01
1.090114971294122576e-01
1.257515518980867608e-01
1.078975012197214006e-01
1.108631837893934852e-01
1.174673411776037818e-01
1.131416513201068397e-01
1.147479099385878554e-01
1.061170088017688029e-01
1.124881681273965234e-01
1.092279645449975023e-01
1.148184778935769090e-01
1.101269502850139859e-01
1.109147431219325297e-01
1.201863722766146891e-01
9.359614288105684576e-02
1.055428845917477376e-01
1.219667402260443678e-01
1.118339212501750224e-01
1.128214987761834154e-01
1.068068479790407060e-01
1.053156480193138123e-01
1.172884334536159756e-01
1.087556249078582282e-01
1.144833056365742452e-01
1.125290967962321170e-01
1.058164891951224318e-01
1.154805564266793844e-01
1.105429521378348823e-01
1.098970420220318905e-01
1.113995434168507104e-01
1.080336171914549476e-01
1.130739630145185109e-01
1.138024159214075931e-01
1.099491632160018439e-01
1.126085199853953250e-01
9.792720044360440912e-02
1.183891230646301751e-01
9.933489035157595792e-02
1.113044602029463759e-01
1.142996952814214345e-01
1.059765193392248755e-01
1.036081423654275774e-01
1.129053436657961734e-01
1.170017587787964830e-01
1.126735109616728431e-01
1.161306973765878076e-01
1.057865010464892619e-01
1.130868459449094893e-01
1.203272158608717085e-01
1.196804971379392263e-01
1.132114634794347402e-01
1.082932204008102417e-01
1.111792860662235982e-01
1.100550723426482191e-01
1.048507210524643185e-01
1.135095980237511987e-01
1.070153125945259576e-01
1.098625993027406572e-01
1.193238238201421858e-01
1.141008456401965132e-01
1.077803160776110297e-01
1.085619659108274099e-01
1.240723694072050215e-01
1.199818529626902469e-01
1.155052597031873823e-01
1.158435598892324087e-01
1.171388293013853193e-01
1.134965150233577247e-01
1.196843385696411133e-01
1.258500630364698392e-01
1.183468243655036445e-01
9.570225065245348273e-02
1.153858041062074541e-01
1.059779895140844225e-01
1.139627083697739712e-01
1.148212069974226118e-01
1.104018775855793721e-01
1.147259259048630242e-01
1.026385213960619575e-01
1.085657950709847802e-01
1.148169198456932549e-01
1.094461762729813104e-01
1.073988518294166083e-01
1.103934996268328556e-01
1.154207745019127374e-01
1.145501404124147776e-01
1.044095866382122040e-01
1.121529776822118157e-01
1.153147713664700036e-01
1.072004858185263282e-01
1.016152588760151632e-01
1.115040139240377065e-01
1.180150208666044115e-01
1.237648587454767829e-01
1.221232317826327213e-01
1.047648625338778727e-01
1.169851829900461077e-01
1.250627930550014255e-01
1.158516306210966712e-01
1.159539599629009488e-01
1.064377361360718255e-01
1.180389383259941583e-01
1.289131908732301934e-01
1.091876306078013309e-01
1.139742311309365624e-01
1.149617771015447737e-01
