1.000000000000000021e-03
9.999919275709269560e-04
9.999989123196783430e-04
9.999985233716496107e-04
9.999996941108908396e-04
9.999996544664624745e-04
9.999997246222039338e-04
9.999997432279790575e-04
9.999997302584068097e-04
9.999997295256997289e-04
9.999997036133482543e-04
9.999996961510850251e-04
9.999997553634064860e-04
9.999997412286248163e-04
9.999997628074494809e-04
9.999997404308402348e-04
9.999998290571875982e-04
9.999998194087401926e-04
9.999997667280427147e-04
9.999997348280947537e-04
9.999998090570322035e-04
9.999997615707709696e-04
9.999997390561510269e-04
9.999997161502347139e-04
9.999997878227286086e-04
9.999997407724758088e-04
9.999998459046611013e-04
9.999998189617856532e-04
9.999998065709108687e-04
9.999998173013289419e-04
9.999998341535664293e-04
9.999997761381573293e-04
9.999997819774531730e-04
9.999997597335461529e-04
9.999998332661133409e-04
9.999997921894938045e-04
9.999998635536429866e-04
9.999998279180248324e-04
9.999998174992888629e-04
9.999998378665037220e-04
9.999998388838336055e-04
9.999998716253672652e-04
9.999998118732740179e-04
9.999998666634691852e-04
9.999998407593121107e-04
9.999998034838949827e-04
9.999997742832595835e-04
9.999998772066301476e-04
9.999998712909670059e-04
9.999998643310460851e-04
9.999998367720686326e-04
9.999998813711367777e-04
9.999998436071345660e-04
9.999998351429523029e-04
9.999998414145791839e-04
9.999998490017581159e-04
9.999998689181361245e-04
9.999998374319860658e-04
9.999998198550145035e-04
9.999998565108519401e-04
9.999998251878474201e-04
9.999998766631044197e-04
9.999998600444593745e-04
9.999998780778809188e-04
9.999998789669683336e-04
9.999998252742145315e-04
9.999998416073275619e-04
9.999998701804733645e-04
9.999998330761984168e-04
9.999998826479119043e-04
9.999998270604903029e-04
9.999998662463748748e-04
9.999998832255516199e-04
9.999998794959494893e-04
9.999998714390631680e-04
9.999998601892558757e-04
9.999998550120194150e-04
9.999998986312838654e-04
9.999998537052606773e-04
9.999999098254288687e-04
9.999998821821219543e-04
9.999998860546327733e-04
9.999998926310802762e-04
9.999998537281939385e-04
9.999999073387862494e-04
9.999998780674500265e-04
9.999998870436907841e-04
9.999998578202704425e-04
9.999998936626557089e-04
9.999998898406468103e-04
9.999998947958657711e-04
9.999998789793046027e-04
9.999998514897800572e-04
9.999998911654340954e-04
9.999998537087815154e-04
9.999998627449561018e-04
9.999998804744987622e-04
9.999998916640497840e-04
9.999998644025743719e-04
9.999998830052046588e-04
9.999998895831169188e-04
9.999999097594037753e-04
9.999998628099960891e-04
9.999998774392736961e-04
9.999998179095546513e-04
9.999998475189988880e-04
9.999998450084348657e-04
9.999998915081076845e-04
9.999998878022578214e-04
9.999999060928796597e-04
9.999998906294405368e-04
9.999999095507388757e-04
9.999999014789022738e-04
9.999998664969532956e-04
9.999998929235535700e-04
9.999998759816291442e-04
9.999999035411059802e-04
9.999999012566321548e-04
9.999999157260599809e-04
9.999998684494680514e-04
9.999998966092804240e-04
9.999998938318755987e-04
9.999998980498164824e-04
9.999998895700485963e-04
9.999998857169848949e-04
9.999999073549447649e-04
9.999999051804751762e-04
9.999999085568984491e-04
9.999998837077639802e-04
9.999998820390569240e-04
9.999998506176122678e-04
9.999998872199699143e-04
9.999998828879987176e-04
9.999998508919928294e-04
9.999998414860957613e-04
9.999998742750290052e-04
9.999999088902637289e-04
9.999998965525337159e-04
9.999999027038590418e-04
9.999998977928681570e-04
9.999998974009010992e-04
9.999998965126522064e-04
9.999999070353063520e-04
9.999999198275163516e-04
9.999999365046701501e-04
9.999998910620263616e-04
9.999999395692090072e-04
9.999999157295740970e-04
9.999998734553871248e-04
9.999998506089375662e-04
9.999999046379096177e-04
9.999998827343579456e-04
9.999998912871713511e-04
9.999999029918266082e-04
9.999998864912457586e-04
9.999999238608217253e-04
9.999999008181541249e-04
9.999999040625625561e-04
9.999999153810171931e-04
9.999999049952665569e-04
9.999999088890008502e-04
9.999998707426677527e-04
9.999999051628384594e-04
9.999998891867063668e-04
9.999999253156126571e-04
9.999998952051666196e-04
9.999998964308140243e-04
9.999998875373397426e-04
9.999999278970930425e-04
9.999999052189149137e-04
9.999999078115779771e-04
9.999999111417665325e-04
9.999999288713499589e-04
9.999999017289722038e-04
9.999999160060367605e-04
9.999999124424394266e-04
9.999999289589563134e-04
9.999998859980721144e-04
9.999998866075839044e-04
9.999998855780391823e-04
9.999999134420313289e-04
9.999999084540161197e-04
9.999998869482419617e-04
9.999999198036142473e-04
9.999999196867682613e-04
9.999999132611421711e-04
9.999999086293962294e-04
9.999999143765845450e-04
9.999999007372880385e-04
9.999998904767020379e-04
9.999999175777435009e-04
9.999999110759587133e-04
9.999999068667046742e-04
9.999998731346482466e-04
9.999999188772768985e-04
9.999999151026422138e-04
9.999999268661666132e-04
9.999999326770312065e-04
9.999999021529286467e-04
9.999998604354330863e-04
9.999999178769715912e-04
9.999999116722842196e-04
9.999998782120101716e-04
9.999998876661306008e-04
9.999999141891023537e-04
9.999998995039549414e-04
9.999998852470060214e-04
9.999999261906861083e-04
9.999999030194065431e-04
9.999998779851798983e-04
9.999999277250620332e-04
9.999999161592937249e-04
9.999999060230065160e-04
9.999999178720386881e-04
9.999999046730136988e-04
9.999999002547846783e-04
9.999999240289201164e-04
9.999999089078674859e-04
9.999998787570559509e-04
9.999999033206133023e-04
9.999998945106601013e-04
9.999999395494485552e-04
9.999999349724095037e-04
9.999999352971857339e-04
9.999999185777519537e-04
9.999999279495636571e-04
9.999999225945197748e-04
9.999999329381146791e-04
9.999999355343501886e-04
9.999999170615476909e-04
9.999998254217605693e-04
9.999998648968896810e-04
9.999998759633299799e-04
9.999998750521675583e-04
9.999999157798793430e-04
9.999998992474114570e-04
9.999999246513436701e-04
9.999998875200484527e-04
9.999999012819255073e-04
9.999999125245419371e-04
9.999998937733644601e-04
9.999999136239884259e-04
9.999999260963121639e-04
9.999999142098899788e-04
9.999999052694491432e-04
9.999998771761380457e-04
9.999998974658333168e-04
9.999999089941387538e-04
9.999999121225861248e-04
9.999998965474329784e-04
9.999999244338481606e-04
9.999999087828071506e-04
9.999999117189359212e-04
9.999999210363046294e-04
9.999999266893436472e-04
9.999999304283514485e-04
9.999999385918944238e-04
9.999999020452168472e-04
9.999998521339262519e-04
9.999999176085949074e-04
9.999999029137920242e-04
9.999999033575149906e-04
9.999999408707585871e-04
9.999999355276053669e-04
9.999999203999996016e-04
9.999998723201580612e-04
9.999999174722265603e-04
9.999999072146318734e-04
9.999999276311534284e-04
9.999999350859571298e-04
9.999999142048480050e-04
9.999999134730546899e-04
9.999999287155334100e-04
9.999999114974529330e-04
9.999999057749165560e-04
9.999999217532294128e-04
9.999999057047717112e-04
9.999999287774641223e-04
9.999999266046483756e-04
9.999998913348469732e-04
9.999999218428519496e-04
9.999999084451833414e-04
9.999999176802298797e-04
9.999998863773052176e-04
9.999999223437602922e-04
9.999999149738051686e-04
9.999999343004374770e-04
9.999999327458799960e-04
9.999999364781820069e-04
9.999999187784590262e-04
9.999999355948801117e-04
9.999999121205248396e-04
9.999999031049713449e-04
9.999999062192549155e-04
9.999999217714832574e-04
9.999999304009191819e-04
9.999999161257135984e-04
9.999998893671514354e-04
9.999999001147506436e-04
9.999999123031474198e-04
