1.702659315778874000e-02
2.789167081937193957e-03
1.305995970809211348e-03
6.441969948355108283e-04
4.136408407551546819e-04
2.336164655086274075e-04
2.071848886165146954e-04
1.591682909444595286e-04
1.531743158314687601e-04
1.289690437261015068e-04
1.189695317104148386e-04
1.089436069984609927e-04
1.228162587115851523e-04
1.707145367011738248e-04
1.674324128543958176e-04
1.609011873370036537e-04
1.627493838896043599e-04
1.560281355826494685e-04
1.220862662497287086e-04
1.022700147586874718e-04
1.203139642408738579e-04
1.148437368101440370e-04
9.748626374251519460e-05
1.135809119053495382e-04
9.401637168290713790e-05
1.258108648471534361e-04
2.122175234641569266e-04
1.929892469585562710e-04
2.001754866796545576e-04
1.456089099519886022e-04
1.025859974712754253e-04
9.566889881777267113e-05
1.169572919025085921e-04
9.975003292007992304e-05
8.714257661874095509e-05
1.227759717342754187e-04
1.568437689760078860e-04
1.109616777587992486e-04
1.032934063308251356e-04
1.232709420340446062e-04
1.647500622008616689e-04
1.549229336281617519e-04
2.157420705771073591e-04
1.305879413848742843e-04
1.251102226281849028e-04
1.094203738224071716e-04
7.601175020681694421e-05
5.597388105040105997e-05
6.149402640100257731e-05
5.381358399366339274e-05
5.301761290562960054e-05
5.234376294538378716e-05
5.466665970743633807e-05
5.062958637912136497e-05
5.251087956518555455e-05
4.930660919247505520e-05
4.890887721558101746e-05
5.024007114116102322e-05
4.885115946914690281e-05
4.878087856923230263e-05
4.868302955098140059e-05
4.679803751059807701e-05
4.821859159468052243e-05
4.693757000495679677e-05
4.925545387474509487e-05
4.295737356490766099e-05
4.597468553887059517e-05
4.499302012845873562e-05
4.885198844325108059e-05
4.891061301653583935e-05
4.324022665969096124e-05
4.720551781550360313e-05
4.824387821524093865e-05
4.937746295278581254e-05
4.799335050241400482e-05
4.387964897129374155e-05
4.203012819440724723e-05
4.337522890030716676e-05
4.443294795540471555e-05
4.537797794910147651e-05
4.830381149076856537e-05
4.291086685649740515e-05
4.742171489245568396e-05
4.535411086787159154e-05
4.051661987129288189e-05
4.950757453722568895e-05
4.196467853034846485e-05
4.183449491392821209e-05
3.909557090082671222e-05
3.827899660488280202e-05
4.009038433044528058e-05
4.230270327146475469e-05
3.640878979543534508e-05
3.758219609153457121e-05
4.130661921711483304e-05
4.328009017626754804e-05
3.795799930230714516e-05
3.791405457983880039e-05
3.749375731179801081e-05
3.753447999770287695e-05
3.881582512500851421e-05
3.453741058668431956e-05
3.604029443522449312e-05
3.406141307398987403e-05
3.644570994462507512e-05
3.639608997521766727e-05
3.686240634124260260e-05
3.875440391614878020e-05
3.481367263399685468e-05
3.509758074263421153e-05
3.301338401797693358e-05
3.913076349514691961e-05
3.977721656459228401e-05
4.316345221013762192e-05
3.802926985372323407e-05
4.343045572265206842e-05
3.916778368875384466e-05
3.514847218563469793e-05
3.577956764881188445e-05
3.425798495300113884e-05
3.525531647028401359e-05
3.667870866289982967e-05
3.792431137602155633e-05
2.999683517070176678e-05
3.163885388251704565e-05
2.961254018979767868e-05
2.951434022785785207e-05
3.211617125392270675e-05
3.177170777538170372e-05
3.280342280049808052e-05
3.006029340516154920e-05
3.037664888931127999e-05
2.760567391912142278e-05
2.919081234722398357e-05
2.844333551668872391e-05
2.843468282662797584e-05
2.838194874736170087e-05
3.071213662527346589e-05
3.025068169032844314e-05
2.756389452163906305e-05
2.894521106403165762e-05
2.924269344172595532e-05
3.021032110458084580e-05
2.986269416093515695e-05
2.856780192814767225e-05
2.807030784121404137e-05
2.903275441591783094e-05
2.715169733467822296e-05
3.049454753636382656e-05
2.583710581044821599e-05
2.773680110597827669e-05
3.329777149095510127e-05
2.931863491539843380e-05
2.882795185238743731e-05
2.569631178630516069e-05
2.776326412761894456e-05
2.847889033243215310e-05
2.837034808180760728e-05
2.788513605385863420e-05
2.690037169183293820e-05
3.206340928348557629e-05
2.791207552945707129e-05
2.805149548900468738e-05
2.841512383990144955e-05
2.775872611285497700e-05
2.804564549781692412e-05
2.997634752925175045e-05
3.055974751381048402e-05
2.895407912243778620e-05
2.857307263184338944e-05
2.942128885479178212e-05
2.989998162471844346e-05
3.014207213709596612e-05
2.558967037960731690e-05
2.962311094355148596e-05
2.610188506272000526e-05
2.638247788127046011e-05
3.146053071153195180e-05
3.126393591325419961e-05
3.071129419064770458e-05
2.974386698042508350e-05
2.897330693182690735e-05
2.885464285403334733e-05
3.031455429057435466e-05
2.903484588993402932e-05
2.604848499080010955e-05
2.887968900419461276e-05
2.563579667670031547e-05
2.865484893845860051e-05
2.912710357729035097e-05
2.686198931769468026e-05
2.957773940579499914e-05
3.077375185966957361e-05
2.800404424003014872e-05
2.907060358362893376e-05
2.634047620328298505e-05
3.099092888684632652e-05
3.091455716154693632e-05
2.999849542296336501e-05
3.000390418795480861e-05
2.782240092831974115e-05
2.935187900826955745e-05
2.885737279333019031e-05
2.756911344476975568e-05
3.120555435695375051e-05
2.749884018461064904e-05
2.724562509683892266e-05
2.962662583740893887e-05
2.665479405550286174e-05
2.662372705041585953e-05
2.928549244340198577e-05
2.678762102732434937e-05
2.649798176814025866e-05
2.704967009776737609e-05
2.879291290203885644e-05
2.788692787968708665e-05
2.941841788318318783e-05
2.827665812219492956e-05
2.877244017630194782e-05
3.277977448306046697e-05
2.786396689771209048e-05
3.183146970210752456e-05
2.510053782316390357e-05
2.967700966109987281e-05
2.929175073707786857e-05
2.663640698301605812e-05
2.710144702480950658e-05
2.742248058590727457e-05
2.773706061513318483e-05
2.818749489961191876e-05
3.056374395479603405e-05
2.679187624986904205e-05
2.828811520885210620e-05
2.835193069283074231e-05
2.604188909269093271e-05
2.531112453046565345e-05
2.784877118150082818e-05
2.934849677937260360e-05
2.807490806541560884e-05
2.675144314707722583e-05
2.925472059966220052e-05
2.900203144236002185e-05
2.727593067296159787e-05
2.913980327624206900e-05
2.645131789904553579e-05
2.706666382437106357e-05
3.215294115458770119e-05
2.708039476904862893e-05
2.945753246118935288e-05
2.798462507295577589e-05
2.686420969742660744e-05
2.707933551088596293e-05
2.735825146373827146e-05
2.802383314701728387e-05
2.815960639660867665e-05
2.864404620292286123e-05
3.127142978579892241e-05
2.744769117271062122e-05
2.979065914890573625e-05
2.786143777484539964e-05
2.676437640426835644e-05
2.884242348955012858e-05
2.726972500871246150e-05
2.776960827759466998e-05
2.734903585709010584e-05
3.039573202840983935e-05
2.626977645074172679e-05
2.927823673720316431e-05
2.762276417342945798e-05
2.519922381907235967e-05
2.859825641886951865e-05
3.000146910684027974e-05
2.642478381555216985e-05
2.788566234812606126e-05
2.945068190456367961e-05
2.696067422220949151e-05
2.725618372399670405e-05
2.973427084119369744e-05
2.840870426249845687e-05
2.989651511597912759e-05
2.846587315919653981e-05
2.802056418052719240e-05
2.772427578747738288e-05
2.796415744038919517e-05
2.883557511571173821e-05
2.752646954225686576e-05
2.756652914589115616e-05
2.925576421451599670e-05
2.947300284480055060e-05
2.979444701243968082e-05
2.765281739508888283e-05
2.844757509592455016e-05
2.864356744491184593e-05
2.819383080350235172e-05
2.702579246639894920e-05
2.726984130276832865e-05
2.925866453248697068e-05
2.884459354390855879e-05
2.977475123771000586e-05
2.737418277926432499e-05
