9.043839170287053253e-03
3.319715312682092016e-03
3.867994388565421191e-03
1.760484301485121250e-03
1.871092489454895215e-03
1.670377406602104433e-03
1.612961478531360583e-03
1.653195087177057989e-03
1.655438876089950330e-03
1.732923810292656252e-03
1.754603511653840585e-03
1.574384681104371974e-03
1.619228961256643194e-03
1.550246169790625485e-03
1.621723058633506298e-03
1.316059613600373268e-03
1.352690699665496689e-03
1.537380650794754324e-03
1.639131895111252965e-03
1.390919434682776545e-03
1.554282265715301037e-03
1.626011744762460376e-03
1.695877263167252244e-03
1.466221463245650147e-03
1.620655479685713819e-03
1.249524826804796840e-03
1.354363587840149742e-03
1.399945196074743993e-03
1.360560425867636970e-03
1.296293095219880386e-03
1.506052740539113666e-03
1.486280731235941352e-03
1.560259063262492505e-03
1.299756734321514838e-03
1.451055061382551959e-03
1.175793648386994983e-03
1.320437442821761074e-03
1.359823121068378217e-03
1.281700380301723907e-03
1.277672945676992322e-03
1.140485436189919797e-03
1.380623908092578223e-03
1.162317329241583817e-03
1.270214778681596178e-03
1.411072133729855292e-03
1.512279373127967163e-03
1.115417862699056564e-03
1.141969882883131461e-03
1.172439321332300775e-03
1.286018977407366081e-03
1.096340152435004624e-03
1.258805429097265092e-03
1.292420679237693505e-03
1.267598650883883238e-03
1.236904255347326441e-03
1.152448270780344905e-03
1.283416708853716724e-03
1.351018292674174013e-03
1.205756651082386674e-03
1.330870964253942157e-03
1.117883748762930418e-03
1.190817437600344463e-03
1.111453728905568593e-03
1.107393810525536581e-03
1.330542160818974119e-03
1.266828082346667904e-03
1.146885725514342445e-03
1.300496755478282741e-03
1.090424364277472113e-03
1.323723416620244554e-03
1.164133850640306812e-03
1.087737366712341778e-03
1.104971199917296641e-03
1.141312702869375561e-03
1.190201274584978776e-03
1.212037727236747828e-03
1.013449488285308054e-03
1.217487448593601671e-03
9.558553535801669106e-04
1.092586258891969919e-03
1.074480335228145209e-03
1.043012291969110626e-03
1.217392017133534041e-03
9.689450011743853779e-04
1.111501272923002539e-03
1.069806869296977903e-03
1.200242441458006671e-03
1.037989690667018381e-03
1.056478890435149243e-03
1.032444079949831027e-03
1.107337374317770261e-03
1.226671594971170129e-03
1.050107016150529258e-03
1.217472797725349578e-03
1.179272832814604044e-03
1.100475612717370178e-03
1.047698769252747341e-03
1.172130209549019806e-03
1.088763133157044606e-03
1.057713084931795810e-03
9.562052243078748024e-04
1.178993393356601339e-03
1.114360730086142804e-03
1.358293804029623696e-03
1.242962440786262324e-03
1.253153209108859257e-03
1.048452542939533891e-03
1.066208631770374860e-03
9.754373827793945580e-04
1.052689647379641746e-03
9.573101104858021014e-04
9.991133352741598216e-04
1.163042876093337832e-03
1.041590738653515747e-03
1.120967825409025041e-03
9.886015187172839461e-04
1.000239733063305360e-03
9.240527908938626304e-04
1.154506656651695497e-03
1.023507226879397970e-03
1.037163460083926703e-03
1.016351988073438363e-03
1.057775675629576105e-03
1.076071131198356491e-03
9.688605127545694799e-04
9.801646190074583039e-04
9.625551193797339923e-04
1.085489173419773579e-03
1.093249414892246340e-03
1.230268308427184907e-03
1.068971775627384525e-03
1.089308360436310342e-03
1.229137931174288222e-03
1.267312796941647913e-03
1.128654216881841464e-03
9.607989690266549370e-04
1.023788069142028776e-03
9.928826960579801870e-04
1.017631953194116480e-03
1.019581409248833913e-03
1.023985396993036144e-03
9.705304265177498767e-04
9.012863680254668214e-04
8.020861617599924767e-04
1.050605770433321552e-03
7.824908553933103807e-04
9.240335241581002727e-04
1.132327271625399503e-03
1.230304028528431994e-03
9.829649119637907419e-04
1.090022665448486848e-03
1.049519551452249375e-03
9.914122890525808082e-04
1.072419776270786820e-03
8.783229393884539171e-04
1.002458096869910656e-03
9.859257086645811363e-04
9.259425336495041630e-04
9.811214171350003156e-04
9.608056279830634594e-04
1.144399687958260392e-03
9.802557702641933289e-04
1.059610045437390504e-03
8.698914141859858794e-04
1.030433740622053573e-03
1.024390202170858853e-03
1.067466639991228837e-03
8.547252218704670668e-04
9.799659193959087567e-04
9.664698814352353125e-04
9.488530786863218257e-04
8.489310450386256413e-04
9.978445363231004152e-04
9.225165587849915461e-04
9.418830042704940276e-04
8.484080860701700196e-04
1.074746980642279090e-03
1.071870059240609321e-03
1.076725078746676445e-03
9.364911161052684278e-04
9.630964506262292392e-04
1.070258770293245785e-03
9.014207093665997476e-04
9.020771540235728025e-04
9.374691464472562508e-04
9.621734769704441302e-04
9.314218186773359776e-04
1.002866681665182027e-03
1.053424443428715041e-03
9.138446708675474145e-04
9.492043716212113843e-04
9.714101091958582184e-04
1.133761357050389095e-03
9.066118548313776507e-04
9.274643399597455986e-04
8.608139605106164506e-04
8.259081689175218777e-04
9.956897818483411832e-04
1.189152966253459367e-03
9.121843380853533528e-04
9.460163302719593482e-04
1.110842193399245526e-03
1.066855240302781163e-03
9.324409882538020177e-04
1.009077726242442853e-03
1.078281485630820224e-03
8.647801587358117104e-04
9.912713469627002730e-04
1.111876184586435470e-03
8.557442633900791407e-04
9.216745539257924268e-04
9.758002105324218743e-04
9.122117344910900304e-04
9.827839734498412284e-04
1.005301129771396431e-03
8.773528330493718603e-04
9.607061452697962739e-04
1.108353693659106789e-03
9.897307822636018486e-04
1.033842596613491560e-03
7.826187803099553296e-04
8.117063863513370283e-04
8.096768404357134862e-04
9.082840289920568900e-04
8.544141659513115666e-04
8.855966957829271465e-04
8.243051473982631943e-04
8.081915671937167861e-04
9.167018268878261321e-04
1.329980258985112140e-03
1.169991780382891554e-03
1.121050522973140008e-03
1.125160558149218516e-03
9.237576819335420637e-04
1.010364878068988536e-03
8.737514086533338048e-04
1.067548699211329222e-03
1.000111618001634818e-03
9.414412993161628933e-04
1.037449218953649232e-03
9.355062793474644423e-04
8.653328443566957965e-04
9.323280401683102557e-04
9.797046421833024901e-04
1.115556344545135881e-03
1.019258725379283215e-03
9.602511059104775100e-04
9.436018144090969851e-04
1.023813307983800725e-03
8.750115501849601738e-04
9.613653955360253146e-04
9.457664700069774678e-04
8.944660580406586618e-04
8.618539703699449770e-04
8.395881101023406007e-04
7.887928785445789568e-04
9.962376672774553733e-04
1.224008429562672929e-03
9.136736237754424774e-04
9.918109610831985726e-04
9.895418790013840813e-04
7.740184014740710168e-04
8.082338453580935290e-04
8.980627191097785957e-04
1.137394974163423011e-03
9.144294347303608909e-04
9.695939157002915650e-04
8.563000281962255709e-04
8.109973976388573213e-04
9.323554365740468249e-04
9.363232762552798011e-04
8.498603827320038839e-04
9.469521154339114897e-04
9.770873701199888749e-04
8.903962948049108476e-04
9.774509933777153058e-04
8.494911307934671640e-04
8.623516730343302236e-04
1.049289394480486812e-03
8.898862268930922024e-04
9.631429110110427015e-04
9.132763429079204581e-04
1.072957890573888974e-03
8.870300060758988135e-04
9.281678154366091111e-04
8.158895497520764163e-04
8.254857481612513101e-04
8.022534466969470689e-04
9.071638710641612320e-04
8.078120532445609786e-04
9.436128816256920786e-04
9.908339571362981615e-04
9.747808158863336065e-04
8.902924309950321913e-04
8.397536197056373322e-04
9.218591110159953580e-04
1.058746975225706996e-03
1.006006561995794347e-03
9.426319098565727689e-04
1.014764882468928908e-03
