6.863272577524185181e+00
2.700312972068786621e+00
1.600751288235187531e+00
1.256264582276344299e+00
1.252058092504739761e+00
1.171865019947290421e+00
1.080619994550943375e+00
9.451131559908390045e-01
9.523595776408910751e-01
8.896025791764259338e-01
9.286414720118045807e-01
7.601658478379249573e-01
8.355536423623561859e-01
9.346551410853862762e-01
7.196780331432819366e-01
6.200998239219188690e-01
5.095371846109628677e-01
4.659900916740298271e-01
6.771674193441867828e-01
4.735482670366764069e-01
4.268292170017957687e-01
4.493566695600748062e-01
8.257655967026948929e-01
5.718848835676908493e-01
4.072296693921089172e-01
4.308957317844033241e-01
3.869440220296382904e-01
3.896573707461357117e-01
4.873257819563150406e-01
3.772751241922378540e-01
5.395751660689711571e-01
4.495826251804828644e-01
3.547605462372303009e-01
2.833802914246916771e-01
3.811411326751112938e-01
2.501143487170338631e-01
3.266321578994393349e-01
3.038807082921266556e-01
3.114894479513168335e-01
3.171248929575085640e-01
3.341136472299695015e-01
2.866685944609344006e-01
3.615210056304931641e-01
3.843921208754181862e-01
4.773756694048643112e-01
3.362415321171283722e-01
3.535710005089640617e-01
2.902416363358497620e-01
2.608762010931968689e-01
2.745227711275219917e-01
2.409167345613241196e-01
2.340608527883887291e-01
2.574094515293836594e-01
2.554281298071146011e-01
2.618115227669477463e-01
2.264102986082434654e-01
2.307968446984887123e-01
2.408383945003151894e-01
2.350533138960599899e-01
2.404541857540607452e-01
2.176768267527222633e-01
2.553466660901904106e-01
2.478447193279862404e-01
2.454740013927221298e-01
2.115918612107634544e-01
2.216901462525129318e-01
2.421639990061521530e-01
2.365400884300470352e-01
2.366522811353206635e-01
2.050632731989026070e-01
2.342822616919875145e-01
2.442423701286315918e-01
2.443737704306840897e-01
2.123179296031594276e-01
2.307894248515367508e-01
2.270181858912110329e-01
2.245512250810861588e-01
2.170755062252283096e-01
2.170295631512999535e-01
2.288584676571190357e-01
2.247819760814309120e-01
2.206320771947503090e-01
2.190398862585425377e-01
2.059243442490696907e-01
1.965058064088225365e-01
1.994805755093693733e-01
2.179823741316795349e-01
2.060919972136616707e-01
2.027831310406327248e-01
2.378514567390084267e-01
2.141115125268697739e-01
2.105175852775573730e-01
2.271029716357588768e-01
2.077937480062246323e-01
2.078896695747971535e-01
2.329799402505159378e-01
2.410262920893728733e-01
1.889405930414795876e-01
2.132538659498095512e-01
1.978569119237363338e-01
2.015480548143386841e-01
2.102706679143011570e-01
2.171684009954333305e-01
2.063866956159472466e-01
2.222545486874878407e-01
1.994598684832453728e-01
2.132072923704981804e-01
2.260400839149951935e-01
2.189650507643818855e-01
2.177792489528656006e-01
2.179322047159075737e-01
2.175473459064960480e-01
2.020706445910036564e-01
2.224425934255123138e-01
2.151741269044578075e-01
2.116481475532054901e-01
2.278363541699945927e-01
2.059000637382268906e-01
2.217473508790135384e-01
1.984860994853079319e-01
2.059954237192869186e-01
2.166483737528324127e-01
2.143654190003871918e-01
2.154554193839430809e-01
2.224113708361983299e-01
2.271296549588441849e-01
2.162933992221951485e-01
2.120071789249777794e-01
2.197695514187216759e-01
2.075009103864431381e-01
2.044726111926138401e-01
1.983513105660676956e-01
2.040599808096885681e-01
2.154838694259524345e-01
2.145246192812919617e-01
2.217835588380694389e-01
2.069722088053822517e-01
2.236824519932270050e-01
2.105127545073628426e-01
2.104089632630348206e-01
2.123341453261673450e-01
2.006031833589076996e-01
2.065426409244537354e-01
2.233963739126920700e-01
2.363092321902513504e-01
2.291131448000669479e-01
1.881333170458674431e-01
2.280781501904129982e-01
2.285355515778064728e-01
1.937813116237521172e-01
2.229520678520202637e-01
2.084169192239642143e-01
1.908147130161523819e-01
2.001289539039134979e-01
2.097808057442307472e-01
2.296545105054974556e-01
2.152674440294504166e-01
2.220576689578592777e-01
2.180792260915040970e-01
2.109232237562537193e-01
2.272760840132832527e-01
2.138836998492479324e-01
2.050913609564304352e-01
2.128792349249124527e-01
2.127388622611761093e-01
2.219588048756122589e-01
2.180257914587855339e-01
2.305321525782346725e-01
2.150397221557796001e-01
2.079716119915246964e-01
2.219252493232488632e-01
2.083245087414979935e-01
2.164779705926775932e-01
2.288156161084771156e-01
2.063810070976614952e-01
2.205392709001898766e-01
2.262106332927942276e-01
2.218166748061776161e-01
2.340622497722506523e-01
2.204965120181441307e-01
2.299681492149829865e-01
2.194447936490178108e-01
2.142796097323298454e-01
2.000290192663669586e-01
2.132533583790063858e-01
2.031149193644523621e-01
2.126451227813959122e-01
2.233825484290719032e-01
2.095141289755702019e-01
2.085935864597558975e-01
1.957705826498568058e-01
2.025841847062110901e-01
2.292716456577181816e-01
2.044276595115661621e-01
2.164067206904292107e-01
2.029932150617241859e-01
1.990985902957618237e-01
2.265021977946162224e-01
2.107452750205993652e-01
2.072545252740383148e-01
2.200695127248764038e-01
2.153118681162595749e-01
2.012198283337056637e-01
2.154160887002944946e-01
2.206405363976955414e-01
1.905670994892716408e-01
2.168352231383323669e-01
2.208117814734578133e-01
1.927966149523854256e-01
2.010818030685186386e-01
2.255885004997253418e-01
2.097959960810840130e-01
2.194683048874139786e-01
2.162017393857240677e-01
2.171978102996945381e-01
2.251958902925252914e-01
2.110282303765416145e-01
2.188961608335375786e-01
2.004373772069811821e-01
2.158960727974772453e-01
2.071563657373189926e-01
2.251008553430438042e-01
2.203392963856458664e-01
2.330680657178163528e-01
2.056873170658946037e-01
2.164778718724846840e-01
2.185705415904521942e-01
2.167308647185564041e-01
1.989698600955307484e-01
2.213984867557883263e-01
2.329216785728931427e-01
2.060236725956201553e-01
2.145326193422079086e-01
2.174216741696000099e-01
2.272968804463744164e-01
2.074702307581901550e-01
2.363511421717703342e-01
2.155525293201208115e-01
2.023206045851111412e-01
1.954857511445879936e-01
1.992602078244090080e-01
2.024798435159027576e-01
2.189551126211881638e-01
1.999472659081220627e-01
2.180024879053235054e-01
2.013754667714238167e-01
2.364350417628884315e-01
2.124793902039527893e-01
2.196447076275944710e-01
2.013254733756184578e-01
2.086683334782719612e-01
2.134622158482670784e-01
2.269463632255792618e-01
2.192157227545976639e-01
2.141240583732724190e-01
2.381211100146174431e-01
1.911797453649342060e-01
1.984242163598537445e-01
2.156990137882530689e-01
2.205820409581065178e-01
2.127768783830106258e-01
2.212028196081519127e-01
2.301151026040315628e-01
2.143564475700259209e-01
2.102175103500485420e-01
2.067895019426941872e-01
2.224648259580135345e-01
2.169804377481341362e-01
2.177154822275042534e-01
2.249531107954680920e-01
2.217090576887130737e-01
2.243346208706498146e-01
2.223800076171755791e-01
2.124224025756120682e-01
2.073006704449653625e-01
2.080483017489314079e-01
2.359483456239104271e-01
2.253564959391951561e-01
2.145593706518411636e-01
1.915260921232402325e-01
2.178126834332942963e-01
1.976731847971677780e-01
2.162719573825597763e-01
2.065129559487104416e-01
2.329774843528866768e-01
2.068350063636898994e-01
1.991469571366906166e-01
1.906435838900506496e-01
1.974735045805573463e-01
2.240070300176739693e-01
2.377286702394485474e-01
2.020696909166872501e-01
1.992697846144437790e-01
2.075092699378728867e-01
2.238999241963028908e-01
1.979527049697935581e-01
2.035693200305104256e-01
1.944952048361301422e-01
2.258173571899533272e-01
1.955220238305628300e-01
