5.088509965571574867e-02
4.082511819433420897e-03
1.911641644255723804e-03
1.400826615281403065e-03
9.410887723788619041e-04
1.007967435725731775e-03
1.037846446706680581e-03
9.992507220886182040e-04
1.015678331896197051e-03
1.023541080940049142e-03
9.725514864840079099e-04
9.119569294853135943e-04
9.093056869460269809e-04
1.094433802791172639e-03
9.011287420435110107e-04
8.555462918593548238e-04
8.397508136113174260e-04
9.189072079607285559e-04
8.097935606201644987e-04
7.993376566446386278e-04
9.605901577742770314e-04
1.035844878060743213e-03
9.072006305359536782e-04
9.011401962197851390e-04
7.891103996371384710e-04
8.071563643170520663e-04
8.766666178416926414e-04
9.366354715893976390e-04
9.628732987039256841e-04
8.967082394519820809e-04
8.697169796505477279e-04
9.411623323103412986e-04
8.331572225870331749e-04
9.112303705478552729e-04
8.916728293115738779e-04
9.421767063031438738e-04
8.723325736355036497e-04
8.940210209402721375e-04
8.644598237879108638e-04
7.837274606572464108e-04
7.834826647012960166e-04
8.230015882872976363e-04
8.299529945361427963e-04
8.095305893220938742e-04
9.961241594282910228e-04
8.790512220002710819e-04
8.639945608592825010e-04
8.209149018512107432e-04
7.521403840655693784e-04
8.086347697826568037e-04
7.667499630770180374e-04
7.821245199011173099e-04
8.606758419773541391e-04
8.556367101846262813e-04
8.554501946491654962e-04
8.784411729720886797e-04
7.757754920021397993e-04
7.612596182298148051e-04
8.336428873008117080e-04
8.081204723566770554e-04
8.418508405156899244e-04
9.646527723816689104e-04
8.134131712722592056e-04
7.431766043737297878e-04
8.976265089586377144e-04
9.465210787311661988e-04
1.056082044669892639e-03
1.259408987607457675e-03
1.066063792677596211e-03
9.860958052740897983e-04
9.758455853443592787e-04
8.455100796709302813e-04
8.489962419844232500e-04
8.314245205838233232e-04
8.031109173316508532e-04
7.743690803181380033e-04
7.948889124236302450e-04
6.371265626512467861e-04
8.476827460981439799e-04
8.051735858316533267e-04
8.453983173239976168e-04
8.018391345103736967e-04
9.035613438754808158e-04
1.111568588385125622e-03
1.012293956591747701e-03
9.631299071770627052e-04
8.756703573453705758e-04
8.305537048727273941e-04
8.884426169970538467e-04
7.882997233537025750e-04
8.971042807388585061e-04
8.863226139510516077e-04
8.865565432643052191e-04
8.548503610654734075e-04
8.860478628776036203e-04
8.288092649308964610e-04
7.609661552123725414e-04
8.260792674263939261e-04
7.865534789743833244e-04
8.311762649100273848e-04
7.159136475820560008e-04
6.737159983458695933e-04
8.510130137437954545e-04
8.898996857169549912e-04
7.909532578196376562e-04
7.908827592473244295e-04
7.320756922126747668e-04
7.815450226189568639e-04
7.229092952911742032e-04
8.015150069695664570e-04
8.361832951777614653e-04
8.284186060336651281e-04
7.712665210419800133e-04
8.551676546630915254e-04
7.027973042568191886e-04
8.866062726156087592e-04
9.131608712777961046e-04
6.280848901951685548e-04
7.520779854530701414e-04
8.700305188540369272e-04
8.321940586029086262e-04
8.054730024014133960e-04
8.852429182297782972e-04
9.002100923680700362e-04
1.006917285849340260e-03
8.080596089712344110e-04
8.426923195656854659e-04
9.092742293432820588e-04
1.111843605031026527e-03
9.487851784797385335e-04
9.752253063197713345e-04
9.585962434357497841e-04
1.096171163226244971e-03
9.430995996808633208e-04
9.322105615865439177e-04
8.657335310999769717e-04
8.565152820665389299e-04
9.578659010003320873e-04
8.541402712580747902e-04
8.289664001495111734e-04
8.319151311297900975e-04
9.201879693137016147e-04
9.146681368292775005e-04
9.185960188915487379e-04
8.996717988338787109e-04
8.744616279727779329e-04
8.621015695098321885e-04
8.061619519139640033e-04
8.551040755264693871e-04
9.393676082254387438e-04
7.436040286847855896e-04
8.173847345460671932e-04
8.008468539628665894e-04
8.557652654417324811e-04
8.219927403843030334e-04
9.788319657673127949e-04
8.549865560780745000e-04
7.847800789022585377e-04
7.251716415339615196e-04
7.740292221569688991e-04
7.693018869758816436e-04
9.221545551554299891e-04
8.638606886961497366e-04
8.268660167232155800e-04
7.151701029215473682e-04
8.060819855018053204e-04
9.783103778318036348e-04
1.200640293973265216e-03
9.547229710733518004e-04
8.516922243870794773e-04
9.014580100483726710e-04
9.253510907001327723e-04
8.402540515817236155e-04
8.301356283482164145e-04
7.564227162220049649e-04
8.361026157217565924e-04
8.634204532427247614e-04
7.933850320114288479e-04
7.794444609316997230e-04
8.286210468213539571e-04
7.359498122241348028e-04
7.996759304660372436e-04
1.000882672087755054e-03
1.077485878340667114e-03
1.190701732411980629e-03
1.097652093449141830e-03
1.129007716372143477e-03
9.623619371268432587e-04
1.091481342882616445e-03
9.629410596971865743e-04
9.516755089862272143e-04
1.091534006263827905e-03
9.480126791459042579e-04
9.093928383663296700e-04
8.038298583414871246e-04
8.396733446716098115e-04
8.733170034247450531e-04
8.418964534939732403e-04
9.602796963008586317e-04
7.489504678233060986e-04
8.203224024327937514e-04
9.359008508909028023e-04
9.073419168998952955e-04
6.866626099508721381e-04
6.670854818366933614e-04
8.690411414136178792e-04
8.855517880874685943e-04
9.451397127122618258e-04
7.502611297240946442e-04
7.906334540166426450e-04
7.245931592478882521e-04
6.964155691093765199e-04
7.894252776168286800e-04
9.286152308050077409e-04
9.935028792824596167e-04
8.607587406004313380e-04
8.072790551523212343e-04
7.722335121798096225e-04
7.310060755116865039e-04
8.129935122269671410e-04
9.157695149042410776e-04
8.172391826519742608e-04
8.484014269924955443e-04
8.450176137557718903e-04
8.656179525132756680e-04
6.553870098287006840e-04
8.098327562038321048e-04
8.017148757062386721e-04
8.899067761376500130e-04
7.644580546184442937e-04
9.172112040687352419e-04
8.047359406191390008e-04
1.010279029287630692e-03
8.845911033859010786e-04
8.548941950721200556e-04
9.497667342657223344e-04
7.830536487745121121e-04
8.962863794295117259e-04
9.307297186751384288e-04
8.135044245136668906e-04
8.112025716400239617e-04
9.131387705565430224e-04
8.629562726127915084e-04
7.620729593327268958e-04
9.303754959546495229e-04
7.048783372738398612e-04
8.774690395512152463e-04
7.656859015696682036e-04
8.066284826782066375e-04
7.069609928294084966e-04
8.121549435600172728e-04
7.918735664134146646e-04
8.525337252649478614e-04
8.396840639761649072e-04
8.449610504612792283e-04
1.017798120301449671e-03
8.459017008135560900e-04
8.336575810972135514e-04
7.815454446244984865e-04
8.161372898030094802e-04
8.390770526602864265e-04
8.563219889765605330e-04
9.024177234095986933e-04
7.728926939307712018e-04
7.249228219734504819e-04
6.407469008991029114e-04
6.922928423591656610e-04
6.538254056067671627e-04
7.611728760821279138e-04
8.365139765373896807e-04
7.968104546307586133e-04
7.625482994626509026e-04
7.849093308323062956e-04
8.235978057200554758e-04
6.934655357326846570e-04
8.200957527151331306e-04
8.425714695476926863e-04
7.591481371491681784e-04
7.538150784967001528e-04
8.088990289252251387e-04
8.912592675187624991e-04
7.647235561307752505e-04
7.485735113732516766e-04
1.085065479855984449e-03
9.404676566191483289e-04
9.471449084230698645e-04
7.904566446086391807e-04
9.536092402413487434e-04
8.271518199762795120e-04
7.622785615239990875e-04
8.092263487924356014e-04
7.013995036686537787e-04
9.342732191726099700e-04
9.372871390951331705e-04
8.385291148442775011e-04
9.117750923905987293e-04
9.152563579846173525e-04
7.827735753380693495e-04
9.949244085873942822e-04
7.708750417805276811e-04
