4.443093657493591309e+00
1.598166368901729584e+00
8.389138057827949524e-01
7.593951523303985596e-01
6.622945200651884079e-01
5.580095760524272919e-01
5.047076027840375900e-01
4.589578863233327866e-01
3.935798732563853264e-01
3.591602863743901253e-01
2.639533039182424545e-01
2.327326443046331406e-01
2.546169348061084747e-01
3.839359655976295471e-01
2.737918440252542496e-01
2.356004184111952782e-01
2.578715807758271694e-01
2.294867308810353279e-01
2.280345950275659561e-01
2.823493201285600662e-01
2.259315475821495056e-01
2.389976931735873222e-01
2.158542545512318611e-01
2.000190047547221184e-01
1.946433400735259056e-01
1.814153981395065784e-01
1.811515027657151222e-01
1.700840033590793610e-01
1.760848537087440491e-01
2.260289797559380531e-01
1.791771766729652882e-01
2.480160137638449669e-01
1.891746642068028450e-01
2.174915065988898277e-01
2.403786694630980492e-01
1.829013265669345856e-01
1.683061765506863594e-01
1.832263856194913387e-01
1.636597053147852421e-01
1.645545442588627338e-01
1.703931228257715702e-01
2.778252158313989639e-01
2.771479077637195587e-01
2.158333193510770798e-01
1.710246549919247627e-01
1.764367702417075634e-01
1.607739832252264023e-01
1.880433689802885056e-01
1.600278662517666817e-01
1.722748470492660999e-01
1.721169836819171906e-01
1.599618559703230858e-01
1.620931606739759445e-01
1.433129031211137772e-01
1.627505123615264893e-01
1.552510298788547516e-01
1.509191677905619144e-01
1.669941227883100510e-01
1.802674215286970139e-01
1.787768439389765263e-01
1.595919537357985973e-01
1.760921003296971321e-01
1.759702055715024471e-01
1.576228933408856392e-01
1.786682992242276669e-01
1.348699503578245640e-01
1.527287699282169342e-01
1.527298260480165482e-01
1.521377949975430965e-01
1.798142720945179462e-01
1.878105141222476959e-01
1.746204444207251072e-01
1.416283263824880123e-01
1.676290947943925858e-01
1.854808898642659187e-01
1.352320830337703228e-01
1.599536966532468796e-01
1.438636989332735538e-01
1.434611962176859379e-01
1.394630549475550652e-01
1.486946973018348217e-01
1.419573896564543247e-01
1.673224251717329025e-01
1.678186785429716110e-01
1.919244672171771526e-01
2.161689661443233490e-01
1.599096916615962982e-01
1.405002903193235397e-01
1.237188987433910370e-01
1.617718539200723171e-01
1.275741104036569595e-01
1.390271163545548916e-01
1.229117386974394321e-01
1.413953611627221107e-01
1.208557253703474998e-01
1.544456765986979008e-01
1.695315372198820114e-01
1.461852504871785641e-01
1.462187790311872959e-01
1.536259488202631474e-01
1.668465156108140945e-01
1.269377106800675392e-01
1.171136517077684402e-01
1.305622174404561520e-01
1.494753682054579258e-01
1.482793735340237617e-01
1.426232666708528996e-01
1.380404075607657433e-01
1.556836520321667194e-01
1.334316376596689224e-01
1.277573653496801853e-01
1.155966669321060181e-01
1.274343715049326420e-01
1.470610937103629112e-01
1.725222337990999222e-01
1.537697240710258484e-01
1.341633200645446777e-01
1.314673651941120625e-01
1.233561416156589985e-01
1.485872180201113224e-01
1.381812850013375282e-01
1.173655148595571518e-01
1.330791264772415161e-01
1.659781467169523239e-01
1.676008328795433044e-01
1.603556773625314236e-01
1.225549527443945408e-01
1.135445237159729004e-01
1.278491327539086342e-01
1.450650049373507500e-01
1.649828231893479824e-01
1.612236937507987022e-01
1.318205250427126884e-01
1.284836502745747566e-01
1.690329718403518200e-01
1.964359516277909279e-01
1.419925643131136894e-01
1.151041281409561634e-01
1.492591891437768936e-01
1.714286464266479015e-01
1.468497551977634430e-01
1.484013297595083714e-01
1.194222862832248211e-01
1.294905631802976131e-01
1.231904271990060806e-01
1.226875823922455311e-01
1.693956623785197735e-01
1.692592883482575417e-01
1.295767556875944138e-01
1.126560992561280727e-01
1.234245938248932362e-01
1.170629858970642090e-01
1.276018340140581131e-01
1.640084981918334961e-01
1.135971443727612495e-01
1.829978819005191326e-01
1.813036026433110237e-01
1.344928191974759102e-01
1.469272333197295666e-01
1.151317092590034008e-01
1.693634875118732452e-01
1.258688964881002903e-01
1.125267776660621166e-01
1.201929580420255661e-01
1.085041165351867676e-01
1.072220797650516033e-01
1.085979267954826355e-01
1.076770089566707611e-01
1.157611045055091381e-01
1.420685071498155594e-01
1.312183253467082977e-01
1.334616565145552158e-01
1.397456689737737179e-01
1.231755055487155914e-01
1.226429096423089504e-01
1.121055814437568188e-01
1.205329163931310177e-01
1.146250935271382332e-01
1.017982983030378819e-01
1.335442371200770140e-01
1.208162372931838036e-01
1.170581607148051262e-01
9.639948001131415367e-02
1.288097682408988476e-01
1.145683019421994686e-01
1.309503368102014065e-01
1.333251721225678921e-01
1.142503772862255573e-01
1.446147612296044827e-01
1.152211031876504421e-01
1.148697314783930779e-01
1.066632336005568504e-01
1.036386894993484020e-01
1.014981789048761129e-01
9.679138846695423126e-02
1.162741491571068764e-01
9.569540782831609249e-02
9.890351863577961922e-02
1.032313723117113113e-01
1.083188499324023724e-01
1.635028929449617863e-01
1.462389556691050529e-01
1.287689700257033110e-01
1.194286900572478771e-01
9.765858203172683716e-02
9.013317408971488476e-02
1.029066368937492371e-01
1.037171347998082638e-01
1.053050910122692585e-01
1.267619957216084003e-01
1.387637360021471977e-01
1.065583354793488979e-01
1.196260410360991955e-01
1.149847796186804771e-01
1.488590016961097717e-01
1.236849483102560043e-01
1.149710938334465027e-01
1.231561745516955853e-01
1.251977994106709957e-01
1.177502614445984364e-01
9.819797659292817116e-02
1.089835125021636486e-01
1.023913747631013393e-01
1.076599918305873871e-01
1.048548133112490177e-01
9.054982895031571388e-02
1.089627197943627834e-01
1.005079639144241810e-01
1.289338795468211174e-01
1.028899506200104952e-01
9.990266198292374611e-02
1.082644043490290642e-01
9.586723288521170616e-02
1.196389263495802879e-01
1.086418614722788334e-01
9.647361747920513153e-02
9.771731658838689327e-02
8.208589022979140282e-02
9.248418128117918968e-02
1.045179581269621849e-01
1.101639275439083576e-01
1.021225354634225368e-01
9.861557045951485634e-02
1.016875966452062130e-01
9.599429368972778320e-02
1.017395085655152798e-01
8.865065453574061394e-02
1.781151611357927322e-01
1.032339148223400116e-01
1.142823533155024052e-01
1.218528090976178646e-01
1.020879712887108326e-01
1.020845086313784122e-01
1.087045150343328714e-01
8.880400750786066055e-02
1.042094621807336807e-01
9.857538994401693344e-02
9.720698976889252663e-02
1.016991445794701576e-01
1.046672789379954338e-01
9.216090012341737747e-02
1.083234548568725586e-01
9.437525505200028419e-02
8.551440178416669369e-02
8.631034754216670990e-02
1.010037634987384081e-01
9.288166230544447899e-02
1.257587606087327003e-01
8.751376345753669739e-02
1.186604914255440235e-01
1.173585718497633934e-01
9.591109445318579674e-02
1.150199463590979576e-01
1.096961218863725662e-01
9.749172441661357880e-02
9.781139669939875603e-02
8.917164546437561512e-02
8.281935658305883408e-02
8.964663278311491013e-02
8.607598394155502319e-02
9.197854320518672466e-02
1.169746115338057280e-01
1.102807419374585152e-01
1.124350000172853470e-01
1.184598314575850964e-01
1.008936478756368160e-01
1.081130006350576878e-01
9.963037166744470596e-02
8.901556092314422131e-02
8.891969802789390087e-02
8.113660081289708614e-02
1.106118094176054001e-01
8.750056894496083260e-02
9.717946033924818039e-02
8.260903181508183479e-02
9.574098559096455574e-02
1.167709100991487503e-01
1.135127181187272072e-01
1.155204311944544315e-01
1.057534699793905020e-01
