1.000000000000000021e-03
9.999945247787550996e-04
9.999970490000141977e-04
9.999985340621920290e-04
9.999984306083714320e-04
9.999984304315918341e-04
9.999989066075492226e-04
9.999990008274957376e-04
9.999987508833298958e-04
9.999986003183334443e-04
9.999990611252681551e-04
9.999991102466617397e-04
9.999993763703343176e-04
9.999991409881036838e-04
9.999993737651730052e-04
9.999990459547674487e-04
9.999992161681843777e-04
9.999992658186504079e-04
9.999993220543516165e-04
9.999992409134327628e-04
9.999993182900764836e-04
9.999989654701179047e-04
9.999990033592617671e-04
9.999991059689531270e-04
9.999990681412349557e-04
9.999994014178172855e-04
9.999993305564575368e-04
9.999993330752287527e-04
9.999994137779352060e-04
9.999992698203274358e-04
9.999994132432008399e-04
9.999993614370570466e-04
9.999991912550544419e-04
9.999993263230739279e-04
9.999993275404248008e-04
9.999992072882845241e-04
9.999994283239963932e-04
9.999992198517840269e-04
9.999993188232203251e-04
9.999993819808782481e-04
9.999993307713403359e-04
9.999992824482331014e-04
9.999991964408933964e-04
9.999993316722999813e-04
9.999992930083407942e-04
9.999992427186816385e-04
9.999995217064123424e-04
9.999993982865837319e-04
9.999992076506773655e-04
9.999994065316277023e-04
9.999995423665101069e-04
9.999994964279424869e-04
9.999994896499463538e-04
9.999992851105216768e-04
9.999994031824953160e-04
9.999990179896504645e-04
9.999993856780560117e-04
9.999995662644900560e-04
9.999994035266384328e-04
9.999994625895930467e-04
9.999994005348089923e-04
9.999994914556143821e-04
9.999994787142129152e-04
9.999994385985818291e-04
9.999994543179156498e-04
9.999994632973502502e-04
9.999995155756009890e-04
9.999995004295451385e-04
9.999992794308555210e-04
9.999994399949240723e-04
9.999995377433124489e-04
9.999995550220672647e-04
9.999995007285667967e-04
9.999995568760922278e-04
9.999993820747237524e-04
9.999994788827469387e-04
9.999995840671547804e-04
9.999991693408016944e-04
9.999988394844493925e-04
9.999993853741446018e-04
9.999993767882779921e-04
9.999994023925779223e-04
9.999995145273982318e-04
9.999995844290376131e-04
9.999994474167602215e-04
9.999994961319659190e-04
9.999995388050059338e-04
9.999994895330537471e-04
9.999992156416548199e-04
9.999993791928233049e-04
9.999995650880745372e-04
9.999994015014324750e-04
9.999995745028937219e-04
9.999994517117171897e-04
9.999994005940944682e-04
9.999995998912121226e-04
9.999996073086069460e-04
9.999995152334547558e-04
9.999995917062186410e-04
9.999994971046223362e-04
9.999993584740903690e-04
9.999994520351596344e-04
9.999994002895657135e-04
9.999994342131291077e-04
9.999994618868637223e-04
9.999994313666946480e-04
9.999993475122118287e-04
9.999994846727974524e-04
9.999995179692240492e-04
9.999995784977305183e-04
9.999995425320094486e-04
9.999994202438066641e-04
9.999994125503780876e-04
9.999995441880909705e-04
9.999995958179974838e-04
9.999995311895241209e-04
9.999994982278421259e-04
9.999995654861185482e-04
9.999994312367634260e-04
9.999995669721013260e-04
9.999995868978123637e-04
9.999994842354309466e-04
9.999993628087818290e-04
9.999993862743396678e-04
9.999994644329050081e-04
9.999995361465192217e-04
9.999995904971387128e-04
9.999995210315053805e-04
9.999994740742315907e-04
9.999993146191331599e-04
9.999994792984075002e-04
9.999996734278606813e-04
9.999995369541988827e-04
9.999994749400090924e-04
9.999994536570686217e-04
9.999995164963937280e-04
9.999995931236150062e-04
9.999995791022528099e-04
9.999993059918437389e-04
9.999995417775994593e-04
9.999995313354609859e-04
9.999995282701996165e-04
9.999992302002784408e-04
9.999994921065702338e-04
9.999995239706866140e-04
9.999995003779011196e-04
9.999996423774196001e-04
9.999994225023494093e-04
9.999996601938760266e-04
9.999995271406474356e-04
9.999994021870819288e-04
9.999996324904683164e-04
9.999996530248550074e-04
9.999993896947138947e-04
9.999995293022327994e-04
9.999996046382224162e-04
9.999996613880898083e-04
9.999994925005265857e-04
9.999996328283532014e-04
9.999984670207118058e-04
9.999992698085499645e-04
9.999995331645863787e-04
9.999994572669557505e-04
9.999993395358001969e-04
9.999996139453948534e-04
9.999995948889077793e-04
9.999995524629110358e-04
9.999995510394474752e-04
9.999995896065425223e-04
9.999996882846095420e-04
9.999995450708112996e-04
9.999996956813938988e-04
9.999995704967914144e-04
9.999995619397218649e-04
9.999997135018857258e-04
9.999996892369488778e-04
9.999996169495633819e-04
9.999995107873838572e-04
9.999994005251244648e-04
9.999994860009364401e-04
9.999995212855495620e-04
9.999995208588999610e-04
9.999996214868703270e-04
9.999995563196111513e-04
9.999996718335517950e-04
9.999996512987990773e-04
9.999994828338986275e-04
9.999996532108568290e-04
9.999996789701454114e-04
9.999997022516213339e-04
9.999993202948701670e-04
9.999995743345110530e-04
9.999995573183990093e-04
9.999995080958190043e-04
9.999995579337026073e-04
9.999996540084894053e-04
9.999994938101584591e-04
9.999996139853604971e-04
9.999996068085043825e-04
9.999996001440077369e-04
9.999995765080471437e-04
9.999994739249761996e-04
9.999994915107070313e-04
9.999996028567808854e-04
9.999996429389103412e-04
9.999996247554408541e-04
9.999996554722740110e-04
9.999995838107960441e-04
9.999996369206018768e-04
9.999995656089679785e-04
9.999996103715218850e-04
9.999996061295370834e-04
9.999995539313110901e-04
9.999996400658294447e-04
9.999995885630935579e-04
9.999996668187162430e-04
9.999994724366849386e-04
9.999994542917245779e-04
9.999993288937619480e-04
9.999995036059630346e-04
9.999994533918244149e-04
9.999995255519956994e-04
9.999995696973655677e-04
9.999995045693102751e-04
9.999994911281033603e-04
9.999995110988898865e-04
9.999995289781313766e-04
9.999995427465303410e-04
9.999995169138878922e-04
9.999995419921008360e-04
9.999994018517436179e-04
9.999996121452718687e-04
9.999994572038887943e-04
9.999996464653217090e-04
9.999995967283016509e-04
9.999995745063974296e-04
9.999995694470441027e-04
9.999995294089993915e-04
9.999996317835845461e-04
9.999995568276116940e-04
9.999995502772474933e-04
9.999995567235846639e-04
9.999996343910820974e-04
9.999995253707867019e-04
9.999996893451784923e-04
9.999993222329327247e-04
9.999995486961411537e-04
9.999996136398122543e-04
9.999996628772087493e-04
9.999996064891686787e-04
9.999994455926711646e-04
9.999996269830114127e-04
9.999995906606572171e-04
9.999994169348194652e-04
9.999996362762648625e-04
9.999995253129269519e-04
9.999991459179325814e-04
9.999995198527781258e-04
9.999995044100283993e-04
9.999996383008166127e-04
9.999995420598918779e-04
9.999996159521689406e-04
9.999997311482598881e-04
9.999996000156711595e-04
9.999996027985709381e-04
9.999996715995640526e-04
9.999994797924261717e-04
9.999996128060698909e-04
9.999996306106913833e-04
9.999996103297389017e-04
9.999995768951181613e-04
9.999996758261783369e-04
9.999995941467358304e-04
9.999994071409011847e-04
9.999995566867389205e-04
9.999996914848163516e-04
9.999996140986901986e-04
9.999995021490674495e-04
9.999996270745681662e-04
9.999995211027684714e-04
9.999996234713690469e-04
9.999996369731969578e-04
9.999996021992372044e-04
9.999995527374895728e-04
9.999994312958463728e-04
9.999996283726680316e-04
9.999996472342953524e-04
9.999993525641594043e-04
9.999989505041066186e-04
9.999994043263244880e-04
9.999994288918206096e-04
9.999995269459036919e-04
9.999995096768427277e-04
9.999996013187511992e-04
9.999994410087411408e-04
9.999995313273665493e-04
9.999996105328925848e-04
9.999995903552669554e-04
9.999995246779843326e-04
9.999996103693107631e-04
