2.516110966982004066e-02
5.494678592575448148e-03
2.773799609193312084e-03
1.715492216005389241e-03
7.627409400551446537e-04
5.129282799316570163e-04
3.791281570946531559e-04
3.895836499785738254e-04
2.661871757092220520e-04
3.644598743578951429e-04
3.535283675384042596e-04
2.771724331458764339e-04
2.125103731356960438e-04
1.943960419989057911e-04
1.905910550184281732e-04
3.505566138691002692e-04
3.607474157303970684e-04
2.566315888543613255e-04
2.246671231530074679e-04
1.580390152022508716e-04
2.044912674006939583e-04
1.633106772455253733e-04
1.604704292341401612e-04
1.824785280665050166e-04
2.476150745808679233e-04
2.748954658662634159e-04
2.306586315431299525e-04
1.649191170664770340e-04
2.178994566617932819e-04
2.226243907768678568e-04
2.155607611972040402e-04
1.275948488910216838e-04
1.159600121484670275e-04
8.934746646056217613e-05
9.304837658419273794e-05
8.556593612801017699e-05
8.584600592647413252e-05
8.326882276118599362e-05
8.164499584901412489e-05
8.442813434937437053e-05
8.501305014111235254e-05
8.637375140096992254e-05
7.831742238652492885e-05
9.218848156576444383e-05
8.553988845960702747e-05
8.109107199873375718e-05
8.002682911215483659e-05
7.812032656927061255e-05
7.121427032481213572e-05
7.504307982994109876e-05
6.915483780695857020e-05
7.184018873626232631e-05
7.211034920016703184e-05
6.867327023688371741e-05
7.029038663729027833e-05
8.676138064142182953e-05
7.028893586331313016e-05
7.130258641804434843e-05
7.024085529597609752e-05
6.950990947578767774e-05
6.690047874664222362e-05
6.821469157460211788e-05
7.478926792308422265e-05
7.786899524424890516e-05
7.847226204051236634e-05
6.902192658994213230e-05
7.257181745704397076e-05
6.252767785294313467e-05
6.637793844025250041e-05
6.859555547375098354e-05
6.600726088176347799e-05
6.119723496210229571e-05
6.897494053451477998e-05
6.427841071854345500e-05
6.093192704221499624e-05
6.118815534656667622e-05
6.416953017053726141e-05
6.787407281600670429e-05
5.890324376066148523e-05
6.570653853746730351e-05
6.415591399542921211e-05
6.406544941585577105e-05
5.774638884759042412e-05
6.278820520882228849e-05
6.365198454919404798e-05
6.234336043624872801e-05
6.815943327507869329e-05
6.426578589266032464e-05
6.319740506504396436e-05
5.591593851152408626e-05
5.885507666139996381e-05
5.692850442885953691e-05
6.505886579231758590e-05
6.613925662739867804e-05
6.834975725463923550e-05
6.574098447994661070e-05
6.089308901989300046e-05
5.610345631014622506e-05
5.876722622945505884e-05
6.542366177849803603e-05
6.465928267321682983e-05
5.830204255679356394e-05
5.418959309671273915e-05
5.686239351884328990e-05
5.206712739891372621e-05
5.275795878593011529e-05
5.143664046564870986e-05
5.392429972874067482e-05
4.788731894223019481e-05
5.367211165970989733e-05
5.011914903921673776e-05
5.182213447239648793e-05
5.048182590274207052e-05
5.033736254387934003e-05
5.681487735793260398e-05
5.122967429217949268e-05
4.942828543010234591e-05
5.166187760810966374e-05
5.354846507543697953e-05
5.211907305887767344e-05
5.227217064072776828e-05
5.177217281016055495e-05
4.955429176334291697e-05
5.395695006882306188e-05
4.774924439386397842e-05
5.362465266703760953e-05
5.230101565497794418e-05
5.825017303452893850e-05
5.117891669215168804e-05
5.170977315823880254e-05
5.432997932075522840e-05
5.468442161925070230e-05
5.164332703446104881e-05
5.325134978712802293e-05
4.858012003491499691e-05
4.963167339155916125e-05
5.109676775256437721e-05
4.777543316387371632e-05
5.697355248100523147e-05
5.429102098527697145e-05
4.962076439239483568e-05
5.541557844220993339e-05
5.317977541251041237e-05
5.074956918958507720e-05
5.098346160333936333e-05
4.841386232458587494e-05
5.136996904704054358e-05
5.049634195789362074e-05
5.503776005103385777e-05
4.973953244708744349e-05
5.341269674577883215e-05
5.727889739708709059e-05
5.495496770890895277e-05
5.051983030820598124e-05
5.030947457791106316e-05
5.425719323933922916e-05
5.180993087248809877e-05
5.528219428794857356e-05
5.090159356768708676e-05
5.330171682414531950e-05
5.252276735388607029e-05
5.054252921711720284e-05
5.084580490282470820e-05
4.667765902662982463e-05
4.736213356539208200e-05
5.022994784147678403e-05
4.786371625544104483e-05
5.437663509967803713e-05
5.390125677097655591e-05
4.766218886028842299e-05
4.956639999623543353e-05
4.979820265102067261e-05
5.419930987825084719e-05
5.164281719771679491e-05
4.749709582288882465e-05
5.428110229591506303e-05
5.125690846138500838e-05
5.221429533516389548e-05
4.978968484335512165e-05
5.401338161651178033e-05
5.055072116582388518e-05
4.701629092908531186e-05
4.929879833071026951e-05
5.528599155825629589e-05
5.749377877301802399e-05
5.119366245967934610e-05
5.633991817636082650e-05
4.695551979239098728e-05
5.619518976475644615e-05
5.236054857959970832e-05
4.973955141654836715e-05
5.124690064154232622e-05
5.061650959500444352e-05
4.696973233616777926e-05
5.349935288125250247e-05
5.125941061123739928e-05
5.400851685927981051e-05
4.743109145368050542e-05
5.144714123161975294e-05
4.812881369226878049e-05
5.690264983318879039e-05
4.999697531664943782e-05
4.871601153614132435e-05
5.679805950161868005e-05
4.659798651118762791e-05
5.216242321434297829e-05
5.099034959649933042e-05
5.183233406569343060e-05
5.615632705614968893e-05
5.231002640877184930e-05
5.117511734299894181e-05
5.488175208613808956e-05
5.420959262534909192e-05
5.143311058678331555e-05
4.945287426900384488e-05
5.284325119906238050e-05
4.985051366799909863e-05
5.171338125364854932e-05
4.569568565265009639e-05
4.787376279377245574e-05
5.099197707230424968e-05
4.873791632625008462e-05
4.927691796703064355e-05
4.989653176120815097e-05
4.806476109869046596e-05
5.078403955849353224e-05
4.760889351018704474e-05
4.926173408291235808e-05
5.059702821849246739e-05
5.270207865188629838e-05
5.066768348375002624e-05
4.885656614663146194e-05
5.403233444667421281e-05
4.919839869087029490e-05
5.167065319255925715e-05
5.214637946794807669e-05
4.704743098825149480e-05
5.163882737438793064e-05
4.890606578555889428e-05
4.811147222686226250e-05
5.294574059787139538e-05
4.997740766806860684e-05
5.142685300337949066e-05
5.252982139479302112e-05
5.480540520303682896e-05
5.207806524205287459e-05
5.257052673966557029e-05
5.176936299124333766e-05
5.815652626292181431e-05
4.909163856479738149e-05
4.938321139239373387e-05
5.200261771928386061e-05
4.762851780729501278e-05
5.051302702798109260e-05
5.477424929267726839e-05
4.917845944873988628e-05
5.214128447862874475e-05
5.737082938139792532e-05
4.986346279370731444e-05
5.521081064736270817e-05
4.986757604845999268e-05
4.863370408462027789e-05
5.234017615813562187e-05
4.908920371755292179e-05
5.227119956024190871e-05
5.715055106390666458e-05
5.386628617998212576e-05
5.334128036338370293e-05
4.940291494546856973e-05
5.218771184445358813e-05
5.195231824473012239e-05
4.897366021136154651e-05
5.232109443958117155e-05
5.218281980238056512e-05
4.949362274991082487e-05
5.268312400273446235e-05
5.301411537012816878e-05
4.879041911668277116e-05
4.680372512666508555e-05
5.723110864762149993e-05
5.174770818224975138e-05
5.662739022227469832e-05
4.713169905049393655e-05
5.362098038728747759e-05
5.150344934788465742e-05
5.102336555345183698e-05
5.154656667270630840e-05
5.488460893892417190e-05
4.873033477841610549e-05
5.167196780218675974e-05
5.167683697696442486e-05
5.385606060112227916e-05
4.663228225711334255e-05
4.973835426166520684e-05
5.166364436653176782e-05
4.579481823644268097e-05
5.272796105210935237e-05
5.434768536360934377e-05
5.085334617303617540e-05
4.943866380407209036e-05
