7.448200518930596717e-03
5.468081067582326524e-03
3.853967130583311768e-03
3.987639660148748454e-03
3.987864241935312748e-03
3.328420911982123403e-03
3.181782118710024202e-03
3.557555793252374383e-03
3.765866027346679266e-03
3.084281584181423636e-03
3.002513748859720385e-03
2.513700638831193896e-03
2.950188587419688702e-03
2.518945556533123704e-03
3.109099917180304078e-03
2.818133923158581706e-03
2.727418955016349105e-03
2.620882886861051770e-03
2.773293510212430056e-03
2.628149007380540820e-03
3.237589046226015989e-03
3.177748460854802875e-03
3.009722759348473255e-03
3.072735953277775343e-03
2.462703135928937491e-03
2.604396805898951447e-03
2.599492685736289922e-03
2.437144334960196761e-03
2.719975858261542475e-03
2.438255627306976613e-03
2.543618819410247648e-03
2.862569077738693658e-03
2.612618588110698307e-03
2.610256986892117107e-03
2.834052055342389190e-03
2.406717689674613917e-03
2.811504245203520509e-03
2.627121109981089830e-03
2.502367715351283550e-03
2.603978783424411563e-03
2.696353310186948033e-03
2.853376624573554250e-03
2.602225369108574545e-03
2.676438839573945256e-03
2.769993842645947484e-03
2.201392290381980980e-03
2.469136038728590461e-03
2.833404179130281659e-03
2.452160880368735047e-03
2.153322408308407966e-03
2.258816625856395217e-03
2.273967464654041374e-03
2.691346603179616773e-03
2.459070312657526437e-03
3.154338021496577108e-03
2.494871524894343769e-03
2.096344475700919179e-03
2.458361222774588760e-03
2.333475268512432126e-03
2.464518915595753038e-03
2.269941140964095144e-03
2.298201517468052065e-03
2.384991967119276524e-03
2.351364811017577199e-03
2.331938195441450330e-03
2.215456192581249321e-03
2.249823953856581148e-03
2.702016582978623068e-03
2.382024091535380785e-03
2.164171942110572604e-03
2.123339292925915424e-03
2.249150528639022855e-03
2.118911170068064030e-03
2.502177717230681924e-03
2.297829977968441403e-03
2.052871502071086911e-03
2.901092836899416601e-03
3.429064809876893310e-03
2.495488567676927300e-03
2.512858182724033145e-03
2.460697125310876664e-03
2.217851812019944191e-03
2.051978255622088909e-03
2.366186768215681763e-03
2.259480342867651280e-03
2.161685219367167655e-03
2.274227869098207656e-03
2.819080288255853498e-03
2.508005800856543625e-03
2.099185496003234085e-03
2.462531123975558126e-03
2.076339966151863337e-03
2.356973227246531542e-03
2.464397045384560374e-03
2.013442360164065508e-03
1.994692005350121554e-03
2.216238437020884907e-03
2.033932517016572798e-03
2.257298461959830228e-03
2.549513255611860450e-03
2.356277920106159603e-03
2.465022985623883164e-03
2.394289169127919968e-03
2.335000421485996548e-03
2.400304365437477827e-03
2.571203014148132956e-03
2.285028907603451308e-03
2.209975941306246364e-03
2.066569980732830322e-03
2.152933007372276938e-03
2.423666542329426261e-03
2.439694707780810153e-03
2.149032553591366263e-03
2.023665101400443610e-03
2.179459560595984908e-03
2.254776207597127859e-03
2.098224657986845227e-03
2.400578581728041172e-03
2.094633752546672372e-03
2.045874101375894701e-03
2.285998372826725245e-03
2.540885321130709803e-03
2.493660423039857892e-03
2.329469932841935452e-03
2.167906616315511906e-03
2.036941832297348674e-03
2.202944904898426239e-03
2.308407041709870100e-03
2.635215675192220056e-03
2.296913381932037031e-03
1.819029392208904028e-03
2.166018372268548910e-03
2.306506212335079908e-03
2.352788187896034423e-03
2.213349624071270227e-03
2.030399037591580896e-03
2.065087502290095540e-03
2.651749311813286249e-03
2.154707476230604494e-03
2.179120309717421083e-03
2.186234874118651601e-03
2.792794997471251782e-03
2.268487870294068603e-03
2.196175337303429842e-03
2.249940240290015936e-03
1.903542683326772374e-03
2.418941024058897642e-03
1.855520481642867776e-03
2.188850767977003602e-03
2.461120161959635174e-03
1.929676276631653309e-03
1.874991638552663551e-03
2.486701963269816792e-03
2.183842081909200851e-03
2.001462678890675306e-03
1.852257094079894648e-03
2.267607903507138940e-03
1.928789008940969257e-03
3.941108414437621832e-03
2.719997794234326784e-03
2.174863766413182020e-03
2.345002439272190781e-03
2.586871260843638925e-03
1.977764257130080160e-03
2.025989657600543205e-03
2.129436412360519171e-03
2.132820231573922479e-03
2.039155623476420192e-03
1.777171223823513242e-03
2.146950648498854343e-03
1.755959125668076501e-03
2.086091553792357445e-03
2.106769858593387449e-03
1.703770255387228576e-03
1.774454379171532242e-03
1.970054024630891239e-03
2.226378436067274515e-03
2.464538822615785444e-03
2.282082435808011588e-03
2.202360608082796784e-03
2.203341806307435036e-03
1.958351428454209713e-03
2.120241231750696898e-03
1.823464192317000550e-03
1.879649502890450583e-03
2.289102238137274981e-03
1.874489011242985725e-03
1.803527885515774937e-03
1.736900145520589274e-03
2.624281690389450045e-03
2.076750762561069882e-03
2.117853403823183930e-03
2.232494614353137171e-03
2.116381041040377772e-03
1.872332059844796209e-03
2.264680166263133287e-03
1.977661882327603256e-03
1.995961747265287932e-03
2.012806196164871903e-03
2.071441816432135260e-03
2.308734576217830181e-03
2.269818181438105261e-03
2.005966758588328958e-03
1.902047752602291928e-03
1.949877627859158144e-03
1.868367228390915022e-03
2.053504044722233562e-03
1.918010397015937644e-03
2.097928023431450129e-03
1.986897675253982993e-03
1.997684328151600516e-03
2.125940127630850975e-03
1.909684805598642083e-03
2.041746313417596662e-03
1.837343892215617972e-03
2.311998030303844508e-03
2.351421239187142555e-03
2.607629068994096223e-03
2.242660021043515507e-03
2.353359246626496315e-03
2.192524594387837943e-03
2.088032051688060164e-03
2.240482809221638286e-03
2.270671963093003932e-03
2.225669500018869190e-03
2.184593800588378008e-03
2.152428159856104549e-03
2.212393829332930887e-03
2.154203090218028728e-03
2.461810338510466659e-03
1.982369925826787949e-03
2.345138682617938820e-03
1.892631931696087122e-03
2.021384953487930739e-03
2.076331417941089125e-03
2.088639303110539913e-03
2.183594391681253910e-03
1.931531196792743129e-03
2.119027078151702881e-03
2.134629907751722181e-03
2.119275766225265419e-03
1.924680047003286256e-03
2.192943257146647874e-03
1.774145356778587552e-03
2.620537673854934132e-03
2.138379013298877772e-03
1.978546854973371478e-03
1.848179755532848014e-03
1.996772106005145157e-03
2.370088968226419842e-03
1.944081466977617663e-03
2.036535106266715821e-03
2.430573301223505883e-03
1.919711536694584117e-03
2.193076918566865766e-03
2.941710907699806535e-03
2.205653931014239788e-03
2.240842940019709909e-03
1.914361350437892304e-03
2.154043659434786741e-03
1.972617190663835708e-03
1.650465964173365978e-03
2.013129182159900665e-03
2.006113762035965919e-03
1.824114155689520464e-03
2.295823518319853838e-03
1.980680498361055402e-03
1.934605039423331618e-03
1.987004207746524958e-03
2.070494952412055886e-03
1.812337685675759463e-03
2.027844635969294155e-03
2.450901823717036541e-03
2.119363842731607998e-03
1.768025079010320530e-03
1.977371550830347383e-03
2.245948666573635046e-03
1.943842865460153075e-03
2.202781017071434554e-03
1.953210981030549260e-03
1.917871471960097551e-03
2.007626695558428764e-03
2.128783072943666276e-03
2.400453892602984456e-03
1.940456796936424746e-03
1.890572478129927663e-03
2.561229780050260866e-03
3.260923233548445547e-03
2.456712719452168198e-03
2.405522141738661822e-03
2.189301453264696443e-03
2.228904008266648952e-03
2.009847292876137340e-03
2.379866940568068322e-03
2.179139127422656270e-03
1.986486180352845486e-03
2.037294649718595588e-03
2.194543161229895508e-03
1.986903313081711531e-03
2.352686291227915581e-03
