2.120713447220623580e-03
8.739728907433649049e-04
6.386295135598629713e-04
5.522927540975312898e-04
5.140027865612258225e-04
6.821446081933875590e-04
6.477857163796822519e-04
6.506679269174735041e-04
5.304507561959326050e-04
7.015493931248784499e-04
5.410767461095626228e-04
6.088113974935064352e-04
6.766307031890998356e-04
7.190537212106089086e-04
7.011369879667957118e-04
5.780862372679015145e-04
6.701555297089120114e-04
6.204214276901135914e-04
5.569867265876382372e-04
6.317653770868976839e-04
5.216988676693290906e-04
5.986728026376416430e-04
6.071094113091628263e-04
6.972622611404707179e-04
6.939716287888586955e-04
5.239174060989171267e-04
5.172385426703840494e-04
6.350467621814459996e-04
5.529684499682237415e-04
5.041565144589791768e-04
5.263373546767980077e-04
6.415916878419618318e-04
6.642431622215856819e-04
7.318171944158772266e-04
5.997577662734935753e-04
5.634805168180415883e-04
6.250490822518865340e-04
5.681255463665972009e-04
4.292421780216197245e-04
5.315613467246294238e-04
5.287121399305761077e-04
6.122609270581354408e-04
5.743554832103351607e-04
6.957122221744308941e-04
6.067927693948149898e-04
5.253500780478741021e-04
6.844805922204007633e-04
5.395281264403213768e-04
4.695733950939029455e-04
4.800103663001209389e-04
4.912213383552929127e-04
7.473287386043618195e-04
7.169494754634797139e-04
5.748628483464320428e-04
5.653254066904385812e-04
5.250186649694417408e-04
5.087763109865288012e-04
4.735166497994214080e-04
5.099041988917937026e-04
5.484587629325688319e-04
5.598296314322700465e-04
5.568548920564353032e-04
5.928598868194967942e-04
5.680948903318494775e-04
5.860218351396421664e-04
6.846755684819072051e-04
6.072883494198322513e-04
5.971604667138307853e-04
5.354665976483374617e-04
5.951107033373167045e-04
6.101389454367260644e-04
5.216383666265756109e-04
6.077001123533894763e-04
4.572296961365888263e-04
5.383621416209886110e-04
5.590069068906207807e-04
5.508483542750278747e-04
6.103113642893731811e-04
5.697797265990326441e-04
6.715444042735423157e-04
7.901351278026898413e-04
5.850967233224461115e-04
4.950483038555830500e-04
8.042513334657996459e-04
6.943648739252239032e-04
5.652592090579371164e-04
5.630122051419069297e-04
5.836788099259137890e-04
5.995699941801527991e-04
4.720742387386659962e-04
4.726802949638416623e-04
6.803101103287189765e-04
6.673196350069095619e-04
5.271217067881176941e-04
4.263893584720790603e-04
5.353030224796384790e-04
5.306832278923442111e-04
7.732751507622500405e-04
6.268990420115490682e-04
6.205422764954467325e-04
5.331690442593147502e-04
4.598314330602685357e-04
5.037440763165553772e-04
4.482040259366234071e-04
6.846967618912458853e-04
6.288835002730290601e-04
7.063340065845599139e-04
6.573217319479833336e-04
5.314651954298218019e-04
5.184703894580404036e-04
4.973796778358519511e-04
5.634827772155404308e-04
6.073870424491663918e-04
5.540976106810073130e-04
5.923782494695236647e-04
5.377857606314744065e-04
5.069948441814631007e-04
5.434193318554510601e-04
5.903386278077960231e-04
7.224162283819169240e-04
5.585000598027060502e-04
6.336765383215000160e-04
5.834260150246943326e-04
5.131515363852183530e-04
4.857026331592351307e-04
4.909692370953659723e-04
5.471984545389811487e-04
5.154392332769930146e-04
5.934736885440846646e-04
5.576806569782395652e-04
4.992420067234585972e-04
4.992853714308391304e-04
6.776462910541643410e-04
7.679376324328283324e-04
5.253580670493344755e-04
5.206294027933229930e-04
6.544916657730936570e-04
5.729258021650215351e-04
5.088321903410057299e-04
5.332825162137548418e-04
5.321381438989191814e-04
4.904123391800870859e-04
6.156176309256504268e-04
7.777486093497524948e-04
6.787674210499972105e-04
5.495106723780433409e-04
6.160748986682543791e-04
5.422676098532974503e-04
6.238237576326355772e-04
4.594429541612043760e-04
5.298220668919384913e-04
5.005297561486561587e-04
4.352253852024053678e-04
4.857579576006780249e-04
5.462579448552181251e-04
6.107799223779389894e-04
5.817627592477947257e-04
4.498566481440017368e-04
4.102304150971273328e-04
4.461130156414583325e-04
5.018554026416192091e-04
4.450206470210105181e-04
4.012928247296561834e-04
5.907627074824025161e-04
5.760214291512966590e-04
5.797947950971622756e-04
4.104894139648725734e-04
4.889945616014301560e-04
5.290092473539212978e-04
5.780750749787936247e-04
5.105040007038041516e-04
5.017565679736434980e-04
5.804375202084580696e-04
6.268397109427799275e-04
5.917121481616050439e-04
4.422848724061623216e-04
4.520925615603724971e-04
4.586398116468141549e-04
5.305543464298050115e-04
5.231238668784498952e-04
4.684336153635134336e-04
5.019524464538942070e-04
6.066758709494024298e-04
5.433815085173894456e-04
5.755930789746344523e-04
6.288095901254564524e-04
6.457253863724569118e-04
4.709961901729305730e-04
5.240809987299144268e-04
6.072013173252343698e-04
5.414500735544910178e-04
5.934749273971344323e-04
6.283563425919662425e-04
5.616326331316182649e-04
4.795521749959637974e-04
4.653265719146778439e-04
5.572098093883444576e-04
5.406581660887847200e-04
4.730823876646657712e-04
5.453617001573244369e-04
6.229141571869452288e-04
6.416626895467440143e-04
5.379228309417764635e-04
4.659912374336272478e-04
4.721686748477319732e-04
4.876881255768239607e-04
4.909486820300419836e-04
4.194854040785381938e-04
4.912537833054859927e-04
4.745145852211862803e-04
5.276847844167301908e-04
6.202366435900330760e-04
5.573962562872718284e-04
6.781892230113347082e-04
8.288649085443466468e-04
6.749307018859932459e-04
6.577756585708509395e-04
5.160149536095559814e-04
5.110621025475362792e-04
5.454159099220608166e-04
4.938176134601235390e-04
5.513921186017493479e-04
4.199350010215615486e-04
5.408141470979899602e-04
5.983197945170104937e-04
5.133140715770423195e-04
4.283094972682496165e-04
4.074638457192728772e-04
4.407048225402832140e-04
4.733822812947134358e-04
5.273838702123612382e-04
6.150250846985727549e-04
5.102371040266006751e-04
5.339665532422562368e-04
4.555951842727760655e-04
3.884039964759722135e-04
5.697339462737242019e-04
6.431831920053809664e-04
4.879620741121470711e-04
5.270453538590420773e-04
5.271945265121757984e-04
4.778934429244448561e-04
5.386367226795603976e-04
4.767454200191423405e-04
4.609601581857229345e-04
5.969287303742021322e-04
4.904814277930806586e-04
3.823616153871019609e-04
4.253637976944446781e-04
4.886559637573858030e-04
5.195057640473047748e-04
5.156879633432254195e-04
5.813190034435441241e-04
5.682548081191878030e-04
5.933970562182367282e-04
4.328656340173135273e-04
4.430896680181225069e-04
4.699853307101875544e-04
4.830826500741144057e-04
5.864015683376540234e-04
6.414437414302180066e-04
6.408054381608962796e-04
5.878707219380885146e-04
4.526496263376126434e-04
5.599450242395202825e-04
4.701137697945038333e-04
5.099761513217041745e-04
5.476230192774286234e-04
5.054722307249904113e-04
5.482392230381567984e-04
4.580659811229755734e-04
4.518501965018610123e-04
5.484842462465166829e-04
5.435071846780677998e-04
5.294486220615605369e-04
5.861790132864068458e-04
5.465155215157816446e-04
4.916510913365831122e-04
6.121202876480917208e-04
6.033666412501285546e-04
5.350498075131326480e-04
5.122307901425908081e-04
5.942249573611964710e-04
4.830963929028560537e-04
5.004973286607612877e-04
5.473867233376950459e-04
6.828115321695805030e-04
6.293829608087738500e-04
6.923912830340365207e-04
6.477032206021249077e-04
6.328365086422612414e-04
5.813779464612404361e-04
6.192468805238604762e-04
6.002233363687992313e-04
5.133035398709276951e-04
4.602249284895757690e-04
5.331024265615269108e-04
5.450220875597248113e-04
4.625673289410770048e-04
4.282438661903142712e-04
