7.471074710289636600e-02
5.762705802917480330e-02
6.431508784492810660e-02
5.977303932110468454e-02
5.303174604972203665e-02
5.821657205621401376e-02
5.763454412420590534e-02
5.718593994776408063e-02
5.748545999328295159e-02
5.537058065334955759e-02
4.695251410206158910e-02
4.412748577694098479e-02
4.268728370467821803e-02
4.712186368803183284e-02
5.000254983703295714e-02
4.945540204644203325e-02
4.390081912279129167e-02
4.561783646543820375e-02
3.834981260200341635e-02
3.796217938264211111e-02
4.025796776016553336e-02
3.686275469760100232e-02
4.737475899358590398e-02
4.990566335618495941e-02
3.774516185124714845e-02
3.838585789004961973e-02
4.495198093354701996e-02
4.407399917642275400e-02
4.636998934050400728e-02
4.292078949511050900e-02
4.684620928019285480e-02
3.989893582959969792e-02
4.014811677237351689e-02
3.385027249654134346e-02
3.658532748619715280e-02
3.843528628349304060e-02
3.593430655697981563e-02
3.581166683385769711e-02
4.225200961033503261e-02
4.710410659511884285e-02
4.562993024786313190e-02
3.847791031002998491e-02
4.154919919868309969e-02
4.175390669455130571e-02
3.147259180744488988e-02
4.464321124056975371e-02
3.737343673904736790e-02
3.864106722176074982e-02
3.593573682010173936e-02
3.452105199297269417e-02
3.492454811930656433e-02
4.325196606417496675e-02
3.473302895824114528e-02
3.800039067864417752e-02
3.291282405455907278e-02
4.409341812133789340e-02
3.652472582956155234e-02
3.756809507807095522e-02
3.470384217798709592e-02
3.560426620145638876e-02
3.183703248699506355e-02
4.159588540593783107e-02
3.557749514778454913e-02
3.370485678315162520e-02
3.135968223214149336e-02
3.879341942568619722e-02
3.425721302628517012e-02
3.303470201790333072e-02
3.175010656317075325e-02
3.680172885457674847e-02
3.571268568436304636e-02
2.912911288440227578e-02
3.164008917907874113e-02
2.982753043373425825e-02
3.175519866247971529e-02
3.216499344756205969e-02
3.169294918576876646e-02
3.201079027106364799e-02
3.149567556877930913e-02
3.846186399459838867e-02
3.636694326996803284e-02
3.705317191779613356e-02
3.211303092539310317e-02
4.313671762744585719e-02
3.803214008609454022e-02
3.869417806466420723e-02
3.372322320938110629e-02
3.477122671902179579e-02
4.212960725029309822e-02
3.624815456569194932e-02
3.488598801195621352e-02
3.382585061093171253e-02
2.951596329609552927e-02
4.072780758142471175e-02
4.576215706765651703e-02
3.683935788770516945e-02
3.469504142800967222e-02
3.896390361090500826e-02
3.442904489735762463e-02
3.122176354130109036e-02
2.494546255717674729e-02
3.649970168868700571e-02
3.096431357165177825e-02
3.232804226378600126e-02
3.609546336034933495e-02
3.293665995200475288e-02
4.206237904727459093e-02
2.728618097802003317e-02
3.178693143030007773e-02
2.972203418612480094e-02
3.052042145282030106e-02
3.441364653408527513e-02
3.197433116535345482e-02
2.811184947689374450e-02
2.834150729080041342e-02
3.262510672211647172e-02
2.905593551695346763e-02
3.147156356523434645e-02
2.802889024217923575e-02
2.820592951029539039e-02
2.662529622515042577e-02
2.808438347031672749e-02
3.406186786790688786e-02
3.205705521007378572e-02
2.646051843961079800e-02
2.401574589312076638e-02
2.854848032196362698e-02
2.568384259939193726e-02
3.000308834016323159e-02
2.593516719837983542e-02
2.882603953282038278e-02
2.834383721152941224e-02
2.782769855111837456e-02
3.666292081276575909e-02
3.954202470680077963e-02
3.700891844928264757e-02
3.813636240859826637e-02
3.659801992277304100e-02
2.682998254895210127e-02
2.892984511951605595e-02
2.636334809164206025e-02
3.082179526487986362e-02
3.132852415243784355e-02
3.266132865101099153e-02
2.805697682003180024e-02
2.418432707587877747e-02
2.718719554444154127e-02
2.858326969047387395e-02
2.667907445381085055e-02
3.401821143925189833e-02
2.760365183154741761e-02
3.839833736419677457e-02
2.490935648481051173e-02
3.550080073376496448e-02
2.642488752802213056e-02
2.635417369504769805e-02
2.841743826866149902e-02
2.465703673660755296e-02
2.628887966275215288e-02
3.371224179863929749e-02
3.274457318087418967e-02
2.884253188967704842e-02
3.317528801659742899e-02
2.909951495627562112e-02
2.928078131129344466e-02
2.716652310142914431e-02
3.189951529105504446e-02
3.031194731593132158e-02
2.895715236663818498e-02
2.689456163595120228e-02
2.436942389855782307e-02
3.244882163902123445e-02
3.525347088774045262e-02
2.848606457312901838e-02
3.227075003087520599e-02
2.882164257268110888e-02
2.647698074579239030e-02
2.787024006247520308e-02
2.442588234941164491e-02
2.828088315824667590e-02
2.774082695444424901e-02
2.692514384786287920e-02
2.606242323915163722e-02
2.998374017576376643e-02
2.888903431594371657e-02
2.896842509508133073e-02
3.012445320685704434e-02
3.348227726916472302e-02
2.752676134308179243e-02
2.594055806597073827e-02
2.537798384825388706e-02
2.514340964456399444e-02
2.365079981585343702e-02
2.520205856611331188e-02
2.782038959364096370e-02
3.034979024281104359e-02
2.696518649657567504e-02
2.970483973622322152e-02
2.990444153547287126e-02
2.804440967738628526e-02
2.561924445132414407e-02
2.948443107306957314e-02
3.459922000765800615e-02
3.693409586946169720e-02
2.776197132964929037e-02
3.031807492176691668e-02
2.952122998734315121e-02
2.832115752001603329e-02
3.262825297812620845e-02
2.425216554353634354e-02
2.903506532311439514e-02
2.550874613225460191e-02
2.351562461505333698e-02
2.946393204232056889e-02
3.129091455290714668e-02
2.798294710616270817e-02
2.868498073269923690e-02
2.427547387778759141e-02
3.099955618381500244e-02
2.804554576675096986e-02
2.351156702886025157e-02
3.147292497257391658e-02
2.931136439243952480e-02
2.671736478805541992e-02
3.164485345284143852e-02
3.159199555714924806e-02
3.740581770737965578e-02
3.098242916166782379e-02
3.125503398478031436e-02
2.633422265450159616e-02
2.985000113646189487e-02
2.742661026616891387e-02
2.926568482071161340e-02
2.263919161632656912e-02
2.665508451561133044e-02
2.877832843611637798e-02
2.853114642202854087e-02
3.060991875827312469e-02
2.392554941276709216e-02
2.673408811291059020e-02
2.291479023794333256e-02
2.573273479938507219e-02
2.618487713237603598e-02
2.403266765177249770e-02
3.009998723864555289e-02
3.059757426381111076e-02
3.190430365502834598e-02
3.234250023961067477e-02
2.865324852367242062e-02
3.313403613865375380e-02
2.737502902746200700e-02
2.671519778668880393e-02
2.694209720939397951e-02
2.889405780782302105e-02
2.507533952593803475e-02
2.495582799116770334e-02
2.890916951000690321e-02
2.441177057723204272e-02
2.823787045975526336e-02
2.314166060338417735e-02
2.768748663365840773e-02
2.831810700396696773e-02
2.338345143944025109e-02
2.709438813229401999e-02
2.400260834644237992e-02
2.508603123327096326e-02
2.622455886254708088e-02
2.717374488711356978e-02
2.397567542890707490e-02
3.531411401927471438e-02
3.732610493898391724e-02
2.922462585071722643e-02
2.259633038192987442e-02
2.253454147527615345e-02
3.145341401298840794e-02
2.867549446721871786e-02
3.104108311235904624e-02
2.741428222507238249e-02
2.561369786659876621e-02
2.842190948625405653e-02
2.447815431902805941e-02
2.590091054638226850e-02
2.787241488695144792e-02
2.175136699030796525e-02
2.299420398970445159e-02
2.339259025951226714e-02
2.450408289829890049e-02
3.347597389171520776e-02
3.224679169555504793e-02
2.350910032788912363e-02
2.609250272313753602e-02
2.392265368252992699e-02
2.380150991181532658e-02
2.396743682523568356e-02
2.519121033449967656e-02
2.608435886601606982e-02
2.860510187844435281e-02
2.368187699466943810e-02
2.559017042318979807e-02
2.398689289887746129e-02
