3.184186555445193967e-02
1.867282055318355422e-02
1.453072419390082429e-02
1.281536435708403518e-02
1.203972296789288486e-02
1.137340022251009941e-02
1.116563612595200539e-02
1.127136852592229913e-02
1.091550216078758170e-02
1.025723423808813130e-02
1.058530528098344803e-02
9.771231096237897873e-03
1.035924209281802177e-02
1.007996536791324650e-02
1.095497142523527145e-02
1.032244265079498326e-02
9.506627637892960808e-03
1.011077081784605980e-02
1.051081931218504975e-02
1.006152639165520599e-02
1.003923779353499413e-02
1.036087051033973694e-02
1.140605313703417847e-02
1.095833135768771102e-02
1.051249857991933857e-02
1.056019607931375434e-02
1.025856332853436470e-02
1.047292398288846016e-02
1.010642703622579609e-02
1.014399118721485103e-02
1.111087044700980256e-02
9.409203846007584832e-03
9.868352301418780934e-03
9.811423905193805001e-03
1.019670693203806808e-02
1.002375176176428795e-02
9.434413537383079876e-03
1.062850579619407584e-02
1.041571386158466304e-02
1.146065760403871571e-02
1.113737747073173523e-02
1.072083767503500054e-02
1.002158606424927677e-02
9.649507049471140602e-03
9.562687110155820500e-03
9.476795513182877800e-03
9.630757011473178517e-03
9.299326129257679333e-03
1.012881165370345046e-02
9.222343470901251186e-03
9.529345203191041946e-03
9.952291939407586704e-03
1.023791357874870300e-02
1.129152737557887962e-02
1.100995121523737873e-02
1.080570835620164871e-02
1.136942021548748016e-02
9.860733151435851704e-03
9.944106172770261071e-03
9.973032213747502067e-03
9.984167106449604728e-03
9.937201999127865185e-03
1.064859163016080787e-02
1.002895981073379482e-02
9.805099386721850135e-03
1.052261106669902767e-02
1.008269004523754120e-02
1.011183513328433106e-02
9.781154152005911567e-03
1.050256025046110084e-02
1.070286082103848527e-02
9.983530826866626393e-03
1.051991013810038567e-02
1.050155479460954631e-02
1.001094589009881089e-02
9.859042428433894417e-03
1.006434503942727973e-02
9.549287147819995880e-03
1.022625220939516952e-02
1.023923745378851891e-02
1.019843509420752595e-02
1.064160829409956967e-02
1.064486866816878249e-02
1.043943334370851447e-02
1.036966862156987225e-02
1.125934915617108310e-02
1.253157546743750503e-02
1.226653670892119408e-02
1.048577874898910453e-02
1.027825335040688515e-02
9.967868868261575005e-03
9.646413568407296441e-03
1.003131298348307679e-02
9.779435768723487160e-03
1.006756750866770814e-02
9.685988165438174854e-03
9.702540375292301525e-03
9.597089793533086083e-03
9.996949695050716400e-03
1.025569951161742210e-02
9.622274897992610931e-03
1.004840675741434063e-02
9.880581032484769474e-03
1.043553184717893600e-02
1.000467576086521218e-02
1.053638225421309541e-02
1.011168360710144008e-02
1.149817034602165257e-02
1.097396891564130818e-02
1.020055618137121270e-02
1.071230461820960045e-02
1.074110958725213970e-02
1.095093004405498470e-02
1.085980227217078244e-02
1.092849215492606128e-02
1.052269395440816845e-02
1.081127021461725235e-02
1.036732289940118720e-02
9.673334192484617233e-03
9.969444945454597473e-03
9.695018548518419613e-03
9.307404514402151108e-03
9.697158727794885982e-03
9.694486204534769752e-03
1.095943432301282883e-02
9.841095656156539917e-03
1.030413564294576680e-02
1.110486714169383118e-02
1.048683766275644233e-02
1.106246858835220268e-02
1.090018274262547458e-02
1.086768740788102150e-02
9.801740758121013641e-03
9.710411168634891163e-03
9.898495301604271282e-03
9.502025414258241306e-03
1.042165681719780038e-02
1.016444293782114983e-02
9.614893980324269035e-03
1.039399066939949989e-02
1.078573921695351670e-02
1.099688969552516972e-02
1.028240807354450191e-02
1.009325459599494899e-02
1.057574497535824706e-02
1.046555591747164692e-02
1.039458867162466014e-02
1.049335096031427453e-02
1.021687090396881069e-02
9.988093283027410507e-03
1.012015845626592671e-02
9.634683746844530453e-03
9.802660159766673348e-03
9.859138540923595775e-03
1.026125913485884632e-02
1.030668532475829090e-02
1.129184085875749657e-02
1.121758725494146312e-02
1.094145076349377702e-02
1.019122665748000214e-02
9.846354927867650639e-03
9.880731534212826989e-03
1.023708414286375080e-02
1.120979534462094272e-02
1.116694072261452744e-02
1.075212163850665023e-02
1.098158257082104683e-02
1.060601500794291531e-02
1.019307905808091233e-02
1.005210531875491177e-02
9.913356136530637394e-03
1.015309896320104599e-02
9.405985474586486816e-03
9.369926527142524719e-03
1.034347070381045307e-02
9.364169277250766060e-03
9.213832952082157829e-03
1.033715112134814262e-02
1.000050520524382522e-02
1.101707657799124752e-02
1.000972036272287403e-02
9.562975727021694183e-03
9.433108102530240319e-03
8.948197495192289699e-03
1.053886394947767258e-02
1.042328560724854400e-02
9.746177121996879578e-03
9.895295370370149612e-03
1.010155398398637772e-02
9.739778097718953739e-03
9.086124692112207066e-03
9.395256638526916504e-03
9.769969061017036785e-03
9.767774585634469639e-03
1.060277353972196614e-02
1.057685716077685391e-02
1.018185270950198139e-02
9.779886715114117016e-03
1.061992309987544979e-02
9.790472779422998081e-03
9.951686020940542221e-03
1.010104119777679478e-02
9.320617467164993980e-03
9.771870635449885628e-03
1.011785315349698032e-02
9.928575996309519508e-03
9.411344956606625817e-03
9.772721026092768409e-03
1.004772083833813633e-02
1.025389842689037288e-02
9.981705062091349862e-03
9.773530531674623489e-03
1.039255475625395705e-02
1.058844272047281335e-02
9.638971649110317230e-03
9.710395336151122700e-03
9.964354988187550805e-03
9.410325344651937832e-03
1.079535912722349132e-02
1.023792978376150166e-02
9.582141134887933037e-03
9.355891030281782150e-03
9.732933994382620552e-03
9.924635104835034111e-03
1.039898544549941982e-02
9.902961086481809616e-03
1.001670528203249012e-02
9.745459631085395466e-03
9.764543920755385659e-03
9.775348566472530018e-03
1.018159519881010021e-02
1.026738639920949867e-02
9.456173051148653030e-03
9.900907427072525371e-03
1.043190788477659295e-02
1.140630934387445485e-02
9.736973047256469033e-03
9.893037378787994385e-03
1.001911219209432671e-02
9.756156802177428852e-03
9.821124933660030018e-03
9.721769206225871346e-03
9.181099850684404720e-03
1.151085803285241058e-02
9.928262792527675629e-03
1.025395225733518635e-02
1.012758370488881995e-02
9.386498015373945236e-03
1.084644738584756782e-02
1.040769526734948089e-02
1.039354093372821773e-02
1.070470502600073814e-02
9.790193289518356323e-03
9.959186147898434899e-03
9.575666859745979309e-03
9.759616106748580933e-03
1.048006229102611472e-02
9.600052610039710999e-03
1.001835921779275010e-02
1.116790538653731311e-02
1.053071944043040310e-02
9.903364069759845040e-03
1.026850324124097859e-02
1.033101575449109008e-02
1.051627732813358376e-02
9.711826220154762268e-03
9.806263167411089290e-03
1.109694531187415192e-02
1.049308162182569469e-02
9.943274315446615219e-03
8.958650566637516716e-03
9.534389618784189571e-03
9.695835411548614502e-03
9.553733188658953060e-03
9.709250554442406048e-03
9.397102985531091690e-03
9.446576982736588218e-03
9.706889092922211387e-03
9.696597699075937271e-03
9.083331748843192360e-03
9.891258738934993050e-03
9.788146242499351501e-03
9.769210871309042671e-03
1.085692383348941734e-02
1.070375703275203670e-02
9.865637216717005470e-03
9.876972623169421803e-03
1.138664102181792190e-02
1.138127073645591771e-02
1.096820617094635894e-02
1.030191024765372311e-02
1.010709786787629058e-02
9.702800307422876358e-03
9.882588032633065830e-03
1.033184472471475671e-02
1.040666112676262925e-02
9.771115053445101131e-03
9.659104235470294259e-03
9.967343602329491875e-03
1.056133005768060754e-02
