9.538061767816544134e-02
5.907731354236602644e-02
5.523266717791557034e-02
5.550100244581699510e-02
4.930576477199792584e-02
5.428350754082202773e-02
5.654408298432826718e-02
4.843814000487327298e-02
4.851026590913534026e-02
5.055510252714157104e-02
4.071167986840009551e-02
4.246941953897476196e-02
4.097883254289626936e-02
4.136361666023731509e-02
3.648076839745044431e-02
3.899570293724537173e-02
4.597517587244510928e-02
3.671804815530776978e-02
3.962820917367935319e-02
3.783735036849975725e-02
3.611423615366220197e-02
3.258564304560422620e-02
3.554457984864711761e-02
3.873722217977047105e-02
3.063323739916086128e-02
3.330712728202343126e-02
3.036420177668332915e-02
3.028056602925062110e-02
3.371243141591549058e-02
3.083853609859943390e-02
3.658419381827116013e-02
3.947966545820236206e-02
4.023009967058897157e-02
3.330887760967016220e-02
2.991397585719823837e-02
3.222536053508519988e-02
3.614242468029260635e-02
3.724762909114361087e-02
4.331138879060745378e-02
4.125799424946308136e-02
3.438856229186058183e-02
3.176258634775876860e-02
3.927417583763599673e-02
3.333707861602306505e-02
3.180457390844822207e-02
3.520693983882665357e-02
2.915876191109418800e-02
2.681125141680240631e-02
3.531794045120477399e-02
3.221498783677816113e-02
2.953076008707284858e-02
2.474862709641456604e-02
2.546739242970943312e-02
2.661026678979396681e-02
2.890999019145965715e-02
2.693199142813682695e-02
2.540444470942020486e-02
2.281940961256623268e-02
3.582119550555944165e-02
3.579394854605198045e-02
2.947033122181892326e-02
3.132914155721664567e-02
3.187212329357862195e-02
2.827327679842710564e-02
2.762813046574592521e-02
2.885610945522785326e-02
3.263837769627571384e-02
3.436726685613393506e-02
3.292627260088920593e-02
2.858299314975738456e-02
3.022107239812612395e-02
3.086921833455562661e-02
3.133707521483301839e-02
2.720684837549924850e-02
2.821335475891828537e-02
3.535931166261434277e-02
4.484087880700826645e-02
3.459246400743722777e-02
2.949886675924062729e-02
2.644221819937229295e-02
2.941920887678861618e-02
2.774658519774675369e-02
2.655978444963693480e-02
2.932412028312682967e-02
2.422065008431673050e-02
2.963554169982671876e-02
2.481227116659283707e-02
2.514995252713560919e-02
2.640410158783197334e-02
2.946672029793262482e-02
2.803548853844404359e-02
2.807871103286743025e-02
2.840656843036413332e-02
2.855078168213367323e-02
3.852329105138778409e-02
3.550813756883144240e-02
3.799223005771636824e-02
2.829408645629882812e-02
2.899285433813929627e-02
2.575866989791393211e-02
2.679904773831367354e-02
2.835314404219389101e-02
2.798729985952377181e-02
2.627555951476097038e-02
2.668063547462224891e-02
2.399991685524582863e-02
3.042313698679208894e-02
2.377732340246439119e-02
2.692527640610933165e-02
2.484013400971889565e-02
2.769111786037683348e-02
2.784087006002664705e-02
2.509275805205106805e-02
2.845051418989896774e-02
2.552742119878530572e-02
2.723386529833078315e-02
2.873419187963009019e-02
3.631365373730659207e-02
2.979847472161054750e-02
2.869698572903871606e-02
2.884286753833293845e-02
2.914263680577278137e-02
3.121503051370382378e-02
3.036844180896878381e-02
2.384919431060552458e-02
3.003860842436551978e-02
2.890094276517629623e-02
2.836639173328876426e-02
2.647764626890420844e-02
2.457728246226906915e-02
2.758395094424486230e-02
2.916780300438404083e-02
2.533994326367974143e-02
4.233902040868997574e-02
2.745792809873819421e-02
2.628773432224989007e-02
2.252898346632719109e-02
2.235740814357995918e-02
2.526717130094766756e-02
1.946920221671461990e-02
2.201931588351726393e-02
2.642645612359046867e-02
2.618979141116142134e-02
2.585956007242202689e-02
3.288719896227121353e-02
2.502640113234520097e-02
3.188364021480083466e-02
2.630475629121065140e-02
3.165702112019062181e-02
2.580728661268949509e-02
2.316986545920372148e-02
2.158386912196874619e-02
2.724964544177055359e-02
3.450219091027974944e-02
3.844663109630346021e-02
2.846839539706707070e-02
2.268384993076324324e-02
2.178363259881734709e-02
2.181960418820381303e-02
2.596487794071435790e-02
1.998083181679248879e-02
1.949100829660892556e-02
2.558843363076448302e-02
2.589003164321184228e-02
2.564169522374868532e-02
2.494758982211351533e-02
2.435303945094347000e-02
2.540952395647764345e-02
2.111664358526468138e-02
1.998145589604973654e-02
2.219295538961887221e-02
2.570682168006897111e-02
2.311862111091613631e-02
2.448069043457508018e-02
2.686549592763185640e-02
2.557121794670820167e-02
2.462237272411584715e-02
2.900094408541917940e-02
2.818121686577796867e-02
2.497245296835899284e-02
3.011317998170852731e-02
3.165540564805269241e-02
2.511731460690498283e-02
2.532297288998961587e-02
2.585649173706770082e-02
2.563002221286296914e-02
2.554058134555816512e-02
2.237927950918674330e-02
2.392569314688443999e-02
2.981839980930089951e-02
2.605191636830568244e-02
2.507115919142961433e-02
2.425214368849992752e-02
2.387043051421642442e-02
2.232317719608545303e-02
2.449271101504564216e-02
2.935180794447660516e-02
2.609086558222770830e-02
2.295620683580636839e-02
1.911483388394117494e-02
2.236184682697057655e-02
3.219657195731997351e-02
3.170223459601402560e-02
2.726842518895864625e-02
2.665517078712582519e-02
2.561293151229620049e-02
3.004914261400699546e-02
2.867237403988838126e-02
2.418251857161522050e-02
2.559920707717537949e-02
1.843574540689587454e-02
1.829605456441640854e-02
2.120636124163866043e-02
3.072643522173166414e-02
2.905736416578292777e-02
2.703936379402875970e-02
2.450549211353063653e-02
2.132091969251632621e-02
2.591289561241865227e-02
2.223957516252994537e-02
2.335607055574655602e-02
2.681839782744645934e-02
2.191355656832456519e-02
2.221510540693998406e-02
2.814455274492502074e-02
2.792669180780649185e-02
2.704263366758823464e-02
2.198385037481784959e-02
1.771224532276392122e-02
2.552878186106681893e-02
2.283156346529722353e-02
2.776006441563367774e-02
2.415268388576805730e-02
2.374546378850937028e-02
2.161586955189704826e-02
2.414469588547945092e-02
2.184440605342388014e-02
3.331688735634088377e-02
2.243148293346166472e-02
2.845415771007537772e-02
1.936784880235791276e-02
2.329028304666280746e-02
2.247561393305659225e-02
2.336930707097053389e-02
2.642017910256981919e-02
2.575331246480345657e-02
2.924651689827442030e-02
2.335265614092350145e-02
2.721026819199323654e-02
3.371963612735271593e-02
2.796312365680932860e-02
2.482274221256375313e-02
2.468576095998287201e-02
2.788199791684746812e-02
2.445827405899763177e-02
2.579675130546093056e-02
2.155112810432911058e-02
2.276601884514093538e-02
2.311402168124914239e-02
2.578963637351989677e-02
2.126331124454736848e-02
2.253513094037771364e-02
2.339418549090623717e-02
2.691553877666592529e-02
2.620622310787439416e-02
2.470536045730114053e-02
1.917172279208898683e-02
2.223544940352439880e-02
2.674365956336259911e-02
2.438981048762798448e-02
2.912066429853439262e-02
2.877786662429571152e-02
2.834231480956077645e-02
2.093150485306978156e-02
2.427878137677907944e-02
2.909232135862111976e-02
2.498200573027133803e-02
2.423260845243930747e-02
2.587888436391949654e-02
2.283703181892633369e-02
2.263877894729375909e-02
2.679590452462434630e-02
2.556934421882033417e-02
2.118649343028664728e-02
2.269568284973502020e-02
1.968357060104608536e-02
2.816148027777671745e-02
2.767331190407276015e-02
2.251209672540426324e-02
2.252095909789204528e-02
2.274124305695295403e-02
2.163403816521167894e-02
3.063846351578831603e-02
2.168216034770011763e-02
2.010847087949514320e-02
2.062436323612928252e-02
2.735501788556575845e-02
2.725403942167758942e-02
2.276529986411333223e-02
2.359274066984653334e-02
