3.759329040845235115e-01
1.834576184550921196e-01
1.378222232063611441e-01
1.364566231767336546e-01
9.910745148857434683e-02
1.107666795452435793e-01
1.203815693656603431e-01
1.223500659068425533e-01
9.786945357918738764e-02
9.746576249599456232e-02
1.089405424892902347e-01
9.946464995543162491e-02
9.658866723378499441e-02
9.065556973218917569e-02
1.238729432225227356e-01
9.563700631260871332e-02
1.002125352621078547e-01
9.785003587603569031e-02
1.008807669083277431e-01
1.140674223502477075e-01
8.073626346886157712e-02
7.582344164450963153e-02
7.801114233831564493e-02
8.068832904100417536e-02
8.110292082031568539e-02
8.711713751157125485e-02
7.557346547643344070e-02
8.360078955690065927e-02
7.464022785425186712e-02
7.201621333758036203e-02
9.391715154051780146e-02
8.794836973150571557e-02
8.798282841841380264e-02
9.075234582026799057e-02
9.146750817696253089e-02
8.134061569968858985e-02
8.012423863013586056e-02
7.351458966732024591e-02
7.188522641857465756e-02
7.591171214977900095e-02
7.553132126728694107e-02
6.161621386806170192e-02
7.119069471955299933e-02
6.377338940898577557e-02
6.383352379004160471e-02
6.562374730904897702e-02
6.840456152955691482e-02
5.966921920577684946e-02
6.270473773280779706e-02
6.459711616237957810e-02
6.841819410522778644e-02
6.122692351539929523e-02
6.223221172889073505e-02
6.214953586459159851e-02
6.324486583471297663e-02
6.680254886547724869e-02
6.174715484182039665e-02
6.256196449200311649e-02
6.651343852281570157e-02
5.453937227527300841e-02
5.600413580735524172e-02
5.967594956358273500e-02
6.629386059939861020e-02
6.403798982501029968e-02
5.977715998888015470e-02
6.369896605610847473e-02
5.606741905212402066e-02
6.047253335515657968e-02
5.859771420558293475e-02
6.619422907630602426e-02
5.683015907804171013e-02
6.203254908323287825e-02
6.711975062886874066e-02
6.623974392811457501e-02
6.630531350771586008e-02
6.541995108127593439e-02
6.114070788025856296e-02
6.444082930684089106e-02
6.886097540458042954e-02
5.854140569766362601e-02
5.945462038119633807e-02
6.193812638521194180e-02
5.531251989305019379e-02
6.541810880104700909e-02
6.724803720911344540e-02
5.357605367898941179e-02
6.825825050473213751e-02
7.441255226731299799e-02
6.447483512262502936e-02
6.650523717204730179e-02
6.732653900980949124e-02
6.490512539943059378e-02
5.130391481022040373e-02
6.049287468194961687e-02
6.153447603185971393e-02
6.390449653069178726e-02
6.023626079161961688e-02
5.783989553650219911e-02
5.731634100278218402e-02
6.738466074069340839e-02
5.278351232409476956e-02
6.526223669449487952e-02
6.167484199007352424e-02
6.157859290639559197e-02
5.676005606849988255e-02
5.629929626981417662e-02
6.871123214562734061e-02
6.460717345277468271e-02
6.345781696339448941e-02
5.832096238931019916e-02
5.712418258190155029e-02
6.344643210371335440e-02
6.642753208676974164e-02
5.918711945414543291e-02
6.156883997221787586e-02
6.870694806178410941e-02
6.750523721178372516e-02
6.725089798370996463e-02
6.477029422918954837e-02
5.755476181705792421e-02
6.462222101787726269e-02
5.539861271778742657e-02
5.398233532905578891e-02
5.893337838351726810e-02
6.352478787302970331e-02
6.004841128985086846e-02
6.391351620356242047e-02
5.913395906488101011e-02
6.989801873763402951e-02
6.321361660957336426e-02
5.960767790675162991e-02
6.167324533065159792e-02
6.188319362699985782e-02
6.200912321607272154e-02
6.501118441422780447e-02
6.244266331195831576e-02
6.588756442070006769e-02
6.881205936272939694e-02
5.646188085277874941e-02
6.047900952398777008e-02
6.712450658281644833e-02
5.819161360462506843e-02
6.039721816778183261e-02
6.442396491765975397e-02
5.556525538365045952e-02
6.703370188673336838e-02
6.487936278184254502e-02
6.355748275915781842e-02
6.472653821110725680e-02
5.824018021424611641e-02
6.399080902338027954e-02
5.865075215697288652e-02
5.710855411986510283e-02
6.067260466516018191e-02
6.647681544224420813e-02
6.271387015779812668e-02
6.999119867881138657e-02
6.067519659797350473e-02
5.589333449800808901e-02
5.829269314805666374e-02
5.911029552419980182e-02
5.441452451050281247e-02
5.600952928264935765e-02
6.316379755735397616e-02
5.913246547182401253e-02
7.085216417908668518e-02
5.883296007911364284e-02
6.738750586907069073e-02
6.122646232446034981e-02
6.466243788599967957e-02
5.896360948681831499e-02
6.474961539109548581e-02
6.043237398068110333e-02
6.068732837835947441e-02
5.787831122676531659e-02
6.669253557920455655e-02
6.206422671675682068e-02
6.341746697823207046e-02
5.844124605258305821e-02
6.039128924409548765e-02
5.569176326195399152e-02
6.228443905711174289e-02
6.068324868877728734e-02
6.168325220545133047e-02
5.593397294481595311e-02
6.411220058798790256e-02
6.282982155680656711e-02
6.747356516619523736e-02
6.123926583677530289e-02
6.169298092524210658e-02
5.914826641480128155e-02
6.662219986319542486e-02
6.310725621879101355e-02
5.895294994115829468e-02
6.467934027314185819e-02
6.371652421851953241e-02
5.928121258815129829e-02
6.035793994863827838e-02
7.082162871956824979e-02
5.763578775028387752e-02
6.815521816412607736e-02
6.259833251436551504e-02
6.138089671730995178e-02
6.200378661354382509e-02
6.289289444684982577e-02
6.515065729618071955e-02
5.661468356847763200e-02
6.584342891971270428e-02
6.370211939016977298e-02
6.672242358326911649e-02
6.473417828480403091e-02
5.752690657973289629e-02
6.220967421929041868e-02
5.293565168976784030e-02
5.997470617294311385e-02
5.879641373952229633e-02
5.691603074471155571e-02
6.117124135295549936e-02
5.630584433674812317e-02
5.742894808451334820e-02
5.646989395221074098e-02
6.662125761310259964e-02
5.913235135376453122e-02
6.534431899587313242e-02
5.780485197901726047e-02
6.854131321112315323e-02
5.575276340047518459e-02
6.486493125557898920e-02
6.569616484145322788e-02
6.006586452325184816e-02
5.788470953702926775e-02
6.214176937937736234e-02
5.755155806740124697e-02
5.519744729002316885e-02
6.101968015233675408e-02
6.300598978996277411e-02
6.118359031776587215e-02
6.891843912502129688e-02
5.720123747984568602e-02
6.723180835445721759e-02
5.764739910761515485e-02
6.557184656461080563e-02
6.793667972087860663e-02
5.562877530852953362e-02
5.721161266167958809e-02
5.825941214958826886e-02
5.778562302390734262e-02
5.898364211122195111e-02
6.041690135995547023e-02
6.175678347547849251e-02
5.508988797664642056e-02
5.888525278617938452e-02
5.939863895376523012e-02
6.238936806718508449e-02
5.690930522978306094e-02
6.583591513335704248e-02
6.653425147136052265e-02
5.929720774292945862e-02
5.505551223953564915e-02
6.840889056523641321e-02
5.856940547625223703e-02
6.784793610374133255e-02
7.132642442981401709e-02
6.090322236220042235e-02
6.134895930687586652e-02
5.957377900679906163e-02
6.477669626474380493e-02
6.277042465905348367e-02
5.530799155433972769e-02
6.189865320920943936e-02
5.785825947920481688e-02
5.806382621328035759e-02
6.068246041735013419e-02
6.531322772304216928e-02
6.202813163399696628e-02
5.858565693100293431e-02
5.738489876190821376e-02
7.028247465689976825e-02
6.071385095516840941e-02
6.268872867027917850e-02
6.307906334598858966e-02
6.166255113979180608e-02
5.912216342985630174e-02
6.454243635137875412e-02
5.802866096297899789e-02
5.584548115730285367e-02
5.948230524857838625e-02
6.529574294885000241e-02
6.267490560809771405e-02
6.241370638211567873e-02
6.311526621381441382e-02
5.875761515150467601e-02
6.106680830319722447e-02
6.155349165201186995e-02
6.494257425268491757e-02
5.833505516250928058e-02
5.412912964820861678e-02
6.605490768949190405e-02
7.099992210666337955e-02
6.580220883091290884e-02
