2.663734443485736916e-02
1.723641343414783478e-02
1.334967917452255931e-02
1.377786894639333043e-02
1.392585610349972997e-02
1.378990386923154184e-02
1.313759423792362248e-02
1.414727003624041864e-02
1.426868898173173222e-02
1.427625790238380363e-02
1.287663982560237168e-02
1.284045993040005412e-02
1.456044390797615017e-02
1.476504051436980554e-02
1.425549841175476756e-02
1.450382663557926895e-02
1.457825656980276177e-02
1.383950896561145748e-02
1.416629447291294780e-02
1.378978379070758785e-02
1.358949467539787362e-02
1.256639473140239681e-02
1.255442500114440849e-02
1.317086946219205891e-02
1.373383719474077259e-02
1.518946290016174282e-02
1.543921077003081697e-02
1.503130396207173584e-02
1.349420429517825433e-02
1.249987122913201638e-02
1.245077693214019163e-02
1.367401083310445208e-02
1.525489309181769608e-02
1.395290972044070481e-02
1.353981519738833156e-02
1.266917070994774512e-02
1.210305349280436753e-02
1.340022968749205248e-02
1.299829060832659484e-02
1.283747808386882100e-02
1.439260678986708369e-02
1.349226913104454618e-02
1.370063213010628937e-02
1.305417399853467907e-02
1.236038301140069892e-02
1.382073014974594116e-02
1.471052262932062184e-02
1.409880413363377195e-02
1.384847952673832518e-02
1.356537236521641356e-02
1.347978164752324480e-02
1.288589270164569242e-02
1.385142790774504355e-02
1.351554592450459821e-02
1.359816913803418501e-02
1.322181019932031597e-02
1.342160049825906823e-02
1.232055407017469337e-02
1.338556129485368729e-02
1.338078094025452885e-02
1.257855134705702406e-02
1.306752537687619516e-02
1.365287924806276969e-02
1.255316852281490939e-02
1.238941643387079204e-02
1.276674506564935002e-02
1.289742992570002897e-02
1.537078954279422725e-02
1.327028901626666445e-02
1.280980619291464430e-02
1.485284628967444183e-02
1.459906964252392393e-02
1.372771083066860916e-02
1.307030115276575089e-02
1.348086937020222427e-02
1.275303258250157050e-02
1.274045426398515667e-02
1.221361979842186009e-02
1.301984594513972554e-02
1.293263559540112732e-02
1.182691560437281950e-02
1.248434763401746680e-02
1.247151227047046083e-02
1.350760323305924722e-02
1.304198311020930527e-02
1.265679150819778477e-02
1.256418426831563268e-02
1.544085554778575932e-02
1.230439618229866097e-02
1.409363523125648464e-02
1.370622298369805064e-02
1.299703804155190844e-02
1.276354454457759822e-02
1.338389149556557314e-02
1.293288624535004344e-02
1.265098533282677309e-02
1.166696002086003645e-02
1.340408865362405742e-02
1.302157963315645796e-02
1.222925490389267615e-02
1.289725365738073927e-02
1.346319733808437960e-02
1.481610853224992787e-02
1.275581251829862629e-02
1.400633783390124558e-02
1.214783949156602282e-02
1.431826377908388716e-02
1.421112101525068283e-02
1.257708159585793802e-02
1.215868846823771852e-02
1.265090927481651341e-02
1.299051245053609201e-02
1.364106629043817555e-02
1.285438556224107777e-02
1.375852494190136534e-02
1.483028984318176917e-02
1.405201982706785237e-02
1.381893536696831432e-02
1.225191038101911510e-02
1.265197905401388781e-02
1.227690596133470570e-02
1.210155536731084142e-02
1.260501556098461186e-02
1.235197844604651179e-02
1.206832962731520416e-02
1.341211888939142227e-02
1.269806058456500290e-02
1.347221713513135910e-02
1.220692271987597159e-02
1.258776523172855377e-02
1.261000384887059518e-02
1.331616366902987209e-02
1.362274972101052556e-02
1.410981273899475710e-02
1.425868260363737788e-02
1.393621551493803672e-02
1.396537596980730773e-02
1.464013898124297448e-02
1.333044953644275596e-02
1.207491451253493546e-02
1.216773639122645072e-02
1.305169866730769394e-02
1.221147372076908724e-02
1.243694679190715177e-02
1.231737782557805298e-02
1.384321873386700971e-02
1.300098014374573979e-02
1.208942551165819237e-02
1.348302091161410025e-02
1.261503833035628082e-02
1.376308531810840029e-02
1.332808627436558348e-02
1.292950206746657643e-02
1.179250304897626160e-02
1.220599332203467675e-02
1.335189032057921069e-02
1.224737372249364888e-02
1.293250073989232404e-02
1.429275075594584228e-02
1.467088274657726323e-02
1.265557538717985119e-02
1.244442580888668708e-02
1.304884708176056590e-02
1.361315169682105440e-02
1.314329045514265638e-02
1.328263413161039422e-02
1.299163009971380199e-02
1.299556375791629213e-02
1.221520019074281115e-02
1.265127373238404511e-02
1.272330339998006821e-02
1.303027973820765871e-02
1.276821866631507908e-02
1.177762237687905549e-02
1.264998378853003126e-02
1.258847080171108211e-02
1.253032566358645676e-02
1.167827360332012246e-02
1.253574813405672686e-02
1.277135523657004119e-02
1.350645851343870198e-02
1.323057767003774608e-02
1.256682251890500410e-02
1.209237556904554402e-02
1.272416617721319233e-02
1.368120219558477402e-02
1.357115749269723927e-02
1.313332350303729294e-02
1.309920866042375495e-02
1.249512148400147744e-02
1.288371148208777156e-02
1.211447026580572163e-02
1.241869566341241224e-02
1.265777455021937711e-02
1.243990535537401777e-02
1.171881587555011033e-02
1.177823984374602555e-02
1.253811058898766755e-02
1.183534873028596265e-02
1.254679635167121887e-02
1.268238897124926261e-02
1.276072406520446095e-02
1.289833473662535361e-02
1.273059546947479317e-02
1.258856163670619283e-02
1.313567695518334626e-02
1.203389801084995235e-02
1.233008683969577177e-02
1.194502847890059095e-02
1.286801335712273869e-02
1.205432030061880794e-02
1.315094294647375754e-02
1.352745549132426499e-02
1.205003391951322590e-02
1.303344611078500678e-02
1.233615310241778680e-02
1.192185090233882291e-02
1.250104916592439074e-02
1.278529887398083958e-02
1.522861849516630138e-02
1.551432491590579339e-02
1.401166419188181606e-02
1.393341391036907913e-02
1.359755980471769911e-02
1.307893985261519669e-02
1.200869251042604481e-02
1.200139634311199119e-02
1.198912635445594822e-02
1.201477739959955215e-02
1.387615284572044951e-02
1.454633927593628612e-02
1.339086275547742878e-02
1.366350979854663236e-02
1.238399079690376964e-02
1.317760397990544625e-02
1.256263336787621226e-02
1.170554986844460181e-02
1.265914384275674751e-02
1.288046271850665399e-02
1.307637337595224380e-02
1.297074357668558803e-02
1.203263439238071511e-02
1.317934710532426765e-02
1.325652785599231755e-02
1.227714245518048662e-02
1.293477521588404927e-02
1.271979889521996157e-02
1.240967611471812011e-02
1.196058789889017752e-02
1.253840662539005245e-02
1.304948174705108065e-02
1.220625222971041986e-02
1.243800794084866899e-02
1.313920033474763258e-02
1.248269155621528625e-02
1.318187036861975976e-02
1.294986115147670099e-02
1.320060572276512793e-02
1.210228987038135598e-02
1.297541310389836548e-02
1.443066950887441670e-02
1.288003809750080074e-02
1.237090248614549672e-02
1.129067769894997325e-02
1.223822453369696923e-02
1.182558151582876853e-02
1.343299976239601713e-02
1.173128249744574171e-02
1.195951905101537774e-02
1.224029101431369816e-02
1.102703356494506154e-02
1.241666823625564575e-02
1.296385203798611913e-02
1.316330358386039699e-02
1.339318702618281023e-02
1.416045253475507054e-02
1.353348027914762566e-02
1.281713265925645863e-02
1.333667983611424787e-02
1.446421413371960264e-02
1.478467825800180470e-02
1.516573826471964530e-02
1.467490370074907985e-02
1.339648577074209826e-02
1.350146960467100109e-02
1.328641114135583300e-02
1.315438461800416334e-02
1.323173201332489626e-02
1.390583999454975128e-02
1.240307974318663291e-02
1.253745090216398274e-02
1.407465506345033715e-02
1.462393123656511272e-02
1.322084541122118574e-02
1.258415170013904572e-02
1.186729141821463857e-02
1.243588048964738846e-02
1.210842486470937659e-02
1.175160935769478492e-02
1.150321687261263506e-02
