7.672854622205098618e-01
3.229267795880635394e-01
1.866752694050471117e-01
1.343179062008857672e-01
1.459448759754498892e-01
1.402937690416971861e-01
1.417960633834202955e-01
1.418667420744895991e-01
1.121549961467584039e-01
1.187988311052322332e-01
1.199845259388287871e-01
1.095140650868415833e-01
1.056752011179924039e-01
1.119926753143469511e-01
9.418533345063527518e-02
1.045396700501441956e-01
1.061115349332491520e-01
1.065301880240440424e-01
1.008528053760528592e-01
1.024434740344683376e-01
1.060409610470136044e-01
1.005252997080485072e-01
8.919536123673120487e-02
9.385869155327479507e-02
9.454676806926727572e-02
8.958464885751406259e-02
8.820736010869344168e-02
8.546729559699693668e-02
9.026720225811005194e-02
8.726033146182696210e-02
9.002738818526268005e-02
9.285958185791969022e-02
9.189525942007700787e-02
8.630143130819002695e-02
9.232676799098650522e-02
9.381926854451497211e-02
8.616921032468477515e-02
8.117857426404953558e-02
9.449402640263239450e-02
9.659129008650779724e-02
9.719439695278803137e-02
8.991567293802897598e-02
9.011676013469696600e-02
9.481016347805658329e-02
7.840849955876667832e-02
8.143714517354964932e-02
8.771324381232262213e-02
7.811682348450024738e-02
7.883111151556174145e-02
8.384973183274269104e-02
8.514861539006232660e-02
8.229714458187421811e-02
8.540596067905426025e-02
7.347317337989807406e-02
8.035846079389254160e-02
7.610851476589838849e-02
7.952588597933450687e-02
7.725910171866416654e-02
9.477598865826925012e-02
9.167114645242691040e-02
8.742104619741439264e-02
6.719437961777051382e-02
7.407236273090044010e-02
7.199792017539342892e-02
7.694696833690008175e-02
8.239170163869857788e-02
7.945765381058057797e-02
8.613271315892537250e-02
8.329937358697254990e-02
8.576495597759882517e-02
7.885650495688120709e-02
7.246330504616101120e-02
7.456723203261693411e-02
7.681819473703702106e-02
7.345362082123756131e-02
7.095142255226770389e-02
7.441955134272575101e-02
7.538020933667818890e-02
7.293228581547736566e-02
7.049437078336874551e-02
7.364328131079674045e-02
7.515264973044395724e-02
7.034063662091891156e-02
7.859977905948957455e-02
8.781803448994954242e-02
8.315336654583613263e-02
8.105197772383690435e-02
7.582631831367810105e-02
7.339320629835129062e-02
7.151643956700960703e-02
7.729127084215482724e-02
6.573082904020945139e-02
7.625989665587742938e-02
7.551880429188410904e-02
6.707494830091793869e-02
7.454791118701299679e-02
7.045556008815764826e-02
7.539555889864762994e-02
7.630702132980028696e-02
6.902278413375219357e-02
7.470690806706746512e-02
7.205488402396439951e-02
8.090439016620318280e-02
8.290556222200393122e-02
7.356894041101137705e-02
8.922449996074040268e-02
7.505236938595771790e-02
7.233248862127462930e-02
7.744535903135935095e-02
7.178367599844932834e-02
6.696754271785418378e-02
8.333338772257169180e-02
7.338691800832748691e-02
7.083760673801103858e-02
6.693548386295636310e-02
7.578995252648988712e-02
7.253554711739222671e-02
7.439805318911869858e-02
6.554188902179400311e-02
7.221963256597518921e-02
6.304443826278051388e-02
7.244257405400275629e-02
7.934113691250482825e-02
7.549580434958140518e-02
6.671789810061454218e-02
6.346288000543912067e-02
6.294647082686424810e-02
6.809891040126482553e-02
6.908821860949197757e-02
7.093968838453293402e-02
7.812706629435221817e-02
6.886963198582331247e-02
6.420194730162620544e-02
7.023965617020924701e-02
7.862371206283569336e-02
7.381348535418510992e-02
7.927718758583068848e-02
7.424970418214797696e-02
7.121583347519239160e-02
5.993012301623821397e-02
6.043551464875539236e-02
6.354620531201363165e-02
7.212708617250124243e-02
5.902359212438265668e-02
7.878540406624476300e-02
8.747088064750035974e-02
7.106847614049911777e-02
6.983294710516929626e-02
6.357024113337199356e-02
8.544517954190572473e-02
8.096988921364148273e-02
7.507686664660771780e-02
8.196758354703585769e-02
7.655308743317922049e-02
6.369469190637271072e-02
6.489102865258852826e-02
7.091934656103451862e-02
6.015099920332431932e-02
6.593114137649536133e-02
5.776255515714486671e-02
7.107228363553683148e-02
6.567725328107675009e-02
5.741995945572853088e-02
6.071976944804191589e-02
6.472198143601418097e-02
6.134402602910995345e-02
6.907214944561322623e-02
6.552132988969484872e-02
6.810881967345873422e-02
6.048057104150453972e-02
6.032670338948567523e-02
6.354176327586173734e-02
7.540607104698816843e-02
5.913844654957453595e-02
6.028999015688896179e-02
6.432589888572692871e-02
6.148077050844828056e-02
6.332355737686157227e-02
6.326401854554812576e-02
6.534714202086130963e-02
6.386724462111791067e-02
6.504561280210813257e-02
5.656418303648631102e-02
6.975652277469635010e-02
5.573479632536570277e-02
6.632917051513989581e-02
6.486311058203379776e-02
6.114631344874699864e-02
5.963020871082942015e-02
6.740002110600470941e-02
6.654138912757237567e-02
6.252380609512328546e-02
6.447978367408116473e-02
5.953881566723187579e-02
6.830775116880734299e-02
5.994191591938336644e-02
6.625349223613738459e-02
7.299454485376676016e-02
8.282229577501615259e-02
7.475669682025909424e-02
6.147948453823725429e-02
5.812860168516635617e-02
6.577129885554314215e-02
7.399012694756189334e-02
6.508959128210942136e-02
6.821583757797876346e-02
5.834489340583483286e-02
6.109240601460139142e-02
6.166299084822336740e-02
5.209125963350137029e-02
6.294153903921445581e-02
6.126556023955345015e-02
7.406042839090029584e-02
7.865757693847021115e-02
6.215677733222643719e-02
6.037280571957429065e-02
6.151917502284050265e-02
6.232840692003568245e-02
6.329659024874369211e-02
7.588786259293556213e-02
6.501769746343294409e-02
6.288407628114024706e-02
5.572473009427388740e-02
5.605106775959332877e-02
6.016943206389745169e-02
6.482016990582148419e-02
6.774241949121156958e-02
6.031731665134430070e-02
6.095986937483151985e-02
6.055119310816128864e-02
6.376514012614885318e-02
4.947410983343918794e-02
5.985344213744004521e-02
5.600594046215216087e-02
5.940270933012167798e-02
5.573787068327267641e-02
5.375529030958811627e-02
5.722185000777244707e-02
6.273307998975118094e-02
5.802760993440946036e-02
6.017252455155054636e-02
5.814990699291229526e-02
5.844250842928886552e-02
7.212385609745979032e-02
5.836397409439086914e-02
6.609346022208531513e-02
6.742516383528709967e-02
6.166515474518140250e-02
6.697755157947540838e-02
5.727769092967113090e-02
6.069256191452344212e-02
6.307965169350306101e-02
5.861106676359971457e-02
6.628796855608622141e-02
6.334582244356473657e-02
6.218444257974624356e-02
5.982984304428100308e-02
5.423335830370585448e-02
6.000298659006754465e-02
5.676503082116444998e-02
6.559303601582845700e-02
6.152978142102559500e-02
6.533132443825404034e-02
6.168651171028614183e-02
5.765274018049239974e-02
5.401045071581999507e-02
5.712446123361587802e-02
6.190400570631027222e-02
5.338496851424376355e-02
5.872672225038210597e-02
5.262252961595852846e-02
6.249513874451319284e-02
6.172214771310488568e-02
6.212013512849808017e-02
6.220898057023684091e-02
6.541028991341590881e-02
6.528854891657828730e-02
6.110956569512684955e-02
5.788668543100357333e-02
6.399159481128056937e-02
7.374465316534042914e-02
9.087268486618996222e-02
7.123523429036140997e-02
5.758931611975034309e-02
5.723340536157290465e-02
5.599085104962189807e-02
5.742886414130528999e-02
5.956357941031455855e-02
5.291900088389714374e-02
5.173875776429971013e-02
5.927677005529403964e-02
5.433619804680347304e-02
5.331812774141629629e-02
6.058729439973831177e-02
5.506506127615769935e-02
5.160048579176267081e-02
5.793756656348705153e-02
5.756453834474086623e-02
5.151255571593840732e-02
5.538438260555267334e-02
