1.899774676712695509e-02
3.914302607881836593e-03
5.400826084951404482e-03
4.405461018905043602e-03
1.602979409653926268e-03
1.396966573338431772e-03
1.703557867585914209e-03
1.452331773180048913e-03
1.259906228369800374e-03
1.375509425997734070e-03
1.280401451367652044e-03
1.026002248636359582e-03
1.033156848279759288e-03
9.419995303687755950e-04
9.129227528319461271e-04
1.113726095354650170e-03
1.992538425838574767e-03
2.840736582584213465e-03
3.497335790598299354e-03
3.508444628096185625e-03
1.717983112030196935e-03
2.311683223524596542e-03
2.285380091052502394e-03
3.251701571571175009e-03
2.675187619388452731e-03
2.728367449890356511e-03
3.452051947533618659e-03
1.687080759438686073e-03
2.342223619052674621e-03
2.227335542556829751e-03
1.638350895518669859e-03
1.190097137850898434e-03
1.140959276199282613e-03
9.708201305329566821e-04
1.127075991462334059e-03
8.992299813144200016e-04
9.344892714580055326e-04
1.049973506724199979e-03
8.884761300578247756e-04
1.029896405725594377e-03
9.894135946524329484e-04
1.014501367535558529e-03
1.036485620716121048e-03
1.072593173375935294e-03
8.674656855873763561e-04
1.115920418669702485e-03
1.219053963723126799e-03
1.974755796254612505e-03
1.785348722478374839e-03
1.467389454774092883e-03
1.149615625763544813e-03
1.122954177844803780e-03
1.045550749040558003e-03
1.099681461710133590e-03
1.408567393809789792e-03
1.073769347840425326e-03
1.003841825877316296e-03
9.261256236641202122e-04
8.498864181092358194e-04
9.072030031802569283e-04
9.445586711080977693e-04
1.326798437730758451e-03
1.058414018189068884e-03
8.803843884379602969e-04
1.010261043575155782e-03
9.220613501383922994e-04
1.129097658122191206e-03
1.257702460861764848e-03
1.326303929090499878e-03
1.019201879898901097e-03
8.473039688396966085e-04
1.523712839116342366e-03
1.562233555887360126e-03
1.414557526004500687e-03
1.130769273913756479e-03
8.292206289297610056e-04
1.149029521911870688e-03
1.788471206964459270e-03
1.787262113793985918e-03
1.192975068988744169e-03
1.126868759456556290e-03
1.626398130611050874e-03
3.097702297964133322e-03
8.847481163684278727e-03
6.706134248815942556e-03
2.870910830097272992e-03
1.811872285543358885e-03
1.394795257510850206e-03
9.976865239877952263e-04
1.208648599913431099e-03
9.815103594519314356e-04
1.192018291476415470e-03
1.543533111544093117e-03
1.141096112405648455e-03
1.036495570588158444e-03
9.630269805711577646e-04
1.035390667311730795e-03
8.563034275539394002e-04
9.553913696436211467e-04
9.473953459746553563e-04
1.060942828189581633e-03
1.078004777809837833e-03
2.231282633147202432e-03
1.944054602063260972e-03
1.260385193745605648e-03
1.034259519656188786e-03
7.945974530230159871e-04
1.056164293459005421e-03
8.718532026250613853e-04
8.205376398109365255e-04
9.748804695846047252e-04
9.518903625576058403e-04
1.004110537905944511e-03
2.116195544658694416e-03
1.755031225911807269e-03
1.741215179208666086e-03
1.538752425403799862e-03
1.649793455271719722e-03
1.119138680223841220e-03
1.027530066494364291e-03
8.658435108372941613e-04
9.637281191317015328e-04
8.803511191217694432e-04
1.019207345962058753e-03
1.055511062986624893e-03
9.488034556852653623e-04
1.219610883708810434e-03
1.502965151303214952e-03
2.434100657410454005e-03
2.015430727624334395e-03
1.286984876060159877e-03
1.341256724117556587e-03
1.695897659374168143e-03
1.120013228955940576e-03
9.693428864920861088e-04
9.409030026290565729e-04
1.762489060638472438e-03
2.076931456031161360e-03
1.559570140670984983e-03
1.370402462271158583e-03
1.253343456482980400e-03
1.229342837177682668e-03
1.162521957212447887e-03
8.824112628644797951e-04
1.420988213794771582e-03
1.528082910226657987e-03
1.238391128026705701e-03
9.025101562656345777e-04
9.636077038521762006e-04
9.107174637392745353e-04
9.654203786340076476e-04
1.222324990521883592e-03
1.072286548151168972e-03
1.039431139361113310e-03
9.978253547160420567e-04
2.388243363384390250e-03
1.485720786149613559e-03
1.309740411670645699e-03
1.445270096155581996e-03
1.544957478472497314e-03
1.776780507498187944e-03
1.260304234165232629e-03
1.296530162107956130e-03
9.287023431170382537e-04
8.545183773094322532e-04
1.375660465782857500e-03
1.063605363015085459e-03
1.577247734530828893e-03
1.561738743475871161e-03
1.087340174308337737e-03
9.125088067776232492e-04
8.945963477344776038e-04
1.273705736821284518e-03
1.658892353589180857e-03
1.269519132620189339e-03
1.783405852620489895e-03
1.474813107051886618e-03
1.952877952135168016e-03
3.421192624955438077e-03
3.475477162282913923e-03
5.088578531285747886e-03
7.328893887461163104e-03
3.284065052866935730e-03
2.920336955867242068e-03
1.807222375646233559e-03
4.076993187482003123e-03
2.289008851221296936e-03
3.172164360876195133e-03
1.913035323923395481e-03
1.468640697567025200e-03
1.350924892904004082e-03
1.543925267469603568e-03
1.220872189151123166e-03
1.116242690841318108e-03
1.210332441132777603e-03
9.411155515408609062e-04
9.212382392433937639e-04
1.143595598023239290e-03
9.467880145166418515e-04
1.053963678714353591e-03
9.670332747191423550e-04
9.513202548987464979e-04
9.624934136809315532e-04
9.358158590657694731e-04
1.232139202329562977e-03
1.947701399330981076e-03
1.610965249710716307e-03
1.271697012271033600e-03
1.197710040287347510e-03
1.008240896226197947e-03
8.137424720189301297e-04
8.409882702835602686e-04
1.013787672491162084e-03
7.553207760793156922e-04
9.012163773149950430e-04
8.612384244770510122e-04
9.307281579822301865e-04
7.761159531582961790e-04
7.959798404044704512e-04
9.664536555646918714e-04
1.285478516365401447e-03
1.220229634782299399e-03
9.262333769584074616e-04
1.501275768532650545e-03
1.101642131288826931e-03
8.804142757981026080e-04
7.530653583671664819e-04
7.304017453861888498e-04
8.158466862369095907e-04
7.913915321751119336e-04
7.754724083497421816e-04
8.310752928082365543e-04
9.684917395134107210e-04
7.195039756879850756e-04
9.684307660791091621e-04
1.531007663288619369e-03
1.745821962686022744e-03
1.258910956494219135e-03
1.052604489814257249e-03
1.048335923769627698e-03
9.321108154836110771e-04
9.927660321409348398e-04
8.504034522047732025e-04
7.531896173986751819e-04
1.072824994480470195e-03
1.689593213086482137e-03
1.190450446301838383e-03
9.503918990958482027e-04
1.485070293711032718e-03
4.304503810999449342e-03
2.709647789743030444e-03
2.344195818295702338e-03
2.073222613034886308e-03
1.511943150035222061e-03
1.213404768350301310e-03
1.910963127556897234e-03
1.559235126478597522e-03
3.127581723674666137e-03
2.671320879017002881e-03
4.317571438150480390e-03
2.798474988594534807e-03
1.755652539941365831e-03
1.198288954583404120e-03
1.143607474659802392e-03
1.439513849618379027e-03
1.710119380732066929e-03
1.467735932237701491e-03
2.009204050409607589e-03
1.417946870788000524e-03
1.358617497317027301e-03
1.270614968234440312e-03
1.148527966506662779e-03
9.825251072470564395e-04
8.774286097832373343e-04
7.372190157184377313e-04
1.124460282881045714e-03
1.734981477056862786e-03
1.622764844796620309e-03
1.332746931439032778e-03
1.822197482397314161e-03
1.626047516765538603e-03
1.337247256742557511e-03
1.722141212667338550e-03
3.986924057244323194e-03
2.252153666631784290e-03
1.871968026534887031e-03
1.742614131217123941e-03
2.872544075216865167e-03
1.348671139567159116e-03
2.135179769538808614e-03
1.452441880246624351e-03
1.643737366975983605e-03
1.309012001001974568e-03
1.276087226870004088e-03
1.025101115374127403e-03
1.075507764653593767e-03
8.120956522361666430e-04
7.448346852925169514e-04
7.610653551637369674e-04
6.760133055649930611e-04
