4.458191286539658557e-03
1.320617363671772225e-03
1.102408868609927508e-03
1.159288058988749938e-03
1.021545266848988874e-03
1.033449426176957743e-03
9.751777834026142955e-04
9.499079926172271805e-04
9.833094169152899709e-04
9.109956095926463821e-04
8.986488333903253295e-04
1.031538945971988055e-03
1.165162681718356864e-03
1.014894980471581221e-03
9.670321072917431376e-04
9.873861999949440360e-04
9.495445032371207855e-04
9.727396740345284126e-04
1.037285357597284019e-03
8.915130456443876028e-04
9.797315957257523265e-04
9.169782453682274060e-04
1.064511350705288351e-03
9.717644978081807060e-04
1.032862928695976734e-03
8.232809341279789805e-04
9.794573066756128397e-04
1.041998132131993857e-03
1.013975500245578544e-03
1.248494209721684413e-03
1.085888850502669725e-03
1.103415331454016312e-03
1.057595538441091776e-03
1.105436982470564544e-03
1.016794558381661773e-03
1.045678835362196055e-03
1.163163859746418850e-03
1.003902740194462240e-03
9.053132351255043907e-04
9.534131109830923595e-04
9.425355237908661366e-04
1.217276221723295748e-03
9.466566960327326818e-04
1.005273740156553772e-03
1.145832648035138845e-03
1.197473829961381853e-03
1.214485111995600251e-03
1.082988717826083302e-03
9.796529135201125470e-04
1.051528804237023039e-03
9.879112025373616192e-04
8.436567179160193043e-04
9.227995091350748918e-04
1.069964969065040307e-03
1.255255239084363027e-03
8.668640482937916680e-04
1.048845879267901182e-03
1.069482625462114898e-03
9.695951157482340932e-04
9.936061367625370188e-04
9.248475122149102607e-04
1.031918209628202108e-03
1.008616140461526898e-03
9.429250523680821495e-04
9.579142351867631078e-04
9.212762903189286806e-04
1.207076400169171306e-03
1.023043316672556189e-03
1.091662826365791305e-03
9.827555593801661892e-04
8.598879328928887410e-04
8.540724433260038278e-04
8.262534043751657226e-04
9.735895931953564069e-04
1.010464015416801063e-03
9.678438160335645296e-04
9.138283843640237830e-04
8.895659673726185723e-04
9.120996808633207841e-04
1.066263779648579657e-03
1.064961557858623564e-03
9.436776104848832109e-04
9.335205075331031842e-04
9.809271810809149471e-04
1.040628226473927541e-03
1.202200146508403122e-03
1.067520544165745421e-03
9.765342751052230380e-04
1.094156285398639825e-03
1.246792482561431825e-03
9.456685162149369933e-04
1.177724316949024753e-03
1.095299923326820048e-03
1.009843175415880891e-03
1.409935168339870870e-03
2.032085793325677601e-03
1.880818186327814969e-03
2.615460701053962285e-03
2.028986421646550124e-03
1.478239876450970726e-03
1.188824838027358012e-03
1.067580937524326232e-03
9.467334981309250214e-04
8.772263914579525807e-04
9.445187868550419374e-04
9.633203822886571505e-04
7.586492691189050241e-04
1.056185242487117691e-03
7.897613904788158834e-04
7.712432605330831869e-04
8.914492165786214607e-04
8.133616021950729625e-04
8.400715130846946998e-04
8.571147103793918870e-04
1.014190964633599010e-03
9.946518053766339150e-04
8.395303244469687559e-04
8.527773970854468644e-04
9.302682447014376521e-04
1.058483845554292202e-03
8.630887139588594003e-04
9.757783671375363631e-04
1.071653456892818169e-03
9.355850022984668179e-04
1.052061762311495797e-03
1.059587611234746917e-03
9.460060537094250321e-04
8.963649044744670825e-04
8.175401919288561182e-04
8.153808128554373546e-04
8.059668194619007625e-04
9.098409151192754724e-04
1.089624867017846598e-03
8.662659849505871968e-04
8.820322284009308057e-04
9.506286311079748192e-04
8.541738206986337900e-04
7.454626305843703232e-04
8.974961499916389151e-04
9.690851642517372749e-04
1.022798253688961224e-03
1.093537814449519006e-03
1.043219619896262971e-03
9.122878574999049740e-04
8.025091592571698129e-04
7.988103228854015253e-04
7.209470713860355318e-04
8.242249750765040517e-04
8.352968085091561296e-04
8.522258285665884614e-04
8.827100769849494316e-04
7.176553699537180364e-04
8.459284843411296172e-04
9.911886416375636621e-04
9.549943846650421403e-04
8.113014933769591370e-04
7.843750354368239641e-04
8.729657245567068024e-04
1.028323385980911553e-03
9.837474179221316738e-04
9.199114312650636272e-04
8.239441231125965714e-04
8.105455228360370235e-04
1.049546175636351109e-03
9.427218697965145328e-04
9.559952392010018446e-04
8.351592696271836758e-04
9.283929059165530340e-04
8.848487865179777362e-04
8.058632112806663351e-04
1.005211661686189559e-03
8.249227568740025596e-04
9.531100455205887773e-04
8.684412081493064544e-04
7.175513543188572147e-04
7.612918881932273941e-04
1.101406064117327419e-03
1.000007483526133001e-03
9.526467882096766992e-04
8.518242888385429762e-04
7.679100323002785661e-04
7.250616967212408564e-04
9.162428905256092548e-04
8.948647649958729527e-04
9.201551380101591565e-04
8.689645386766642115e-04
8.510466708685271225e-04
8.489571540849283121e-04
8.473407011479139545e-04
8.128069981466979005e-04
1.019105265731923195e-03
9.736703766975551410e-04
1.129225804470479575e-03
9.323831880465149446e-04
1.087161307805217846e-03
8.005617128219455481e-04
8.936904458096250458e-04
7.376775538432411849e-04
7.388960613752715723e-04
8.104295120574533939e-04
8.400294755119830370e-04
9.790660755243153247e-04
8.223736193031072183e-04
8.359424507943912907e-04
8.341860026121139743e-04
8.330548938829451583e-04
9.024460421642288132e-04
8.667407208122312589e-04
8.638934261398390369e-04
8.687460591318086007e-04
8.341039589140564420e-04
9.149525722023099661e-04
1.049878139747306791e-03
8.776560556725598655e-04
8.434855350060388663e-04
8.126389933750033162e-04
9.711879480164498308e-04
8.539347501937300400e-04
8.348333503818139434e-04
7.561047415947542028e-04
8.797082453384063704e-04
1.017319347010925456e-03
9.149554243776947260e-04
9.909492044243961139e-04
8.770808111876249097e-04
8.558083602110855715e-04
7.842589518986641927e-04
1.163816920598037498e-03
9.686379577033221938e-04
1.023365545552223877e-03
8.059098589001223011e-04
8.951445779530331492e-04
9.344149730168282986e-04
9.830865892581641674e-04
9.278465120587497516e-04
8.176635805284604213e-04
8.048129937378689213e-04
9.010625595692545392e-04
8.296648476971313791e-04
1.109309034654870716e-03
9.388046892127022147e-04
1.005891631939448329e-03
9.715725580463185473e-04
8.799821749562397816e-04
8.260247996076941490e-04
9.431795537238940380e-04
8.301909256260842085e-04
1.029661778011359188e-03
8.768080399022438066e-04
8.027905743801966743e-04
8.383101274375803335e-04
8.891054254490882375e-04
8.938426151871680780e-04
9.813511394895612760e-04
1.110350580711383459e-03
1.029692610609345225e-03
8.698267018189653321e-04
8.502179582137614922e-04
7.224688364658504508e-04
6.940313542145304382e-04
7.927948012365959368e-04
7.350516010774299286e-04
8.639607927761972167e-04
8.110120077617466016e-04
9.857852099230512543e-04
7.248774578329175928e-04
8.458519005216658115e-04
9.218266815878451304e-04
1.078556050197221425e-03
9.041767043527215719e-04
7.771288073854520917e-04
8.190117048798128529e-04
1.165615874924696982e-03
9.844094340223819451e-04
1.140633210889063862e-03
1.029604891664348629e-03
9.695122309494764046e-04
8.119450081721879759e-04
8.659763378091156049e-04
9.398184251040220044e-04
7.022061501629651026e-04
8.134462434099987583e-04
9.682229283498600125e-04
7.966046920046210506e-04
6.935865792911499305e-04
8.157585718436167078e-04
6.100396043621003411e-04
7.782467437209561467e-04
8.283595991088077860e-04
8.735090785194187923e-04
9.358608731417916715e-04
9.070672676898539066e-04
8.970320224761963324e-04
7.452741556335240602e-04
7.855558360461145639e-04
7.622807926964015202e-04
7.786018104525282979e-04
7.687730627367273190e-04
7.833944007870740755e-04
7.467708608601241870e-04
