1.814432650804519709e-01
1.167176090180873926e-01
1.048503823578357669e-01
9.165368340909481326e-02
1.024374587461352321e-01
8.454903215169906616e-02
1.015446715056896182e-01
8.583616763353348056e-02
8.938057087361812869e-02
8.526478242129087448e-02
8.468652982264757156e-02
8.570872545242309848e-02
8.259161897003650110e-02
8.641485692933201235e-02
8.458192851394415179e-02
7.636553663760423105e-02
7.189540546387433728e-02
7.495459225028752726e-02
8.336040377616882324e-02
8.097760472446680069e-02
7.287810910493135175e-02
7.686314210295677740e-02
6.658181045204400461e-02
7.277783397585153857e-02
7.727707419544457834e-02
8.146595228463411609e-02
8.084347527474164408e-02
7.537336088716983795e-02
8.107446860522031507e-02
7.057697977870702744e-02
6.664907149970530909e-02
6.288126297295093536e-02
6.562697254121303836e-02
7.169559039175510406e-02
6.184509657323360166e-02
6.446767859160899838e-02
6.213862337172031125e-02
6.190449856221676150e-02
6.171605605632066865e-02
6.946315281093121130e-02
7.302925959229469854e-02
6.796162314713001529e-02
6.863834392279385965e-02
6.971268877387046259e-02
7.036026902496814173e-02
6.210358384996652464e-02
6.607713159173726758e-02
6.705287359654903134e-02
6.038448959589004517e-02
6.160873835906386514e-02
5.673916470259428302e-02
7.090356275439262113e-02
6.076343618333339414e-02
6.011624634265899658e-02
6.160256061702966413e-02
7.181006930768489560e-02
6.948339771479368487e-02
6.517761442810296457e-02
8.631975390017032623e-02
7.784626297652721960e-02
7.023546751588582993e-02
7.077734116464853842e-02
7.485930286347866613e-02
7.224899139255284986e-02
6.201875880360603610e-02
7.601425573229789179e-02
6.531449072062969763e-02
6.674545072019100189e-02
6.547523308545351306e-02
6.113668754696845870e-02
6.419738242402672768e-02
5.873493403196335116e-02
6.412188662216067314e-02
8.848258517682552893e-02
7.122230753302574713e-02
6.182035300880670686e-02
5.962597560137510022e-02
5.327430274337530136e-02
5.199518278241157393e-02
5.483819488435983519e-02
5.897518284618854384e-02
5.082802334800362587e-02
5.573145123198628564e-02
5.555212032049894333e-02
6.022587157785892764e-02
6.570416484028100690e-02
5.474885823205113272e-02
5.380535107105970105e-02
6.269296407699584406e-02
7.392672672867775518e-02
6.467990428209305365e-02
5.766398161649703702e-02
5.147920548915863037e-02
5.828265231102704863e-02
7.545286361128092367e-02
5.773374335840344290e-02
5.773951895534992079e-02
5.558356558904051919e-02
5.508105084300041199e-02
5.458456929773092270e-02
6.768618840724230368e-02
6.730041038244963247e-02
6.151140592992306033e-02
6.169345900416374484e-02
5.659547187387943545e-02
5.155063252896070758e-02
5.309534631669521332e-02
5.726239923387765884e-02
6.514203101396560947e-02
5.862300302833318988e-02
5.575967375189065656e-02
5.410028640180826465e-02
5.138684492558241029e-02
5.285340026021003584e-02
5.790093317627906938e-02
6.997534311376511773e-02
5.424445252865552763e-02
5.554151413962245265e-02
4.995908848941325864e-02
5.481618735939264297e-02
5.938408672809600969e-02
5.727866180241107663e-02
5.933341393247246881e-02
5.449063880369067053e-02
5.039419718086719790e-02
4.721386535093188147e-02
5.395418778061866760e-02
5.388166643679141721e-02
5.896195266395807405e-02
6.323166228830814917e-02
6.190714528784155984e-02
5.231786966323852262e-02
5.622149882838130275e-02
5.500553846359253207e-02
5.828483439981937270e-02
6.265725400298834125e-02
5.459633190184831619e-02
5.866513382643460950e-02
6.095838118344545226e-02
5.725799631327390532e-02
6.075753904879092893e-02
5.221736598759889325e-02
5.675208941102027893e-02
5.820881016552448273e-02
6.335827056318521500e-02
7.212811410427093228e-02
6.081203231588006020e-02
5.791687369346618791e-02
5.630731619894504408e-02
5.745010264217853546e-02
6.291764155030250827e-02
6.882256437093019208e-02
6.429951107129454335e-02
6.364949718117714206e-02
6.079430449753999571e-02
5.424685664474963864e-02
6.118243783712386946e-02
5.422437330707907677e-02
5.198525562882423678e-02
5.499054715037345747e-02
5.489370943978429118e-02
5.566276116296649257e-02
6.103171911090612273e-02
5.486344285309315005e-02
4.585293252021074156e-02
5.195346027612686435e-02
4.853382706642150879e-02
5.914762550964951238e-02
5.720690358430147171e-02
5.346372276544571200e-02
5.042471941560507098e-02
5.741016324609517912e-02
5.391201665624976297e-02
4.858221532776951790e-02
4.811954479664563855e-02
4.881975669413805147e-02
4.876796165481209894e-02
5.102905090898275653e-02
4.920585546642541885e-02
5.392085239291190962e-02
5.424168221652507504e-02
5.536484718322753906e-02
6.835556160658598501e-02
6.177811920642852644e-02
5.179658941924571852e-02
5.463888961821794510e-02
4.654585793614387373e-02
4.219358395785093030e-02
5.062712039798498292e-02
5.611502993851900239e-02
4.842742234468459805e-02
5.043168179690837860e-02
6.107187299057841023e-02
5.476784054189920425e-02
5.675114635378122191e-02
5.754341091960668564e-02
4.893700126558542252e-02
5.101287029683589797e-02
4.676140937954187393e-02
5.098655680194497108e-02
5.696645230054855208e-02
5.267860591411590437e-02
5.363158443942665776e-02
5.196516001597047130e-02
4.431050624698400220e-02
4.452705914154649058e-02
4.875948410481214385e-02
4.785606907680630545e-02
5.116856601089238982e-02
4.428283674642443518e-02
4.497766057029366216e-02
4.942175401374697408e-02
5.997906029224395891e-02
5.072675310075282912e-02
5.008062403649091859e-02
5.340155139565468112e-02
5.351795544847846170e-02
4.664430525153875212e-02
4.742973987013101439e-02
4.483108175918459892e-02
4.560343865305185179e-02
4.585837246850132942e-02
4.441446484997868538e-02
6.391756152734159868e-02
5.086665190756321092e-02
4.381231348961591582e-02
4.949649618938565393e-02
5.196287287399172644e-02
4.896062863990664760e-02
4.451709808781743188e-02
4.702004734426736693e-02
5.063426773995161057e-02
5.105189438909292499e-02
3.721460532397032062e-02
4.974635653197765489e-02
5.299224937334656715e-02
5.376547165215015550e-02
4.835663568228483478e-02
5.136142093688249310e-02
5.666708573698997498e-02
5.660263169556856155e-02
4.522605948150158067e-02
5.219808630645274977e-02
4.823594503104686876e-02
4.877267070114612441e-02
4.258062886074185510e-02
4.478664798662066598e-02
4.186015287414193015e-02
3.877613227814435959e-02
4.109730767086148401e-02
5.463328305631875992e-02
6.229019034653902193e-02
4.111679652705788751e-02
4.083432313054800172e-02
4.176633134484290799e-02
4.612097460776567320e-02
4.876865092664957324e-02
5.734595321118831496e-02
5.592322740703821460e-02
3.980674250051378926e-02
4.716832600533962111e-02
4.850569162517785748e-02
4.045159257948398313e-02
5.204852372407912930e-02
4.601090829819440980e-02
5.341224111616611758e-02
5.499917194247246066e-02
4.856874351389706135e-02
4.562964001670479636e-02
4.450204707682132999e-02
4.449758976697922030e-02
5.881698913872242251e-02
5.166791323572397093e-02
4.147807601839303970e-02
4.126104377210140089e-02
4.683944974094629565e-02
4.436674080789089480e-02
4.248199155554175516e-02
4.287470038980245590e-02
4.141890853643417220e-02
4.301314097829163352e-02
4.116250649094581326e-02
4.381367070600390712e-02
4.546749657019973079e-02
6.021851692348718921e-02
4.949534675106406073e-02
4.554784763604402542e-02
5.224429871886968751e-02
4.407474379986524304e-02
4.956786883994936804e-02
4.211336188018321991e-02
4.117732681334018707e-02
4.217479787766933302e-02
4.064353154972195903e-02
4.530262406915426532e-02
3.854124015197157860e-02
4.209082834422588071e-02
5.171544440090656419e-02
5.029575442895293375e-02
4.030823465436696867e-02
