6.239249618614420845e-01
2.080800910206402066e-01
1.280483879587229479e-01
9.446703204337288107e-02
7.430897696929819607e-02
5.530720050720607656e-02
5.337036006590899218e-02
5.019899479606572401e-02
4.965930388254277683e-02
4.631376660921994459e-02
4.436992437523953892e-02
4.364413965274305945e-02
3.823455028674181688e-02
3.928476484382853462e-02
4.246571988743894077e-02
4.171607906327528398e-02
4.124996066093444824e-02
4.172654712901396196e-02
3.516427142655148552e-02
3.232339243678485768e-02
3.441094749552361942e-02
3.077804428689620217e-02
3.241672235376694827e-02
3.485485122484319187e-02
3.319887488203890347e-02
3.803835053216008538e-02
3.319572230034014554e-02
3.135966673931654680e-02
3.209962137043476105e-02
3.699026837506715071e-02
3.936393219320213216e-02
3.297919648535111575e-02
3.230674696319243283e-02
3.255833389566225450e-02
2.783668260363971608e-02
3.785664073246367001e-02
3.860659798716797875e-02
3.297830263481420915e-02
3.146504402598913896e-02
2.885842257562805727e-02
3.028151502504068324e-02
2.950439383001888377e-02
2.861032821238040924e-02
2.937494842883418486e-02
3.442758979166254951e-02
3.245064287501223110e-02
3.436364102012971072e-02
3.017399843563051826e-02
2.922386522678768056e-02
2.625920360579210230e-02
3.108061839114217156e-02
2.851856291732367266e-02
2.779263575725695809e-02
2.961263126310180113e-02
2.631024523254702971e-02
2.627803911181057078e-02
3.195197211907190721e-02
2.683045024819233695e-02
2.432532433201285010e-02
2.826964953804717365e-02
2.917505132363122991e-02
3.078643364064833840e-02
2.884797225980197805e-02
2.520007957868716439e-02
2.714964188635349274e-02
2.713616137557170113e-02
2.885880660923088176e-02
2.696255506838069263e-02
2.409618446493850055e-02
2.590960220378987766e-02
3.388379404650015275e-02
3.030392187921440023e-02
2.720070400220506168e-02
2.467795297065202009e-02
2.963519227855345925e-02
2.831929363310337067e-02
2.625238413319868139e-02
2.590894425178275409e-02
2.538528797381064614e-02
2.473912475740208325e-02
2.508308749426813727e-02
2.751178951824412647e-02
2.844409140593865196e-02
2.672167900292312520e-02
2.523144630386548945e-02
2.445846533074098536e-02
2.863299517947084927e-02
2.932422454742824453e-02
2.631332681459538914e-02
2.624397352337837219e-02
2.358941218870527767e-02
2.396562914637958425e-02
2.342948372311451713e-02
2.649488508263055098e-02
2.788349076667252791e-02
2.608748963650535033e-02
2.474618626429754206e-02
2.812476313727743649e-02
2.648702614447649706e-02
2.391298674046993256e-02
2.790028678581995061e-02
2.240551580839297494e-02
2.410995061783229726e-02
2.488163047853638246e-02
2.545368178364108488e-02
2.534288869184606052e-02
2.563345311757396147e-02
2.528887768002117259e-02
2.437963402446578429e-02
2.645408668938805177e-02
2.895780214492012575e-02
2.584685297573314014e-02
2.450426207745776477e-02
2.303963888655690545e-02
2.188327678424470402e-02
2.354794959811603444e-02
2.920308040783685735e-02
3.025037762435043437e-02
2.578204070382258614e-02
2.923317889080328039e-02
2.626385704121168840e-02
2.693856452756068429e-02
2.631134616539758733e-02
2.631920192609814996e-02
2.669539445025079227e-02
2.256511064136729541e-02
2.848594898686689428e-02
3.322751031202428318e-02
3.095352638731984490e-02
2.628139855668825201e-02
2.266734739875092206e-02
2.185212722157730755e-02
2.519372269949492205e-02
2.414645747665096834e-02
2.116621921167654088e-02
2.653677684857564875e-02
2.506980990224024972e-02
2.256432559122057563e-02
2.158772134605576112e-02
2.158547028460923445e-02
2.345685222569634035e-02
2.388633886242614093e-02
2.566262203104355613e-02
2.442547876168699866e-02
2.417532069718136487e-02
2.416631141129662111e-02
2.458123950397267041e-02
2.345627864055773934e-02
2.314741931417409193e-02
2.324773338349426371e-02
2.451261856100138414e-02
2.541190210510702735e-02
2.437746952123501579e-02
2.235593186581836048e-02
2.155220957801622442e-02
2.093336840762811610e-02
2.417206293081535992e-02
2.579877174952451002e-02
2.361303589799824965e-02
2.405676355256753871e-02
2.079414214719744330e-02
2.510038226404610884e-02
2.255700868280494792e-02
2.200745626845780623e-02
2.027190312304917585e-02
2.756777285214732573e-02
2.622994539492270669e-02
2.475844685207394952e-02
2.671949620194294731e-02
2.558988190310843014e-02
3.116555205162833617e-02
2.350150673266719267e-02
2.088337709360263070e-02
2.072823376340024448e-02
2.129067984573981484e-02
2.170637633432360297e-02
2.570580209002775243e-02
2.724651258219690925e-02
2.459813161369632170e-02
2.131485139184138497e-02
2.441933006048202515e-02
2.249255677794708905e-02
2.093297725214677760e-02
2.319364107268698239e-02
2.230160716263687032e-02
2.306938083732829395e-02
2.235580279546625637e-02
2.006796484484392115e-02
2.224857655956464716e-02
2.256135982187355143e-02
2.177107651882312020e-02
2.157236821949481964e-02
2.160603805061648772e-02
2.168143672101638039e-02
1.967358348124167641e-02
2.026387260240666843e-02
2.023081284235505456e-02
2.268042086678392910e-02
2.228470957454512999e-02
2.092267485225901905e-02
2.398318917874027803e-02
2.447660300223266500e-02
2.045480150948552484e-02
2.066048760624492747e-02
2.178740063134361818e-02
2.152045421740587938e-02
2.338494404273874783e-02
2.238832436063710463e-02
2.153116201653200099e-02
2.050274172249962404e-02
2.045424611252896763e-02
2.026097838054684991e-02
2.009925246238708496e-02
2.215309408219421489e-02
1.937178653829238137e-02
1.980358964818365597e-02
2.146069650702616891e-02
2.131470040801693513e-02
2.148714683511677992e-02
2.501199712209841927e-02
2.205549520166481120e-02
2.174777219838955680e-02
2.132098519188516117e-02
2.053527380613719838e-02
2.257955896065515569e-02
2.062784299692686785e-02
1.986719821305835826e-02
2.010845776428194648e-02
1.950149961254175890e-02
2.178855722441392848e-02
2.042325849042219213e-02
2.030953217078657752e-02
1.978126212077982449e-02
1.925319674260475913e-02
1.984729661661036038e-02
2.236973001238177702e-02
2.163955843185677227e-02
1.971371855367632514e-02
1.927882849293596768e-02
2.264961874222054181e-02
2.212795176926781252e-02
2.168246807859224370e-02
2.616860509357031572e-02
2.632688993916791967e-02
2.501454642590354369e-02
2.193230675423846546e-02
2.139335136641474372e-02
2.135022444760098156e-02
2.209904998102608931e-02
1.928046685369575602e-02
2.018926599446465089e-02
2.270654216408729553e-02
2.143471249762703493e-02
2.700851441306226230e-02
2.931197710773524034e-02
2.951949122635757344e-02
2.268579974770545959e-02
2.082166842678014052e-02
2.048667586025069640e-02
1.998079436666825096e-02
2.006100950872196850e-02
2.031350552159197353e-02
1.867744929211981320e-02
1.981431125279735014e-02
1.987070645041325370e-02
2.004432853530434960e-02
2.078974805772304535e-02
1.888874238904784605e-02
2.048400411491884884e-02
1.943773688638911548e-02
1.819356081678586909e-02
1.787542179226875305e-02
1.865189407459076631e-02
2.042536590905750377e-02
2.061775403425973943e-02
2.085683308541774750e-02
2.027692634831456536e-02
2.073940415592754466e-02
2.049059716655927607e-02
2.131067205439595574e-02
1.931035387165406028e-02
1.937848954078029082e-02
1.930638106868547491e-02
1.841889343717519056e-02
1.755402511095299420e-02
1.847190968692302704e-02
1.882767041816430995e-02
2.011628142174552367e-02
2.039636660586385125e-02
2.217227319145903888e-02
2.057434234987286920e-02
2.216755861745161107e-02
2.054119745598119787e-02
1.950438178199179196e-02
1.881864206755862537e-02
1.974537146880346247e-02
1.858957100878743524e-02
1.907004289986456019e-02
1.955665330238201896e-02
2.055490181288298357e-02
