3.775859499894655524e+00
1.533975798808611346e+00
1.423022441222117518e+00
1.264319665156877992e+00
1.130525691463397209e+00
1.109150290030699537e+00
1.049103874885118914e+00
1.043688038220772274e+00
9.721359926920670746e-01
9.878604384569021901e-01
9.344011100438924800e-01
9.342458695173263550e-01
9.134528435193575158e-01
8.801563233137130737e-01
8.686496585607528242e-01
8.234418250047244037e-01
8.239715823760399571e-01
8.072842265550906893e-01
7.884529943649585260e-01
7.848763266435035968e-01
7.332058074382635793e-01
7.264623873508893048e-01
6.728209369457684996e-01
6.415450119055234879e-01
5.736966573275052994e-01
5.427623941348149739e-01
4.644836619496345298e-01
4.515781118319584508e-01
4.416849855047005891e-01
4.396725913653006801e-01
4.190833812722792873e-01
4.117975372534531942e-01
4.117948207717675446e-01
4.275166156200262413e-01
3.735116085180869572e-01
3.790415732906414759e-01
3.625120432331012110e-01
3.900832309172703738e-01
3.644852131605148537e-01
3.707463130354881065e-01
3.789968367952566974e-01
3.781466461144961100e-01
3.643820084058321251e-01
3.482330126831164607e-01
3.527499316976620558e-01
3.662580005251444559e-01
3.669666948226781855e-01
3.340830639004707114e-01
3.424899424497898082e-01
3.395766535630592720e-01
3.631303407824956198e-01
3.384084301499220016e-01
3.411634535743640062e-01
3.424644067883491627e-01
3.664722166382349267e-01
3.209281323047784573e-01
3.238042432528275838e-01
3.203228433544819120e-01
3.208376562366118678e-01
3.214103858058269259e-01
3.225447207689285389e-01
3.173238243048007723e-01
3.183265486015723345e-01
3.162433487864640957e-01
3.220694638788700326e-01
3.326195729466585038e-01
3.065090189759547834e-01
3.107783952584633469e-01
3.216386253444047938e-01
3.054457505161945474e-01
3.427129763823288933e-01
2.958450620564130884e-01
3.111830899348626001e-01
3.098992975858541610e-01
2.950886759047324781e-01
2.905126626674945367e-01
3.038915229531434781e-01
3.047964315574902550e-01
3.050137221240080132e-01
3.002195736536613091e-01
3.033993076819639922e-01
2.803363955937899221e-01
2.801813094088664302e-01
2.856272115730322247e-01
2.776063067408708340e-01
3.016143152346977829e-01
2.986744143641911764e-01
2.861199113038869757e-01
2.888313923890774015e-01
2.947377996949049339e-01
2.905498824440516104e-01
2.804972195854553707e-01
2.701475063195595272e-01
2.805246583544290795e-01
2.729494234690299503e-01
2.896293100256186470e-01
2.859140668924038398e-01
2.726420354957763692e-01
2.883952958079484818e-01
2.732084821049983736e-01
2.826569470648582216e-01
2.748579925069442043e-01
2.689418690135845780e-01
2.701105332145324334e-01
2.799861739461238508e-01
2.634070966106194511e-01
2.831328146732770557e-01
2.737153845910842431e-01
2.678673841632329689e-01
2.597025854083208074e-01
2.719681238325742378e-01
2.620016490037624379e-01
2.548344530165195243e-01
2.683666106026906251e-01
2.642073074785562525e-01
2.684844990189259040e-01
2.699530908694633968e-01
2.806763001359425802e-01
2.711829433074364193e-01
2.640050876599091545e-01
2.552837474414935692e-01
2.536777632167706020e-01
2.616322991366569761e-01
2.590239327114362000e-01
2.591762238970169441e-01
2.567992331316837906e-01
2.708633809135510551e-01
2.620619053450914393e-01
2.548107113975744964e-01
2.578757228759618880e-01
2.690157662217433909e-01
2.617111729314693935e-01
2.582284072270760178e-01
2.639506459809266570e-01
2.492124054294366231e-01
2.649614455608221286e-01
2.639719792856620173e-01
2.501590019235244156e-01
2.508604347132719625e-01
2.522134441595811349e-01
2.606070531102327448e-01
3.092598246840330134e-01
2.607439285287490027e-01
2.482371999667241091e-01
2.495952129937135389e-01
2.516510981206710462e-01
2.391536768812399516e-01
2.467192191344041163e-01
2.402078886444752037e-01
2.591344572603702656e-01
2.499600989887347524e-01
2.547722285183576241e-01
2.380345993890212175e-01
2.417806656314776537e-01
2.434900816243428523e-01
2.383347069414762376e-01
2.496694067349800594e-01
2.419455009584243477e-01
2.366806752979755402e-01
2.357367281157236871e-01
2.434752293504201526e-01
2.341602255518619724e-01
2.310864468606618760e-01
2.344618558883667103e-01
2.381316416538678815e-01
2.347129632647221020e-01
2.476828900667337185e-01
2.420606308831618481e-01
2.363213885288972249e-01
2.338276720963991528e-01
2.381281353533268030e-01
2.353423911791581447e-01
2.359075534802216878e-01
2.314306932573134967e-01
2.343638200026292029e-01
2.298341219241802624e-01
2.342959518042894429e-01
2.384806176790824350e-01
2.403554641283475457e-01
2.296543511633689638e-01
2.366322022217970666e-01
2.269030914283715894e-01
2.324260512223610409e-01
2.245992204317679708e-01
2.261201610931983241e-01
2.264662966705285607e-01
2.332410274216761836e-01
2.223134453480060391e-01
2.211440307016556139e-01
2.443534763386616404e-01
2.250806308709658032e-01
2.187675962081322423e-01
2.272748329318486638e-01
2.252421692586862034e-01
2.251257985830306951e-01
2.236002767888399245e-01
2.270510839155087113e-01
2.261193038752445927e-01
2.244981969778354347e-01
2.402028221923571405e-01
2.316284585457581702e-01
2.306329229130194836e-01
2.202987880660937370e-01
2.247193420162567623e-01
2.172469917971354136e-01
2.295331010451683584e-01
2.201997834902543194e-01
2.426148133209118374e-01
2.162140823900699504e-01
2.198621823237492390e-01
2.187789484858512767e-01
2.235936902463436238e-01
2.125338088434476080e-01
2.110263729324707571e-01
2.245754618484240295e-01
2.065547711000992603e-01
2.155584047620112964e-01
2.339268549703634736e-01
2.056611944849674467e-01
2.103964073153642422e-01
2.066717214309252149e-01
2.057626636555561772e-01
2.058768174969232978e-01
2.074052860530523068e-01
2.236354609521535863e-01
2.067666551241507944e-01
2.137770570814609417e-01
2.184061311185359899e-01
2.110334704128595529e-01
2.131295458055459668e-01
2.073901017124836210e-01
2.161176294088363592e-01
2.077823201337685999e-01
2.140757262133634875e-01
2.089990056478060187e-01
1.997543598596866199e-01
1.972353289620234484e-01
2.054050965377917648e-01
1.975225387284388900e-01
2.033027101594668262e-01
1.935089715398274901e-01
2.056840873681581860e-01
1.962949405495937050e-01
1.969080178210368404e-01
1.984415021080237207e-01
2.039067605367073654e-01
1.957939878679238743e-01
2.019435165020135869e-01
2.117948297697764271e-01
2.034769035875797216e-01
2.051418968118154107e-01
2.076664080413488378e-01
1.934494836399188455e-01
1.969336658716201727e-01
2.049052549669375667e-01
1.956052840329133569e-01
1.909291319549083765e-01
1.995877868280961087e-01
2.056576240521210963e-01
1.935453487130311956e-01
1.980271066037508076e-01
1.933705517305777666e-01
1.913807941743960739e-01
1.883997898835402252e-01
1.985924388926762763e-01
1.929604364129213212e-01
2.038249542506841427e-01
1.949841497036126914e-01
1.967589334799693113e-01
1.918527302833703818e-01
2.006257724303465717e-01
1.824859267243972294e-01
1.941025905311107580e-01
1.879386402666568812e-01
1.963263690471649114e-01
1.862183515269022760e-01
1.998628192223035338e-01
1.903616423790271406e-01
1.843179437403495435e-01
1.861872807718240319e-01
1.884215614543511275e-01
1.840431641500729909e-01
1.851954410855586597e-01
1.952586335058395794e-01
1.936048521445347670e-01
1.882124832043280960e-01
1.941964050898185024e-01
1.877034819470002058e-01
1.768494413735774984e-01
1.794957550099262888e-01
1.862606872159701110e-01
1.769732413383630631e-01
2.028352729976177216e-01
1.880678971226398821e-01
1.881674411205145059e-01
1.866523175858534334e-01
1.847939353149670727e-01
1.884989596043641635e-01
1.879296387044283034e-01
1.837871248905475208e-01
