1.621841158717870712e+00
2.784142270684242249e-01
2.096548341214656830e-01
1.560806152410805225e-01
1.390252462588250637e-01
1.191432168707251549e-01
9.315713681280612946e-02
8.838507859036326408e-02
6.716134492307901382e-02
6.514116551261395216e-02
5.347185372374951839e-02
4.786993516609072685e-02
4.353172797709703445e-02
4.118846729397773743e-02
3.896342602092772722e-02
3.303086000960320234e-02
3.400613646954298019e-02
2.909953682683408260e-02
2.585384470876306295e-02
2.232741814805194736e-02
2.202121722802985460e-02
1.935562578728422523e-02
1.585364427592139691e-02
1.502397644799202681e-02
1.468990037392359227e-02
1.424738531932234764e-02
1.359009323641657829e-02
1.172487938310950994e-02
1.162319237482734025e-02
1.131850761885289103e-02
1.584246483980678022e-02
1.515748410020023584e-02
1.131040279869921505e-02
1.003829692490398884e-02
1.045518669707234949e-02
9.043384168762713671e-03
8.337445760844275355e-03
6.987668151850812137e-03
6.627572241995949298e-03
5.880741271539591253e-03
7.065936399158090353e-03
7.537294208304956555e-03
8.758300595218315721e-03
6.671282608294859529e-03
6.658246769802644849e-03
4.803387084393762052e-03
7.949490711325779557e-03
6.645649016718380153e-03
4.740331343782600015e-03
4.688290158810559660e-03
4.252638318575918674e-03
4.375036449346225709e-03
4.260766538209281862e-03
6.009336560964584351e-03
5.848755827173590660e-03
5.769230789155699313e-03
3.992498684965539724e-03
4.098226694623008370e-03
4.332707074354402721e-03
4.226146273140329868e-03
4.365484943264164031e-03
4.077797333593480289e-03
3.844853912596590817e-03
3.662193244963418692e-03
3.546901614754460752e-03
2.999914242536760867e-03
2.651109287398867309e-03
2.962483013106975704e-03
4.716841220215428621e-03
3.089963298407383263e-03
3.095579049841035157e-03
2.286851697135716677e-03
2.300337917404249310e-03
2.425213766400702298e-03
2.292242716066539288e-03
2.272199213621206582e-03
2.687006781343370676e-03
2.487879188265651464e-03
2.425464626867324114e-03
2.189059741795063019e-03
2.054821903584524989e-03
2.063349558738991618e-03
2.115266972396057099e-03
2.447423416015226394e-03
3.602372162276878953e-03
2.801792870741337538e-03
3.795555639953818172e-03
3.078533743973821402e-03
2.514559178962372243e-03
3.342645759403239936e-03
3.537624666932970285e-03
8.942954911617562175e-03
5.233023650362156332e-03
3.337706897582393140e-03
2.642339721205644310e-03
2.227105280326213688e-03
1.587530248798429966e-03
2.108017069986090064e-03
1.872833985544275492e-03
1.682375885138753802e-03
1.859130527009256184e-03
1.499744801549240947e-03
1.614376844372600317e-03
1.823944709030911326e-03
1.450851101253647357e-03
1.244841052539413795e-03
1.195442524476675317e-03
1.263931917492300272e-03
1.336722132691647857e-03
1.425619280780665576e-03
1.474783217418007553e-03
1.586677113664336503e-03
1.364492221910040826e-03
1.554121685330756009e-03
1.445957721443846822e-03
1.416159062500810251e-03
2.126108316588215530e-03
2.179454029828775674e-03
2.278028732689563185e-03
2.332130155991762877e-03
1.632195213460363448e-03
2.033060198300518095e-03
2.334407763555645943e-03
1.689326840278226882e-03
1.337095269263954833e-03
1.283162539039039984e-03
1.139202384365489706e-03
1.673615235631586984e-03
1.224813793669454753e-03
1.451200492738280445e-03
1.776880009856540710e-03
1.247113872523186728e-03
1.104079190554330125e-03
1.108371194277424365e-03
1.111619883886305615e-03
1.058205893059493974e-03
1.496085555118042976e-03
1.640889015106949955e-03
1.511890204710653052e-03
1.256220260984264314e-03
1.652924715017434210e-03
4.938060068525373936e-03
6.948088383069261909e-03
3.635061590466648340e-02
1.453384189517237246e-02
6.444590486353263259e-03
2.681762547581456602e-03
2.748930433881469071e-03
1.850994412961881608e-03
1.776344579411670566e-03
1.735150632157456130e-03
1.550113389384932816e-03
2.452595181239303201e-03
1.818356759031303227e-03
1.972727746760938317e-03
3.676494554383680224e-03
2.568887961388099939e-03
1.647766468522604555e-03
1.541713274491485208e-03
1.600595551281003281e-03
1.134033296693814918e-03
1.323357952060177922e-03
1.233647992194164544e-03
1.222151513502467424e-03
1.231116017152089626e-03
1.143761277489829808e-03
1.254278326086932793e-03
1.095198171242373064e-03
1.141861252108355984e-03
1.172475556813878939e-03
1.116036160965450108e-03
9.700711925688665360e-04
1.068279623723356053e-03
1.374969113385304809e-03
1.335494267550529912e-03
1.053862211847444996e-03
1.027954676828812808e-03
1.008773717330768704e-03
1.213286806887481362e-03
1.099883451388450339e-03
1.121266064728843048e-03
9.191018325509503484e-04
9.310069399361964315e-04
9.176863022730685771e-04
1.029489278153050691e-03
9.845290296652819961e-04
9.633694317017216235e-04
9.411624887434300035e-04
1.067877747118473053e-03
8.883962909749243408e-04
9.570485017320606858e-04
9.727553879201877862e-04
1.001823107799282297e-03
1.014178629702655599e-03
1.071796072210418060e-03
9.504472909611649811e-04
9.486233029747381806e-04
8.916511978895869106e-04
8.631515047454740852e-04
1.118911164667224512e-03
1.006413051072740927e-03
9.221235377481207252e-04
9.034936301759444177e-04
8.925568945414852351e-04
9.023885795613750815e-04
1.104242030123714358e-03
1.058376998116727918e-03
9.157480817520990968e-04
9.478992287768051028e-04
9.277384015149436891e-04
9.124123498622793704e-04
9.275911743316100910e-04
9.584561921656131744e-04
1.120724493375746533e-03
1.090310797735583037e-03
1.023683082166826352e-03
9.693684332887642086e-04
8.566255673940759152e-04
8.428156870650127530e-04
1.016855960187967867e-03
7.552100541943218559e-04
9.613910842745099217e-04
8.917834711610339582e-04
1.016910722682951018e-03
1.163218617875827476e-03
1.051121675118338317e-03
9.376701091241557151e-04
9.176928469969425350e-04
1.036034987919265404e-03
1.005167152470676228e-03
8.362110074813244864e-04
8.568519733671564609e-04
9.564926695020403713e-04
9.156594423984643072e-04
7.998680866876384243e-04
9.265440676244907081e-04
1.181319134047953412e-03
9.805933841562364250e-04
1.027386013447539881e-03
9.739792985783424228e-04
8.942026470322161913e-04
8.794783570920117199e-04
9.379039693158119917e-04
9.180921479128301144e-04
8.964892986114136875e-04
9.360765761812217534e-04
8.793427259661257267e-04
1.085926152882166207e-03
1.079561818187357858e-03
1.050070826750015840e-03
9.855639582383446395e-04
1.096671992854680866e-03
8.370651885343249887e-04
8.296767991851083934e-04
9.149267316388431937e-04
8.184087237168569118e-04
8.508651044394355267e-04
8.809361679595895112e-04
1.007151593512389809e-03
1.022390377329429612e-03
8.893268422980327159e-04
8.923398672777693719e-04
9.908331157930660993e-04
8.277642664324957877e-04
9.092969230550806969e-04
8.393986190640134737e-04
9.313999507867265493e-04
8.334214035130571574e-04
8.000571870070416480e-04
8.843584218993782997e-04
8.684542808623518795e-04
7.970205115270800889e-04
9.534413693472743034e-04
9.446105614188127220e-04
1.141313383413944393e-03
9.725207019073422998e-04
7.784527624608017504e-04
7.715421015745960176e-04
8.900551620172336698e-04
9.495806843915488571e-04
9.456224324821960181e-04
8.245854332926683128e-04
8.995806019811425358e-04
9.207248076563701034e-04
8.790611027507111430e-04
9.799469517020042986e-04
9.972821753763128072e-04
7.899282245489303023e-04
9.280489248340018094e-04
8.824378510325914249e-04
8.628228788438718766e-04
7.354166937147965655e-04
8.970173294073902071e-04
8.143505820044083521e-04
8.956472793215652928e-04
9.100238239625468850e-04
8.713910719961859286e-04
8.592630983912386000e-04
8.912093435355927795e-04
8.028673946682829410e-04
