1.635697819865666869e-01
4.413706137297244980e-02
3.940047610264558325e-02
3.601010059221432941e-02
3.482454576744482833e-02
3.284503273092783532e-02
3.335269967523905171e-02
3.294097762554883818e-02
3.246697691770700223e-02
3.247091677039861540e-02
3.039180798312792267e-02
2.958455471178660090e-02
3.006206957193521476e-02
3.051323169985642805e-02
2.874805855636413179e-02
2.938203162585313610e-02
3.070472080547076085e-02
2.979272300234207804e-02
3.004649910502708854e-02
2.901381638187628537e-02
2.769340570442951552e-02
2.897231755061791328e-02
2.809465855646592000e-02
2.854997594482623635e-02
2.742502364115073296e-02
2.662199645374829782e-02
2.676271793360893506e-02
2.801569704539500633e-02
2.725702488365081694e-02
2.794574126601219108e-02
2.628710113752346852e-02
2.705604290732970679e-02
2.674825857751644484e-02
2.679399820761038664e-02
2.673672447697474433e-02
2.602147427029334603e-02
2.712594891110291923e-02
2.699373597995593024e-02
2.644404811927905316e-02
2.669816022882094686e-02
2.550112165224093647e-02
2.668382635769935701e-02
2.571857822342560676e-02
2.569380305134333006e-02
2.599357555692012600e-02
2.535373297734902498e-02
2.564146899833128976e-02
2.600733030300873827e-02
2.601332246110989524e-02
2.517938707023859024e-02
2.564186102782304438e-02
2.622612273463836158e-02
2.582957651466131349e-02
2.580298149528411841e-02
2.471499094882836575e-02
2.669113268359349367e-02
2.451062840051376063e-02
2.499195314370668969e-02
2.503098735155967480e-02
2.485318727648028886e-02
2.502039107852257332e-02
2.483593896031379561e-02
2.411620033761629686e-02
2.503938878384920352e-02
2.450550829705137532e-02
2.453028542491106009e-02
2.368073392516145334e-02
2.447324187423174230e-02
2.410034501495269751e-02
2.429643795610620521e-02
2.541797522168893000e-02
2.407545877190736539e-02
2.404897691538700547e-02
2.353963492294916873e-02
2.425241676660684284e-02
2.350955083966255188e-02
2.421395206967225447e-02
2.383628970441909953e-02
2.549397078557656335e-02
2.372373883397533439e-02
2.426091203322777376e-02
2.422645094876105937e-02
2.288687289334260383e-02
2.330443221502579224e-02
2.308580542986209475e-02
2.321703579420080626e-02
2.341678331677730235e-02
2.343786589514750690e-02
2.298307799949095634e-02
2.357887915837076839e-02
2.373206634074449470e-02
2.280746552233512553e-02
2.317957353706543225e-02
2.281324119808582004e-02
2.245962991594122049e-02
2.292237991753678927e-02
2.268212692668804611e-02
2.273661878246527324e-02
2.329602104683334979e-02
2.400639638877832133e-02
2.295192113289466415e-02
2.394021806092216584e-02
2.233045978758197575e-02
2.342217994424012836e-02
2.231968415614504070e-02
2.247234436754996789e-02
2.346881491920122659e-02
2.294201166727221838e-02
2.290324435497705785e-02
2.332999282158338197e-02
2.240715398668096520e-02
2.167024808004498412e-02
2.233222657814621856e-02
2.206305705297451764e-02
2.203570221765683082e-02
2.265818547457456450e-02
2.284365256245319761e-02
2.230480160707464660e-02
2.209395042692239436e-02
2.195161777333571457e-02
2.277988994923921609e-02
2.123385492998820095e-02
2.279080870346381071e-02
2.185416698742371350e-02
2.194220587754478966e-02
2.189724097171654935e-02
2.262443250331741193e-02
2.209658893541647726e-02
2.280317999852391267e-02
2.180571086131609382e-02
2.111280565508283011e-02
2.136242196250420430e-02
2.191117516933725404e-02
2.152410287123460164e-02
2.207157575310422781e-02
2.121949762535782838e-02
2.105043801980522808e-02
2.191918968008114629e-02
2.195903304247901963e-02
2.094096855905193399e-02
2.172057905162756361e-02
2.051056924347693933e-02
2.202237165318085554e-02
2.145101054786489533e-02
2.149458549773463831e-02
2.136084679514169832e-02
2.181802688596340412e-02
2.187136820732401080e-02
2.209260422163284582e-02
2.115328565526466975e-02
2.147152145178272270e-02
2.128336966181030784e-02
2.107035154476761749e-02
2.144531419930549923e-02
2.203671127701034918e-02
2.189630310839185343e-02
2.152455505700065497e-02
2.147803406159465300e-02
2.144345420484359416e-02
2.184222451626108286e-02
2.239552159578754240e-02
2.131102560088038445e-02
2.104221729991527859e-02
2.144890486334379009e-02
2.068043255891937465e-02
2.103302135633734402e-02
2.220285373668258108e-02
2.103862854867027260e-02
2.121972003951668601e-02
2.151601361110806396e-02
2.135438358841034237e-02
2.002739214266721982e-02
2.086180722914062965e-02
2.162265549055658945e-02
2.126371714358146411e-02
2.122513585222455049e-02
2.050580952603083332e-02
2.128311135591222716e-02
2.069694423474944395e-02
2.044855280994222618e-02
2.041395973557463134e-02
2.059725166226808804e-02
2.100315935050065669e-02
2.086414355927935019e-02
2.069826649072078681e-02
2.122582308231638071e-02
2.204350122035695844e-02
2.079008213029457861e-02
2.121613257779524780e-02
2.026699491275044465e-02
2.084303963929414610e-02
2.041198293176981274e-02
2.012106430931733317e-02
2.073716686035578100e-02
1.970711601181672143e-02
2.081415917581090624e-02
2.163050727775463547e-02
2.034160081440439596e-02
2.025668550139436350e-02
2.078576374512452335e-02
2.013444639742374351e-02
2.083632402981703061e-02
2.032154127239034838e-02
2.018180204412111864e-02
2.057853045944984041e-02
2.066222221518938459e-02
1.953559091601234088e-02
2.047725477470801331e-02
2.104253647848963737e-02
2.037357321152320419e-02
1.999697935265990281e-02
2.030878784134983878e-02
2.080904611457998904e-02
2.010854472621129152e-02
1.994267593925962145e-02
1.971668889029667970e-02
1.995536671378291688e-02
2.010145637278373462e-02
2.029108127865653782e-02
2.003229398710223291e-02
1.983232410051501832e-02
2.080680359728061257e-02
2.085184499334830424e-02
2.089959771300737776e-02
2.015665935782285853e-02
2.075389852890601600e-02
1.969182250591424918e-02
1.928771125295987432e-02
2.009751907048317257e-02
2.035014374324908490e-02
1.997629381859531914e-02
1.964194844835079681e-02
2.018929818071998200e-02
2.030121479183435301e-02
1.927714118590721781e-02
2.013928873034624006e-02
1.967018954455852439e-02
1.949879701177661268e-02
2.019147432337586867e-02
1.946877285551566403e-02
2.024007441762548307e-02
1.953960730192752862e-02
1.999677286411707250e-02
1.934573507079711402e-02
2.024423240039210925e-02
1.951118118774432253e-02
1.928446202610547763e-02
2.050906159700109296e-02
2.013879881168787259e-02
1.969414318983371548e-02
1.995018993575985514e-02
2.032644347502635118e-02
1.964270809951883245e-02
1.977324606850743363e-02
1.975102230476645168e-02
1.905076764523983002e-02
1.969491476193070342e-02
1.928436590645175863e-02
1.958884475752711157e-02
1.976592032811962801e-02
1.955234464974357420e-02
1.991200596810533546e-02
1.950944111180993173e-02
1.956763413663093962e-02
1.927446923576868476e-02
1.943171681979527846e-02
1.925292272980396596e-02
1.999122363586838466e-02
1.975396074211368050e-02
1.899414912869150721e-02
1.901903802242416522e-02
1.966599798403107294e-02
1.930085378340803612e-02
1.965275052934884956e-02
1.939397528051183678e-02
1.951498516763632007e-02
1.882871539117051893e-02
1.962468946495881522e-02
1.858022642823365864e-02
1.958687979584703212e-02
1.908342913509561423e-02
1.948794395877764818e-02
1.861701606987760729e-02
1.962147296334688581e-02
1.891169410485487798e-02
1.920730239496781441e-02
1.951975484306995787e-02
1.800456135891951095e-02
1.860594356862398449e-02
1.898029149295045806e-02
1.871533416068324809e-02
1.997219927322406094e-02
1.956328777596354554e-02
1.903797336495839654e-02
1.898492541020879373e-02
1.882929811970545861e-02
1.912423220391457068e-02
1.907939048340687518e-02
1.912107921850222936e-02
1.844602793884965106e-02
