3.290025278925895691e+00
6.017606686800718307e-01
2.605041489005088806e-01
1.577351782470941544e-01
1.248931935988366604e-01
1.313261236064136028e-01
1.147020268253982067e-01
1.059194450936047360e-01
1.216061776503920555e-01
1.067009198595769703e-01
9.531349968165159225e-02
1.323582786135375500e-01
1.452142038615420461e-01
1.364692370407283306e-01
1.405774464365094900e-01
1.173097910359501839e-01
1.089982617995701730e-01
1.069252132438123226e-01
9.503916234825737774e-02
1.037348533282056451e-01
1.013967446051537991e-01
1.129080206155776978e-01
9.931401337962597609e-02
8.589751576073467731e-02
1.084692319855093956e-01
9.724293602630496025e-02
9.178418910596519709e-02
8.964340714737772942e-02
9.625246119685471058e-02
9.229737874557031319e-02
9.144031687173992395e-02
9.771301108412444592e-02
9.961224545259028673e-02
8.764230940141715109e-02
1.021582736866548657e-01
8.634415682172402740e-02
9.622614545514807105e-02
9.544621096574701369e-02
9.349916275823488832e-02
1.186067559756338596e-01
8.771025575697422028e-02
8.808741229586303234e-02
8.277524907316546887e-02
8.281194895971566439e-02
8.990530879236757755e-02
9.251256473362445831e-02
9.406479960307478905e-02
8.657047327142208815e-02
9.161376697011291981e-02
1.084562914911657572e-01
9.024972375482320786e-02
9.544109203852713108e-02
9.515270218253135681e-02
9.748973813839256763e-02
9.755760873667895794e-02
8.516061247792094946e-02
9.869761788286268711e-02
8.541211386909708381e-02
8.623798971530050039e-02
7.829821063205599785e-02
9.137642354471608996e-02
1.036630519665777683e-01
1.029480963479727507e-01
8.012086583767086267e-02
8.902189997024834156e-02
8.810552983777597547e-02
8.990498143248260021e-02
1.016403450630605221e-01
9.544975333847105503e-02
8.885608427226543427e-02
9.334014146588742733e-02
1.064455257728695869e-01
1.031474284827709198e-01
1.055017421022057533e-01
9.640151215717196465e-02
9.345429553650319576e-02
8.791741624008864164e-02
8.820725388068240136e-02
9.377732896246016026e-02
9.764105360954999924e-02
9.846439654938876629e-02
9.463711269199848175e-02
9.547714889049530029e-02
9.546909527853131294e-02
8.702045539394021034e-02
9.265334019437432289e-02
9.701405675150454044e-02
9.441115055233240128e-02
9.827239229343831539e-02
9.737121453508734703e-02
8.357304101809859276e-02
9.488879446871578693e-02
8.671731711365282536e-02
1.009705035539809614e-01
9.196950495243072510e-02
8.189035655232146382e-02
8.475321369769517332e-02
9.539750986732542515e-02
8.838209800887852907e-02
8.440849534235894680e-02
8.589798294997308403e-02
8.218703523743897676e-02
9.525892371311783791e-02
8.238422172144055367e-02
8.453699364326894283e-02
8.653236029203981161e-02
1.006580988178029656e-01
8.301600867707747966e-02
9.129176090937107801e-02
8.963780722115188837e-02
7.921712435199879110e-02
8.877666451735422015e-02
7.967543297854717821e-02
8.411659358534961939e-02
1.073283832520246506e-01
9.444615268148481846e-02
8.933765161782503128e-02
8.286081842379644513e-02
8.599379038787446916e-02
8.502819156274199486e-02
8.702267077751457691e-02
9.919888130389153957e-02
8.474644779198570177e-02
8.943713316693902016e-02
1.162699414417147636e-01
8.519901428371667862e-02
8.075395214837044477e-02
8.943008049391210079e-02
9.055400372017174959e-02
9.944171691313385963e-02
8.097121876198798418e-02
1.112136621959507465e-01
8.511617477051913738e-02
1.012932374142110348e-01
9.877170086838304996e-02
8.787873922847211361e-02
8.566723938565701246e-02
9.570768172852694988e-02
8.383645098365377635e-02
8.860693965107202530e-02
8.757643646094948053e-02
8.968849139637313783e-02
8.417551772436127067e-02
9.380914224311709404e-02
8.831994864158332348e-02
1.059731109999120235e-01
1.372259664349257946e-01
1.034072153270244598e-01
8.989893679972738028e-02
9.493422787636518478e-02
9.400137350894510746e-02
8.362668042536824942e-02
1.838938652072101831e-01
8.538802410475909710e-02
8.116160379722714424e-02
8.604290988296270370e-02
8.721515280194580555e-02
9.642837033607065678e-02
7.981109770480543375e-02
9.130438190186396241e-02
1.119368467479944229e-01
9.861993836238980293e-02
8.802077957079745829e-02
1.052127354778349400e-01
9.278016281314194202e-02
1.065987916663289070e-01
8.862782781943678856e-02
9.711054619401693344e-02
9.215324983233585954e-02
1.031072628684341908e-01
9.357403917238116264e-02
8.227780833840370178e-02
8.730565186124294996e-02
7.958069816231727600e-02
9.934292128309607506e-02
9.132092073559761047e-02
7.759777223691344261e-02
8.144609234295785427e-02
8.058167107810731977e-02
8.682125993072986603e-02
1.001997655257582664e-01
8.279653161298483610e-02
8.476555114611983299e-02
8.178788982331752777e-02
8.943880413426086307e-02
8.494024100946262479e-02
8.905804133974015713e-02
8.923639520071446896e-02
9.401451773010194302e-02
8.618845848832279444e-02
1.396940296981483698e-01
9.012467321008443832e-02
9.024778939783573151e-02
8.962783841707278043e-02
8.680510333215352148e-02
8.710398024413734674e-02
9.452674188651144505e-02
8.666655626439023763e-02
9.604577906429767609e-02
1.014702997636049986e-01
8.484225859865546227e-02
9.322557272389531136e-02
7.960325499880127609e-02
8.144470266415737569e-02
8.752032433403655887e-02
8.252278398140333593e-02
9.004837134853005409e-02
8.794243680313229561e-02
9.622654179111123085e-02
9.059531893581151962e-02
8.513513379148207605e-02
9.801943041384220123e-02
1.024702223949134350e-01
8.288650866597890854e-02
8.520986768417060375e-02
8.821581513620913029e-02
9.077871404588222504e-02
1.161221060901880264e-01
7.833796637714840472e-02
1.200526705943048000e-01
9.458054018614348024e-02
8.711170822789426893e-02
8.334966460824944079e-02
9.431710513308644295e-02
8.594969223486259580e-02
8.410822751466184855e-02
9.943122323602437973e-02
9.428979875519871712e-02
7.941317075164988637e-02
9.426621126476675272e-02
9.269627719186246395e-02
8.884334315007436089e-02
8.733092411421239376e-02
8.205930169788189232e-02
9.361377730965614319e-02
8.490787718619685620e-02
8.624264606623910367e-02
8.515252295183017850e-02
9.714157856069505215e-02
9.288854058831930161e-02
7.460001099752844311e-02
1.226983643136918545e-01
8.524161053355783224e-02
9.186264430172741413e-02
9.790518746012821794e-02
8.405910409055650234e-02
1.001769318245351315e-01
8.921751883463002741e-02
1.220458992756903172e-01
8.701907546492293477e-02
8.363746944814920425e-02
8.781988546252250671e-02
8.354410729953087866e-02
8.697460149414837360e-02
8.656882480136118829e-02
9.470527945086359978e-02
8.955789124593138695e-02
9.110617919941432774e-02
8.559412002796307206e-02
8.886684029130265117e-02
1.086485586129128933e-01
9.159466414712369442e-02
8.784163766540586948e-02
8.644497010391205549e-02
9.489198890514671803e-02
1.062951392959803343e-01
9.338845100865000859e-02
8.435616386123001575e-02
9.509283408988267183e-02
8.820430020568892360e-02
8.153381239390000701e-02
9.228560607880353928e-02
9.254367538960650563e-02
9.185411233920603991e-02
9.547983831726014614e-02
8.734583086334168911e-02
9.526779013685882092e-02
8.445168157049920410e-02
8.510392878088168800e-02
1.008264897391200066e-01
9.715169342234730721e-02
8.298942842520773411e-02
1.011431349907070398e-01
8.541017384413862601e-02
9.318417916074395180e-02
9.658227418549358845e-02
8.275163243524730206e-02
1.051488674711436033e-01
9.458081284537911415e-02
9.858608618378639221e-02
9.060990530997514725e-02
8.965047891251742840e-02
9.841823787428438663e-02
1.072401134297251701e-01
1.035927883349359035e-01
8.709825860569253564e-02
9.271476138383150101e-02
9.197349031455814838e-02
1.112637468613684177e-01
8.025477593764662743e-02
