6.768927507494625073e-02
3.162925268866514233e-02
2.267448471761063580e-02
2.115149364659660650e-02
2.268197897233461061e-02
2.092031340457891145e-02
2.068649506882617312e-02
2.059121719120364513e-02
1.917148940265178680e-02
1.719300267531683607e-02
1.673823531324926048e-02
1.739175671613530164e-02
1.488897057348175998e-02
1.602933688187285419e-02
1.912171599504194908e-02
1.648293651248279243e-02
1.677318020282607403e-02
1.550094695075562162e-02
1.556865831739024167e-02
1.629231796648941688e-02
1.435377992885677502e-02
1.660261141430390344e-02
1.598927246308640485e-02
1.527409275111399171e-02
1.575345345037548056e-02
1.983863394707441330e-02
1.832426662899945893e-02
1.552737866969484959e-02
1.540388510023292697e-02
1.571862669171471272e-02
1.429284015964520614e-02
1.465728310377974186e-02
1.471898503797619030e-02
1.480220022954438844e-02
1.512308570703393452e-02
1.571787820246658973e-02
1.690659201458880739e-02
1.751575584670430827e-02
1.715566614936840997e-02
1.583946584478804903e-02
1.379648694082310362e-02
1.433291403870833557e-02
1.473256367209710600e-02
1.462921657060321963e-02
1.386741739942839308e-02
1.303381526744679456e-02
1.707429762341474214e-02
1.437642062573056545e-02
1.395081978683408892e-02
1.394146749455677826e-02
1.370716315547102458e-02
1.469739859825686459e-02
1.738607275642846742e-02
1.946524261055808391e-02
1.694453345905793176e-02
1.418662963337019925e-02
1.491292963098538558e-02
1.455036438021220686e-02
1.408513311884905181e-02
1.300314916787963238e-02
1.387951013288999877e-02
1.410948205739259720e-02
1.629844538279269853e-02
2.033560355438997908e-02
2.349635644962913203e-02
2.002655440255215330e-02
2.167125315846581135e-02
1.679298673805437736e-02
1.435160411423758511e-02
1.464078815555886273e-02
1.732166052648895574e-02
1.545996890452347276e-02
1.387023705204850667e-02
1.367469440753522718e-02
1.424298602107324126e-02
1.328620662618624527e-02
1.370294651898898604e-02
1.404431815210141661e-02
1.777619834205037760e-02
1.605293046879140845e-02
1.590887609084970164e-02
1.554099808594113820e-02
1.326260313783821261e-02
1.438640160976271953e-02
1.346264039411356611e-02
1.341409544999662244e-02
1.287274283209913738e-02
1.376012884276477978e-02
1.218150051212624554e-02
1.212513383085790479e-02
1.201991658461721256e-02
1.398854227246422444e-02
1.442293499253298125e-02
1.353719296227944534e-02
1.283068905927632966e-02
1.297200172159232619e-02
1.240254061198548322e-02
1.311347408122138028e-02
1.528077543173965609e-02
1.429217823437954268e-02
1.299674794273941204e-02
1.200548137881253877e-02
1.336610836810187344e-02
1.322252381789056942e-02
1.202446472291883624e-02
1.236820657198366320e-02
1.347930160792250309e-02
2.323710016514125495e-02
1.599269678914233203e-02
1.399058304531009510e-02
1.557532565570191388e-02
1.588907146728352551e-02
1.432420381982075532e-02
1.405226733339460209e-02
1.367079692059441562e-02
1.269495614657276637e-02
1.390080810769608183e-02
1.322200110084132199e-02
1.317087237380052886e-02
1.385684232962758854e-02
1.314264854514285083e-02
1.729440419493537273e-02
1.337810591059295819e-02
1.371303489921908703e-02
1.374461746921664708e-02
1.692329582415129027e-02
3.122720651720699639e-02
2.771817833969467473e-02
1.999544264062454862e-02
1.605324148151435204e-02
1.370441364614587154e-02
1.391006560113869188e-02
1.270455121994018555e-02
1.283342445171193127e-02
1.209767103979462154e-02
1.237191289271179044e-02
1.148409058192842967e-02
1.204039190748804576e-02
1.265861598872824664e-02
1.370796139695142427e-02
1.673823952870933524e-02
2.301427721977233887e-02
2.108478178515246076e-02
1.623539229560839667e-02
1.361713283940365476e-02
1.345017042599226317e-02
1.204057709362946031e-02
1.299333292990922928e-02
1.242659584079918063e-02
1.289886628326616762e-02
1.234379337218246935e-02
1.261203118452900417e-02
1.292464931152368865e-02
1.214133193226236973e-02
1.506254385764661634e-02
1.414070165667094710e-02
1.302829786742988431e-02
1.251147241380653856e-02
1.285119300806208606e-02
1.174305977397843356e-02
1.149264968147403233e-02
1.300913742498347597e-02
1.384019503664029281e-02
1.191163494398719304e-02
1.322634282865022340e-02
1.450764843703884754e-02
1.786821379669402757e-02
1.469710949612291172e-02
1.425182451739123030e-02
1.641407314884035101e-02
1.331284289297304628e-02
1.320197570480798402e-02
1.475173190824295363e-02
1.276186412494433563e-02
1.270648072424687865e-02
1.185620389878749847e-02
1.189744330354427018e-02
1.409432630201703542e-02
1.238005975947568255e-02
1.165963552500072324e-02
1.225800792637624266e-02
1.303923875093460083e-02
1.201128106760351345e-02
1.155078156214011352e-02
1.131297177390048342e-02
1.166301808859172666e-02
1.245124907673973713e-02
1.235032424722847140e-02
1.158467851775257275e-02
1.194555537873192783e-02
1.266666487055389569e-02
1.248540395968838687e-02
1.187490475805182133e-02
1.188901909872105284e-02
1.227642742818907742e-02
1.218323076241894717e-02
1.252257779828811965e-02
1.211672134109233537e-02
1.120313629508018494e-02
1.155444342446954563e-02
1.241719570795172221e-02
1.346998725478586352e-02
1.195441250150140917e-02
1.270713701256011643e-02
1.247980568165841901e-02
1.162940008859885375e-02
1.137351122145589984e-02
1.126244556354849026e-02
1.150206461744873211e-02
1.270831106720786419e-02
1.333674190467909818e-02
1.622783770098498030e-02
1.400732425482649479e-02
1.213481287030797329e-02
1.202361065110093587e-02
1.195039247211657045e-02
1.197074554664523914e-02
1.283548938992776396e-02
1.220815226827797091e-02
1.234468023635839143e-02
1.138772403723315244e-02
1.204990497545192080e-02
1.185667416767070131e-02
1.138129198041401384e-02
1.103198528289794922e-02
1.168383260894762833e-02
1.188970063077776119e-02
1.155892725249654286e-02
1.189037677096693203e-02
1.288312144185367429e-02
1.409804982770430405e-02
1.408870243712475462e-02
1.402879962207455311e-02
1.258075619606595363e-02
1.294792021967862763e-02
1.241585749544595399e-02
1.317513459607174559e-02
1.302518176012917514e-02
1.254174574033210116e-02
1.268852536419504649e-02
1.186392510211781506e-02
1.201359986474639409e-02
1.143310998419397838e-02
1.207167728755034926e-02
1.188678686556063173e-02
1.090228082121987019e-02
1.081083097348087795e-02
1.186413842400437825e-02
1.229407104026330154e-02
1.240227170484630749e-02
1.184145312168096223e-02
1.123864492891650524e-02
1.142771733238508863e-02
1.153268586648137882e-02
1.156228462136105542e-02
1.188495858131270733e-02
1.185844642551321659e-02
1.215003357317886827e-02
1.262002163811733885e-02
1.646945556919825540e-02
1.750641105402457251e-02
1.656196712467231102e-02
1.912423350701206518e-02
1.389901016495729766e-02
1.364572679525927548e-02
1.138633827825910085e-02
1.129421243738186996e-02
1.117314653177010376e-02
1.214821867056583085e-02
1.392922898460375626e-02
1.556858866426505568e-02
1.295344536437800093e-02
1.183899776323845549e-02
1.209637993260433836e-02
1.364293415099382401e-02
1.247652296565080962e-02
1.252143825159261065e-02
1.112185918578976161e-02
1.040214765816926956e-02
1.031894521101524992e-02
1.066242094690862501e-02
1.130548266595915799e-02
1.158001705219871037e-02
1.169643624636687758e-02
1.133057563320586519e-02
1.252885339291472111e-02
1.344660012737700777e-02
1.490033609106352491e-02
1.329032797366380692e-02
1.278680690417164333e-02
1.117699358024095216e-02
1.083076808993753588e-02
1.133117378738365648e-02
1.336512454834423540e-02
1.330881428561712584e-02
1.755834081651348744e-02
1.495822955315050280e-02
1.337990159855077105e-02
1.404831690811797137e-02
1.336517307515207136e-02
