7.162546270033892881e+00
5.049892930423512283e+00
4.610805174883673807e+00
4.057163519017836784e+00
1.519515595015357601e+00
5.822654997601228732e-01
4.993712533922756158e-01
3.851153061670415378e-01
3.913936597459456435e-01
3.538903278463026991e-01
3.249495388830409559e-01
3.013654789503882880e-01
3.493150954737382907e-01
3.703845923437791843e-01
3.437482662060681315e-01
2.690478835035772787e-01
2.725159482044332004e-01
3.096843563458498982e-01
2.693644499077516574e-01
2.595198759261299615e-01
2.571802586317062378e-01
2.497712724349077928e-01
2.527580208638134929e-01
2.558608326841803060e-01
2.108186544740901225e-01
2.247433636118383871e-01
2.117043347919688456e-01
2.028841148404514072e-01
2.172762869912035211e-01
2.223937853294260247e-01
2.168698538752163174e-01
2.031488357221379049e-01
2.346359754309934598e-01
1.880511939525604248e-01
1.957484825569040521e-01
2.079782450900358182e-01
2.174164608997457282e-01
2.175434293115840190e-01
2.118258178234100342e-01
2.045642755487386000e-01
2.194906999083126309e-01
1.796045434825560561e-01
1.822223268887575853e-01
1.701731138369616259e-01
1.698211839093881625e-01
1.749025898821213731e-01
1.926382157732458578e-01
1.903802984777618890e-01
1.893111559398034105e-01
1.921151674845639479e-01
2.052703114116893046e-01
1.768864476505447869e-01
1.877299275468377604e-01
1.764936298131942749e-01
1.487854920765932787e-01
1.480658369905808458e-01
1.782208659193094957e-01
1.979808570707545512e-01
1.774989432271789069e-01
1.629553853588945611e-01
1.471061180619632480e-01
1.456791955758543478e-01
1.480376304072492377e-01
1.714616509921410570e-01
1.735717084477929606e-01
1.523363147588337185e-01
1.281222793109276781e-01
1.455707107396686795e-01
1.413184312336585036e-01
1.497295231503598945e-01
1.531311729375053887e-01
1.336813783820937629e-01
1.413441918352071058e-01
1.368759537444395047e-01
1.246154032209340207e-01
1.364565649453331475e-01
1.342007894726360562e-01
1.437345721265848864e-01
1.338087916374206543e-01
1.370164410156362311e-01
1.518392904716379388e-01
1.527950255309834249e-01
1.484676362837062114e-01
1.404776332132956496e-01
1.212195863618570207e-01
1.228335267480681892e-01
1.370134384316556708e-01
1.332269630887929213e-01
1.240564567201277724e-01
1.212604825987535356e-01
1.208123415708541870e-01
1.208622736089369765e-01
1.227151742752860542e-01
1.234805675990441332e-01
1.812136006705901137e-01
1.551679644514532552e-01
1.453565788619658461e-01
1.092955478850533013e-01
1.033276214319116953e-01
1.080625193083987468e-01
9.829506256124552477e-02
9.030327836380284967e-02
9.976801407687804768e-02
1.119150567580671912e-01
9.796544230159591471e-02
9.999534005627912225e-02
8.957574253573137579e-02
1.093373658025965922e-01
9.432160525637514614e-02
9.638283314073786689e-02
9.383402216960401443e-02
9.161775624927352701e-02
1.062769565512152320e-01
9.001148360617020061e-02
9.195912454058141616e-02
9.608430678353589716e-02
1.052851023919442186e-01
8.774508601602386271e-02
9.398401747731600919e-02
1.030009691329563382e-01
9.136487324448193392e-02
1.017360419911496755e-01
9.290822244742337477e-02
9.864098293816342400e-02
1.059198088067419413e-01
8.799215011736925829e-02
9.822576493024826050e-02
9.657256436698577473e-02
9.446689793292213644e-02
9.359718990676543782e-02
9.669460487716338704e-02
8.923392896266545138e-02
9.583902337095316637e-02
9.242662590216188523e-02
9.668459304991890157e-02
9.652520409401725565e-02
8.760058134794235229e-02
1.018636380048359158e-01
9.785988488618065084e-02
1.047797785962329142e-01
1.044089881812824971e-01
9.618718133253209568e-02
8.868080289924845649e-02
9.552238048876032783e-02
9.576409134794683364e-02
9.549739934942301500e-02
9.765349547652636686e-02
9.326521088095272860e-02
9.805231146952685106e-02
9.433612512315020515e-02
9.510509253424756504e-02
9.702096748001434734e-02
9.435767198310178461e-02
9.820831347914303622e-02
9.232814390869702181e-02
9.793157524922314894e-02
9.441440158030565966e-02
1.011751960305606601e-01
9.312252875636606309e-02
9.552517051205915155e-02
9.306949289406046821e-02
1.001511093448190087e-01
1.045074940604322072e-01
1.002582125365734100e-01
9.997395163073259650e-02
9.702776372432708740e-02
9.717737664194668612e-02
1.066344735376975050e-01
9.783928074380930651e-02
9.335590636028963385e-02
1.007571417619200355e-01
9.107593534623875664e-02
1.029475500040194502e-01
9.708226735101026239e-02
9.418090082266751539e-02
9.198194698375813938e-02
1.054075653938686130e-01
9.906216951854088237e-02
7.914030004073591140e-02
9.298529256792630038e-02
1.007038740550770528e-01
8.331067750559133234e-02
9.939794351949411688e-02
9.256714757751016709e-02
9.621027199661030815e-02
9.492775600622682663e-02
9.496768301024156866e-02
8.652653413660385540e-02
9.591765570289947918e-02
9.479098986176882902e-02
9.274065757499021234e-02
9.962193887023364225e-02
1.033533859778853065e-01
9.924414534779156527e-02
9.477410421651952244e-02
1.006824080558384182e-01
9.882871236871271226e-02
1.000657059690531620e-01
9.503631951177821113e-02
1.027133828576873298e-01
9.103886739296071506e-02
9.941585646832690193e-02
1.055135658996946696e-01
9.494948168011273226e-02
1.021803372046526798e-01
1.071967053062775621e-01
9.655054395689684210e-02
9.588562434210497198e-02
9.039228541009566853e-02
1.052730057169409400e-01
1.019388943472329251e-01
9.457017262192334017e-02
9.373510431717424485e-02
9.287628312321270785e-02
9.584138410932876995e-02
9.828807369751088596e-02
9.725875714245964254e-02
1.020117963061613203e-01
8.883155246867853461e-02
1.013419715797199971e-01
9.273210518500384081e-02
9.487137198448181152e-02
9.621789503623456863e-02
9.330195714445675692e-02
9.333531602340586208e-02
9.741618878701154005e-02
8.729387973161305270e-02
9.678415340535781453e-02
9.522005477372337545e-02
1.026067913455121633e-01
1.080475495580364709e-01
9.978493719416506313e-02
9.352402432876474880e-02
9.615982762154411112e-02
9.454570929793749967e-02
8.990903680815416632e-02
1.017003664199043755e-01
1.009742911247646091e-01
9.976130395251162075e-02
9.747098386287689209e-02
9.394900237812715826e-02
8.998683314113055387e-02
1.036825142800807953e-01
9.588668495416641235e-02
1.011385639362475386e-01
9.559237474904340448e-02
9.704422556302126635e-02
9.287828469977658929e-02
9.980759528629920552e-02
1.021917326485409505e-01
1.004115864634513855e-01
9.231246701058219706e-02
9.850815201506894769e-02
1.005536580786985518e-01
9.850612677195492994e-02
8.687373206895940281e-02
9.302064601112813857e-02
1.045324186630108843e-01
9.803681338534635248e-02
9.265457948341089545e-02
9.310129284858703613e-02
9.266570867861018135e-02
1.010521904510610219e-01
1.003815996296265611e-01
1.077816168613293657e-01
9.560851073440383707e-02
9.819237756378509929e-02
1.036707053289693953e-01
9.700296074151992798e-02
9.225107072030797051e-02
9.104405562667285123e-02
9.119915523949791158e-02
9.624671278630986260e-02
9.404031450257581415e-02
8.776120622368420443e-02
1.015175083542571299e-01
9.660681534339399246e-02
8.775987037841011251e-02
9.931621349909726393e-02
9.993738242808510031e-02
8.852348761523470833e-02
9.832231174497042814e-02
9.564114449655308769e-02
1.037498432047226915e-01
8.828901981606203375e-02
9.012747753192396072e-02
9.478833000449572721e-02
9.669545139460002103e-02
9.479773745817296482e-02
9.076605868690154622e-02
9.400615402880836691e-02
9.888661565149531318e-02
9.895382646252126602e-02
9.646802527063033650e-02
1.063379610286039473e-01
9.880021258312113308e-02
9.227487225742901644e-02
9.052600755411036038e-02
1.045271127539522532e-01
9.795948096057947863e-02
