6.014404647490557698e-01
1.904376640039331658e-01
1.104590090758660326e-01
7.362881193266195001e-02
6.447044716161839939e-02
5.430383235216140747e-02
4.257136846289915483e-02
3.901060473392991418e-02
3.632226520601440634e-02
4.349046047119533437e-02
3.504776352030389286e-02
3.122789916746756753e-02
3.711659132557756924e-02
3.173913116402485995e-02
3.193519165848984764e-02
3.381897706319304114e-02
3.413976422127555643e-02
3.120998041156460359e-02
3.183386014664874031e-02
3.226189183838227420e-02
3.246736953801968723e-02
3.296166088651208276e-02
3.178158796885434401e-02
2.698383359786342070e-02
2.932409054654486202e-02
3.067011309458929011e-02
2.948394461589701199e-02
3.154837844126364560e-02
2.848728811916182921e-02
2.668706437244134852e-02
2.715854741194669020e-02
2.618496229543405482e-02
2.787634763209258931e-02
2.564593338791061952e-02
2.877616137266159058e-02
2.677750817554838680e-02
2.876157828551881290e-02
2.744582854211330414e-02
2.863985530155546688e-02
2.825979329645633698e-02
2.623010623980970984e-02
2.576306999167975176e-02
2.498879897243836204e-02
2.570359858081621221e-02
2.642412943875088391e-02
2.580654621124267578e-02
2.391828136409030262e-02
2.726617291131440413e-02
2.728309011196388897e-02
2.649173304876860369e-02
2.513280215070528081e-02
2.694017089465085280e-02
2.877947030698551831e-02
2.760583885452326525e-02
2.679600720019901378e-02
2.583963193875901676e-02
2.520977355101529371e-02
2.381764954942114376e-02
2.436645241344676319e-02
2.483198758872116191e-02
2.436030908104251311e-02
2.771241820472128414e-02
2.417191107045201653e-02
2.743315170792972463e-02
2.558217340094201542e-02
2.469891364521839897e-02
2.315738446572247755e-02
2.696927121895201229e-02
2.570385617368361672e-02
2.671733717708026784e-02
2.502479283686946318e-02
2.740271038868848097e-02
2.590619619278346913e-02
2.514316163518849623e-02
2.598776734050582335e-02
2.427717506447259199e-02
2.472236555288819665e-02
2.594205342671450365e-02
2.507529681658043560e-02
2.482817847939098460e-02
2.328363301999428550e-02
2.510194085976656664e-02
2.762066057937986874e-02
2.643830986583934131e-02
2.552389967090943138e-02
2.440426476738032091e-02
2.558422800810897929e-02
2.450437997193897349e-02
2.519490602700149434e-02
2.602874750600141576e-02
2.343847876524223980e-02
2.677714638411998749e-02
2.504636993741287884e-02
2.640777486650382894e-02
2.343103322474395650e-02
2.416570265503490550e-02
2.234576938345151850e-02
2.431841567158699036e-02
2.481220322935020345e-02
2.667010893278262337e-02
2.410843387684401262e-02
2.572709628764320924e-02
2.339720342527417535e-02
2.431774238014922443e-02
2.286756433108273756e-02
2.247298267834326943e-02
2.074644462588955476e-02
2.196358012802460472e-02
2.673991988686954396e-02
2.373862463761778480e-02
2.175803997499101139e-02
2.202516410718945855e-02
2.232564668006756584e-02
2.306798823616083849e-02
2.215161393670474904e-02
2.178687996724072706e-02
2.038757612600046107e-02
2.623907619101159550e-02
2.416790430160129649e-02
2.375281152918058344e-02
2.141153965802753550e-02
2.086968172122450477e-02
2.422416615573799031e-02
2.413930908283766497e-02
2.400413396603920738e-02
2.609734905554967829e-02
2.484400395084829932e-02
2.324413552003748440e-02
2.264035712270175832e-02
2.386016256230719113e-02
2.527494454646811786e-02
2.174767194425358471e-02
2.234952557174598592e-02
2.186636560980011537e-02
2.305794814053703859e-02
2.125452250680502642e-02
2.704043697346659308e-02
2.547776479931438548e-02
2.344352083609384588e-02
2.305409849128302324e-02
2.495409340104635942e-02
2.642733921461245736e-02
2.577801344587522456e-02
2.392868785297169384e-02
2.158349237459547543e-02
2.117808776743271629e-02
2.408935370690682212e-02
2.255427914068979314e-02
1.967031662078464610e-02
2.312183588304940474e-02
2.147559032720677830e-02
1.879703428815392846e-02
2.360697276890277863e-02
2.347461955950540594e-02
2.480446832144961658e-02
2.387190336251960102e-02
2.380054433117894525e-02
2.546251411823665517e-02
2.584033415598027683e-02
2.431921069236362559e-02
2.214751732261741740e-02
2.278384193778038025e-02
2.500614786849302343e-02
2.272204276831710917e-02
2.176918231827371097e-02
2.090821689104332623e-02
2.217265360933892704e-02
2.437626110280261341e-02
2.195385153241017143e-02
2.155031165217652020e-02
2.169404145987594706e-02
2.153480721308904597e-02
2.100795036291374859e-02
2.465396188199520111e-02
2.252484562204164556e-02
2.296807682689498351e-02
2.275774507399867461e-02
2.031713526915101403e-02
2.185569846016519047e-02
2.258734821396715664e-02
2.146986159769927877e-02
2.215340251431745580e-02
2.212225415689103580e-02
2.085450280676869744e-02
2.040987483718816053e-02
2.119161352953490007e-02
1.903551762156626900e-02
2.109449608799289153e-02
2.128200934213750339e-02
2.168667743749478141e-02
2.140359306598410907e-02
2.297718932523446986e-02
2.174994042691062376e-02
2.149654672864605501e-02
2.227833089144790751e-02
2.021833213374895147e-02
2.084264224942992613e-02
2.209174808333901757e-02
2.274940020459539913e-02
2.608308141284129342e-02
2.141644170179086634e-02
2.028261223698363605e-02
2.133699112078722704e-02
2.541764201048542574e-02
2.542266118175843040e-02
2.327832908314816929e-02
2.267804314546725472e-02
2.043118042980923352e-02
2.093605434193330714e-02
1.977451912620488417e-02
2.162646535126602071e-02
2.262862936100538958e-02
2.114131465992506731e-02
2.011966584798167632e-02
2.070488517775255152e-02
2.002699388300671277e-02
2.150180902989471537e-02
2.076527739272398046e-02
1.870092486633974024e-02
2.148009902414153502e-02
2.263803736251943088e-02
2.152201325139578569e-02
2.392560539438444087e-02
2.164867838077685555e-02
2.047746080686064368e-02
2.248323369113838094e-02
2.136691604905268868e-02
2.035997829893056166e-02
2.098106373758876902e-02
2.120501241263221190e-02
2.188427844906554523e-02
1.980815712800797213e-02
1.802506812793366886e-02
2.044970399754889034e-02
1.909616994945442098e-02
2.070388406076852095e-02
2.124949237879584715e-02
2.340303942122880232e-02
2.371927832855897852e-02
2.402143432375262663e-02
2.125163529725635631e-02
2.157111071488436449e-02
2.298658976660055211e-02
1.983343689318965361e-02
2.146451229996540824e-02
2.189848068005898277e-02
2.026623520342742818e-02
2.021311201593455065e-02
2.212435774066869032e-02
2.141527459025382996e-02
2.175634299569270333e-02
2.156558851985370534e-02
2.061097356764709371e-02
1.815643501194084269e-02
1.798933717038701460e-02
2.152793087503489244e-02
1.932942790581899592e-02
2.162463327541070887e-02
2.138198572484886067e-02
2.194245006231700795e-02
2.094622515141963959e-02
2.056452423772391069e-02
2.020440360202508875e-02
2.048572404857943938e-02
2.128088112701388007e-02
2.090465573265272090e-02
2.039958711932687158e-02
2.202763167374274453e-02
2.080066414440379444e-02
2.049276890123591724e-02
1.944071262636605513e-02
1.981063417213804745e-02
2.152831556604188970e-02
2.371157815351205775e-02
2.113595133756889996e-02
2.207404813345740721e-02
2.360762337989666740e-02
2.277221355368109351e-02
2.082845859010429984e-02
2.095887141630929998e-02
2.045682905351414380e-02
1.972245172980953767e-02
1.832573192522806219e-02
1.932053487090503591e-02
1.924414341064060313e-02
2.284880415262544734e-02
2.109479115289800144e-02
1.888849345200202187e-02
2.182351841646082424e-02
2.524655925876953880e-02
2.027173121185863597e-02
2.239938398056170663e-02
2.157911066623294932e-02
1.848068559432730976e-02
2.088078407242017695e-02
2.000140727442853428e-02
2.395863929653868976e-02
2.306348008706289240e-02
1.895963137640672633e-02
1.939086725606637904e-02
