5.033841992125791531e-01
9.029053721357793716e-02
6.374342410879976772e-02
3.482295353622997386e-02
2.428255263058578389e-02
2.053163803237326168e-02
1.488149226369226731e-02
1.261651565266006143e-02
8.110859677852952365e-03
7.495421998421935780e-03
8.216487462906277295e-03
6.251590709914179103e-03
6.318810888949562624e-03
4.834337091511663013e-03
4.987554405541981019e-03
5.783256006372325918e-03
5.537467488252064557e-03
4.627229933462598949e-03
4.217030042234589174e-03
3.303379053249955177e-03
5.410369554096285290e-03
5.490264855325222015e-03
8.526134934714612451e-03
8.707059026860138745e-03
6.907961057389483579e-03
5.727986531222567686e-03
4.759240772246438322e-03
5.021194078247337086e-03
5.916937432416221471e-03
5.450861418948453607e-03
7.591534994871300401e-03
5.482627996517454826e-03
3.972613430746337743e-03
3.497321884531308725e-03
3.103324910625815392e-03
3.272261059678652911e-03
3.170140662833171707e-03
2.398340969675165791e-03
2.691701636649668217e-03
2.661524278878727584e-03
2.083297065623542638e-03
2.058557460687177997e-03
2.207627040607964240e-03
2.149119480129550383e-03
2.246898105915854857e-03
2.006170880871222147e-03
1.850511632202302657e-03
2.385498010827337943e-03
1.984907184070085727e-03
2.173567129134693771e-03
1.721148536650135173e-03
1.605117693543434143e-03
1.917915685814531321e-03
2.294280223877114434e-03
2.266359967453514777e-03
2.282731584273278713e-03
1.904383226407363070e-03
1.579090285197119400e-03
1.886994906646363799e-03
1.983637510634520679e-03
2.174028921324540689e-03
1.925310311729417191e-03
2.473949694403392453e-03
2.157461850027389463e-03
2.569413401515168328e-03
2.861187683747095246e-03
2.113583723685758930e-03
1.905560020959990841e-03
1.929015051299596585e-03
2.026857828776187833e-03
1.750206061200622288e-03
2.440470496795194965e-03
1.903929446330841812e-03
1.813413643771234719e-03
2.021857866031282012e-03
2.114032655406524255e-03
2.746174159898039351e-03
2.919090555652099472e-03
2.470343983184327200e-03
2.730663537102587159e-03
2.835603656849878650e-03
1.957150395302211486e-03
1.969710588181281842e-03
1.917480984154869630e-03
1.958663794485961639e-03
1.748747945598819664e-03
1.487998148042927668e-03
1.740328662837033712e-03
2.635256900890347014e-03
2.416463657830129549e-03
2.458383493563708316e-03
4.788979983833783170e-03
4.486966111204203182e-03
2.743545974440434604e-03
2.020362449590774271e-03
1.791390138404334344e-03
1.928465913378578801e-03
1.671571715954033857e-03
1.681428957347045824e-03
1.524244257084587028e-03
1.544286277802551545e-03
1.700696912046302869e-03
1.910853768041466914e-03
1.582071828820249626e-03
1.888040706570095952e-03
2.043536734109853946e-03
1.656328797039082834e-03
2.229227472151465352e-03
2.176425467683550368e-03
2.330719363218282901e-03
1.796285286271835126e-03
1.644210040788440233e-03
1.566608313142376762e-03
3.213310114327160624e-03
3.951270557830438741e-03
3.290799240965177133e-03
2.714236828443758551e-03
2.222841133034842830e-03
1.669315539081306929e-03
1.969686257379020013e-03
1.510208951966727532e-03
1.256524550947634702e-03
1.422769766684402540e-03
2.076200476628454420e-03
1.685398726669304435e-03
1.623532680027625153e-03
1.578774049823336665e-03
1.496986349058501784e-03
1.496799872256815434e-03
1.365341304335743189e-03
1.846423153491581239e-03
1.828358830500613139e-03
2.695011656375273339e-03
3.434690790634383276e-03
2.542471252929638312e-03
2.253698643899577480e-03
2.334330525413593621e-03
2.000074224163065836e-03
1.864952624172848839e-03
1.450931728707955228e-03
1.338992278119001357e-03
1.342854325604789321e-03
1.442613580045016284e-03
1.347522514954428360e-03
1.406633343054529460e-03
1.590652333106845617e-03
1.541429250638055425e-03
1.315146188169498756e-03
1.602786860209615702e-03
1.422679911175852262e-03
1.718137070865315575e-03
1.761705114725319868e-03
1.422705748529337708e-03
1.442096668624264378e-03
1.459441565470222203e-03
1.138125484644928386e-03
1.305711462491137165e-03
1.449306115425904110e-03
1.296253724242834573e-03
1.316659892087473525e-03
1.769455588039229796e-03
2.028183614396873464e-03
1.808922628269476075e-03
1.897357917829033168e-03
1.825903343748958583e-03
2.094975631574497350e-03
1.937447067843202321e-03
1.465494408929611005e-03
1.581586472799672736e-03
1.723043709609876559e-03
1.866368001655620713e-03
1.588192905354149278e-03
1.647715607438893790e-03
1.762706676826757569e-03
1.604737782412592141e-03
1.736212590271059243e-03
1.457719419918516090e-03
1.411604112945497036e-03
1.576335833627073293e-03
1.406044130870962895e-03
1.239510883084114822e-03
1.141394344706307337e-03
1.225263534305507697e-03
1.181048782788874383e-03
1.007451665560331376e-03
1.049880160922732385e-03
1.090680581161423577e-03
1.326421207255300315e-03
1.309634313014719454e-03
1.341694000396220212e-03
1.371488379150190761e-03
1.197894812588963477e-03
1.060481878298827818e-03
1.529785828418372398e-03
1.208236738902461905e-03
1.215506481992847856e-03
1.511933761374915398e-03
1.653566518250633791e-03
1.404620614587603336e-03
1.563958289539989265e-03
1.344186921521802261e-03
1.652446986340424607e-03
1.785120543311624055e-03
1.760694143526694367e-03
1.293759916306418557e-03
1.323120363796239339e-03
1.137043945217395581e-03
1.217213394257294756e-03
1.613096642198369847e-03
1.782088759629165374e-03
2.184488365481443341e-03
1.911636989782838350e-03
2.195309525739182546e-03
2.721632666447583188e-03
2.094677895964945115e-03
2.132428522386094899e-03
1.864921157796154902e-03
2.671453129390583166e-03
2.660186879117699358e-03
4.072257249123033100e-03
2.474088913432377201e-03
2.000628237831680086e-03
1.634458326460684098e-03
1.454896012814167706e-03
1.325796978027724091e-03
1.191599541069830216e-03
1.226407599032801766e-03
1.082348503747626199e-03
1.032482918269713237e-03
1.466631499009535657e-03
1.399321895887089152e-03
1.516624867423054012e-03
1.523890053195988380e-03
1.261690782163949484e-03
1.334927041384884527e-03
1.076236956150216240e-03
1.102860530783586566e-03
1.286307935301652739e-03
1.366672088967307462e-03
1.302902141640729840e-03
1.205570396611138238e-03
1.395951610688558409e-03
2.062546226250774797e-03
2.067251288441612593e-03
1.835508477490614340e-03
1.514047141159501108e-03
1.543601248961161063e-03
1.205223656999056779e-03
1.168250270626124175e-03
1.252024164012468990e-03
1.018142488593345128e-03
1.079767644542324167e-03
1.106842927744283332e-03
1.113474393016932731e-03
1.269583220538847510e-03
1.145112492582377227e-03
1.262245220406090461e-03
1.301149550058385918e-03
1.280367377844146082e-03
1.210917715284535101e-03
9.373820742920917432e-04
1.084973898661487166e-03
1.180946809814914121e-03
1.229313941782011642e-03
1.247575455208254237e-03
1.277935074861435419e-03
1.925308346364866183e-03
1.383848008973633491e-03
1.196104043629020452e-03
1.261186768876059903e-03
1.258685116601340834e-03
1.091750859118559768e-03
1.016942274017149962e-03
1.357511548763688835e-03
1.407800564158926890e-03
1.302328529110287868e-03
1.419847817434107505e-03
2.460243570727898947e-03
2.034040695220670075e-03
2.055326312342110624e-03
2.048619728371062904e-03
2.755030030932496474e-03
4.716529004166231283e-03
4.191991092418046252e-03
1.577664435128955239e-02
1.588190045646008242e-02
6.560954341993611993e-02
2.867392105433870866e-02
1.207110230975291278e-02
7.762570372399161742e-03
5.880440434660105450e-03
4.261674838798011102e-03
2.836840857258614550e-03
2.540515680961748929e-03
2.062147092895910867e-03
1.867190886781934468e-03
1.462026869001634057e-03
1.502657617332742558e-03
1.558552708421998088e-03
1.645358738160746914e-03
