2.011567185322443718e-01
1.020831582446893038e-01
9.393287251392999637e-02
8.283301865061123981e-02
8.160113493601481305e-02
7.883687391877174100e-02
7.819831594824791510e-02
7.868525882562001084e-02
6.606144408384959088e-02
5.884522770841916356e-02
4.985233508050442019e-02
6.050977061192194806e-02
5.561188111702600884e-02
5.497961814204851971e-02
5.370697428782780780e-02
5.710854157805442949e-02
4.507009275257587572e-02
6.966976697246234085e-02
6.469481686751048233e-02
7.196964869896570194e-02
6.772490491469701501e-02
5.315672171612580849e-02
4.958113580942154208e-02
4.406545311212539673e-02
4.090021476149559299e-02
4.737455310920874602e-02
4.609961012999216901e-02
4.459849223494529585e-02
4.971487162013848299e-02
4.525569081306457520e-02
4.926884857316812111e-02
5.356113115946451592e-02
4.757764637470245084e-02
4.629812470326821056e-02
4.533904120326041898e-02
5.280363758405049596e-02
4.948760420083999495e-02
5.213409736752509793e-02
4.605272312959034914e-02
4.346285350620746751e-02
5.132185195883114809e-02
4.417669003208478384e-02
4.843170344829559465e-02
4.697857151428858763e-02
4.368514840801556581e-02
4.072922232250372754e-02
4.933493261535962238e-02
3.784370484451452660e-02
4.105817663172880994e-02
4.584603415181239677e-02
4.602764149506886893e-02
3.749242673317591118e-02
5.218498719235261513e-02
4.783409883578618182e-02
4.198737690846125054e-02
4.688856936991214752e-02
4.971266910433769226e-02
4.655508138239383698e-02
4.758425541222095767e-02
4.567725161711375104e-02
3.945735829571882930e-02
4.510626879831155372e-02
4.243166074156760892e-02
4.135279220839341296e-02
3.911534398794173917e-02
4.032884898285071101e-02
4.469284949203332358e-02
3.621780487398306575e-02
3.755779831359783855e-02
4.480660321811835017e-02
4.430458222826321596e-02
4.354525506496429582e-02
3.909061613182227002e-02
4.121128730475902280e-02
3.733613143364588466e-02
3.795065147181352072e-02
4.095497714976469722e-02
5.053235143423080722e-02
4.505853243172168454e-02
4.298574787875016762e-02
4.100764679412047253e-02
5.075658932328223905e-02
5.020129481951395717e-02
3.637082067628701759e-02
3.937742734948793816e-02
5.014504753053188046e-02
4.284231240550676750e-02
3.988756202161312242e-02
3.835323738555113798e-02
3.853049625953038765e-02
4.042659153540929112e-02
3.958436660468578339e-02
5.057217044134934558e-02
4.104433121780554777e-02
4.128882077833016806e-02
4.376011441151301390e-02
4.297060209016004967e-02
3.989116276303927150e-02
3.291139223923286034e-02
3.236075664560000148e-02
3.662162243078152107e-02
2.955138509472211156e-02
4.028626357515652928e-02
3.560624998062848767e-02
3.240130754808585173e-02
3.925791506965955330e-02
3.774950404961904121e-02
3.146358691155910769e-02
3.245139047503471652e-02
3.814599253237247606e-02
3.193843128780524121e-02
3.076103938122590545e-02
3.081157201280196670e-02
3.254938187698522972e-02
3.073709209760029995e-02
2.808851910134156638e-02
3.458037972450256348e-02
3.395900043348471647e-02
2.848102077841758659e-02
3.126515261828899384e-02
3.874822805325190550e-02
3.940738489230474068e-02
3.952986902246872353e-02
3.488477468490600725e-02
3.285194175938765254e-02
2.772285565733909746e-02
3.164178108175595694e-02
3.228486583878596716e-02
3.162443302571773390e-02
3.153372245530287193e-02
2.958198568473259515e-02
3.460956749816735539e-02
2.956505529582500319e-02
3.308653223017851697e-02
3.403010573238134107e-02
2.861300980051358425e-02
3.121268103520075457e-02
4.478551174203555113e-02
5.108316813906033788e-02
4.963045281668503755e-02
4.518977453311284059e-02
4.495537206530571261e-02
4.397605769336223464e-02
4.240081061919530325e-02
3.212696872651576996e-02
3.714471136530240331e-02
4.432154148817062100e-02
4.923953736821810173e-02
3.541794344782829562e-02
2.962882605691750937e-02
2.534069418907165458e-02
2.692624405026435713e-02
2.835999416808287349e-02
3.060021623969078064e-02
3.101981480916341308e-02
3.089281227439642091e-02
3.002644963562488625e-02
3.313325953980286731e-02
3.077681921422481537e-02
3.177576536933580942e-02
2.637676460047562801e-02
2.501455731689929823e-02
2.751520201563835075e-02
3.338498050967852321e-02
3.431186390419801308e-02
3.597482554614543637e-02
3.097917189200719359e-02
3.201277243594328331e-02
3.293871376663446565e-02
3.379518563548723764e-02
2.787062798937161787e-02
3.456118330359458923e-02
2.696761743475993567e-02
2.856942024081945281e-02
2.937053715189297948e-02
2.583945896476507256e-02
3.007690937568744186e-02
2.904909861584504399e-02
2.699949797242879798e-02
2.664238338669141018e-02
3.081163559108972619e-02
2.847071712215741568e-02
3.035875658194224155e-02
3.366735863188902861e-02
2.719499443968137128e-02
3.716242412726084715e-02
2.711906669040520940e-02
2.934743613004684587e-02
2.729585723330577376e-02
3.907042816281318387e-02
3.503822895387808528e-02
2.963333750764528957e-02
2.787964505453904493e-02
2.733704727143049240e-02
2.470503921310106960e-02
2.281056170662244115e-02
2.845713123679161072e-02
2.460886202752590041e-02
2.359104879821340151e-02
2.429365627467632363e-02
2.876102309674024443e-02
3.710510159532229291e-02
3.189512391885121478e-02
2.526876231034596784e-02
2.535445789496103969e-02
2.852914407849311759e-02
3.287877241770426756e-02
2.792117459078629835e-02
2.776255508263906005e-02
2.365118917077779770e-02
2.930210667351881501e-02
2.655035133163134373e-02
2.442147055019934856e-02
2.875338060160477840e-02
3.191948967675368315e-02
3.013192464907964163e-02
2.834530323743820329e-02
2.397010574738184588e-02
2.857153390844663007e-02
2.915237794319788453e-02
2.830213910589615342e-02
2.833628132939338545e-02
2.889722734689712663e-02
2.529915347695350578e-02
2.638172606627146519e-02
2.947277519851922850e-02
2.927847535659869674e-02
2.715899261335531778e-02
2.346213012933730940e-02
2.587684566775957581e-02
2.198384907096624305e-02
2.970683351159095903e-02
2.289580330252647539e-02
2.590081846962372439e-02
2.667651946345965183e-02
2.844927683472633223e-02
2.494082041084766388e-02
2.311040641119082792e-02
2.632442970449725902e-02
2.507781436045964513e-02
3.962218537926674028e-02
3.302872013300657550e-02
2.358818349118034161e-02
2.361744033793608186e-02
2.433304823935032030e-02
2.835035920143127303e-02
2.544713821262121339e-02
3.160581725339094844e-02
2.560998983681201865e-02
2.085848096758127074e-02
2.352350006500879970e-02
2.982460844020048615e-02
2.694628685712814262e-02
3.085259497165680070e-02
2.067109551280736993e-02
2.614565597226222241e-02
2.923808656632900099e-02
2.560950722545385361e-02
2.497355863451957564e-02
2.576607627173264914e-02
2.658891069392363068e-02
3.255170186360677176e-02
2.888677231967449327e-02
2.341701810558637076e-02
2.767520807683467726e-02
2.483967735121647355e-02
2.358883470296859602e-02
2.535643142958482130e-02
2.437747282286484990e-02
2.287801538283626077e-02
2.619786672294139793e-02
2.220974223067363057e-02
2.377248574048280647e-02
2.178402468562126021e-02
2.175071788951754570e-02
2.242651097476482461e-02
2.117260297139485561e-02
2.556594349443912575e-02
2.040606532245874474e-02
2.252559053401152409e-02
2.278751389433940344e-02
2.072698486347993377e-02
2.409389490882555759e-02
2.444706118355194704e-02
2.136696390807628701e-02
2.079893605162700179e-02
2.368592259784539633e-02
2.396133833875258717e-02
2.238039368142684393e-02
2.021051906049251695e-02
1.987148895859718392e-02
2.457037176936864922e-02
2.328328862786293099e-02
2.292641866952181001e-02
2.375719261666138851e-02
2.812295965850353241e-02
2.796879044423500674e-02
2.359352204948663573e-02
2.192789999147256100e-02
2.619436774402856757e-02
