1.978418721506992883e-02
1.328907379259665865e-02
1.174459947894016844e-02
1.085927343616882937e-02
1.202141089985767942e-02
1.091535861293474810e-02
1.114868863175312759e-02
1.146649581690629277e-02
1.106593254953622783e-02
1.149237447728713307e-02
1.232463469107945679e-02
1.262015023579200063e-02
1.165168030808369330e-02
1.179658081382512977e-02
1.163588091731071472e-02
1.116327475756406784e-02
1.110544720043738637e-02
1.053821084400017975e-02
1.073529906570911373e-02
1.112867401291926621e-02
1.068852848062912600e-02
1.080327269931634186e-02
1.065338427821795227e-02
1.102551575750112568e-02
1.036544082065423387e-02
1.047040646274884600e-02
1.125492279728253740e-02
1.178342066705226863e-02
1.145594300081332478e-02
1.135453705986340898e-02
1.069610808044671978e-02
1.085852564622958455e-02
1.038473981122175864e-02
1.148584894835948979e-02
1.116925912598768812e-02
1.119110826402902603e-02
1.104339348773161582e-02
1.090553514659404685e-02
1.136368457227945362e-02
1.112600993365049293e-02
1.122011902431646960e-02
1.157975339641173669e-02
1.163814359654982873e-02
1.142321495960156065e-02
1.026712668438752550e-02
1.134514641016721656e-02
1.082743921627601046e-02
1.041311118751764297e-02
1.115011591464281152e-02
1.132863312959670951e-02
1.152402951071659735e-02
1.051729079335927963e-02
1.087784891327222246e-02
1.166403001795212474e-02
1.092340232183535917e-02
1.061646466453870091e-02
1.032325221846500975e-02
1.103509465853373152e-02
1.051058843731880223e-02
1.049022922913233485e-02
1.047402912129958424e-02
1.073789590348800047e-02
1.064800384143988268e-02
1.114146411418914795e-02
1.049547648678223269e-02
1.036114419500033107e-02
9.877769835293292652e-03
1.014285714675982816e-02
1.067136432975530555e-02
1.090258099138736655e-02
1.064486081401507141e-02
1.109838510553042175e-02
1.108399108052253793e-02
1.111697151015202285e-02
1.096539658804734571e-02
1.148217481871446032e-02
1.095848015199104956e-02
1.058843228965997661e-02
1.073292779425779990e-02
1.041763300697008850e-02
1.086384213219086271e-02
1.046156858404477356e-02
1.024406254291534459e-02
1.019911064455906492e-02
1.064220592379569973e-02
1.062213424593210290e-02
1.097581585248311349e-02
1.003804293771584817e-02
1.147128604352474178e-02
1.111679946382840463e-02
1.087735580901304927e-02
1.107803123692671469e-02
1.088407753656307937e-02
1.060385679205258676e-02
1.089520075668891190e-02
1.081541205445925476e-02
1.067566846807797669e-02
1.029113698750734260e-02
1.022867796321710009e-02
1.046639575312535014e-02
1.042950668682654687e-02
1.082479469478130410e-02
1.070240717381238868e-02
1.042190467317899091e-02
1.066339506457249404e-02
1.066800610472758669e-02
1.073009905715783391e-02
1.176798256735006945e-02
1.010704170912504231e-02
1.040298193693161080e-02
1.036404141535361527e-02
1.050885530809561423e-02
1.060292224089304583e-02
1.065569315105676686e-02
1.035869071880976371e-02
1.053335809459288869e-02
1.106142395486434289e-02
1.174477295329173429e-02
1.470928154885768960e-02
1.166234612464904855e-02
1.060262769460678170e-02
1.068956082065900155e-02
1.071129888296127285e-02
1.080212617913881880e-02
1.191927287727594445e-02
1.213064361363649403e-02
1.203095360348621981e-02
1.179317707816759757e-02
1.129790699730316879e-02
1.187402053425709418e-02
1.083887194593747411e-02
1.121390045930941923e-02
1.065690126270055736e-02
1.050012229631344489e-02
1.114045294622580291e-02
1.112291347235441243e-02
1.043593821426232714e-02
1.088711644212404968e-02
1.129005073259274107e-02
1.090074963867664407e-02
1.199431022008260080e-02
1.092337040851513487e-02
1.051306643833716664e-02
1.036345250904560124e-02
1.011491889754931144e-02
1.021057677765687365e-02
1.061245525876680987e-02
1.051402365167935712e-02
1.033822000026702811e-02
1.085747871547937393e-02
1.018413354953130040e-02
1.053514387458562816e-02
1.034247564772764784e-02
9.989463910460471413e-03
1.038056711355845110e-02
1.110418178141117131e-02
1.050579808652401040e-02
1.166770799706379549e-02
1.075476178278525659e-02
1.040597856044769322e-02
1.046028733253479004e-02
1.064088866114616325e-02
1.047487693528334311e-02
1.014515894154707602e-02
1.058620214462280273e-02
1.022104844450950553e-02
1.006322049846251725e-02
9.992655987540880261e-03
1.067356063673893622e-02
9.881569693485895214e-03
1.113880810638268742e-02
1.172918292383352996e-02
1.137468709299961807e-02
1.072292986015478851e-02
1.090711659441391708e-02
1.103652597715457269e-02
9.953615317742029595e-03
1.084801970670620612e-02
1.116069524238507034e-02
1.057220641523599555e-02
1.082925417770942006e-02
9.926749082903066693e-03
9.825667925179004322e-03
1.016391596446434599e-02
1.077771292378505025e-02
1.097565442323684623e-02
1.028025411069393227e-02
1.092738453298807214e-02
1.237388079365094561e-02
1.115285065025091102e-02
1.035645355780919451e-02
1.058517911781867334e-02
1.084953894217808960e-02
1.073716996858517340e-02
1.039890286823113782e-02
9.836886450648308147e-03
1.036352527638276406e-02
1.000544615089893341e-02
1.008277858297030108e-02
9.954601277907688603e-03
1.008705825855334658e-02
1.046509519219398533e-02
1.011762966712315831e-02
1.034298607458670853e-02
1.052894424647092889e-02
1.021752543747425114e-02
1.010297692070404735e-02
9.804313567777474606e-03
1.064654209961493798e-02
1.102150951822598694e-02
1.057316704342762571e-02
1.057435534894466365e-02
1.055743706723054169e-02
1.031356876095135960e-02
1.091020206610361816e-02
1.130620085944731949e-02
1.038004476577043464e-02
9.854633919894694935e-03
9.930064032475153374e-03
1.012150452782710312e-02
1.020415394256512370e-02
1.036561746150255203e-02
1.031401666502157824e-02
1.006757412105798756e-02
1.074474348376194648e-02
1.115597554792960473e-02
1.065416149795055459e-02
1.044775707026322602e-02
1.038795206695795025e-02
1.069927997887134587e-02
1.031154462446768998e-02
1.004326355954011235e-02
1.047605518251657451e-02
1.073349993675947259e-02
1.140098565568526540e-02
1.110524808367093462e-02
1.077572324623664139e-02
1.098945861061414141e-02
1.034113820642232860e-02
9.645507298409938465e-03
1.018246716509262767e-02
1.027358124653498378e-02
1.120058726519346237e-02
1.072060310592254026e-02
1.056906574716170652e-02
1.026389816155036210e-02
1.053581113616625445e-02
9.943215114374955726e-03
1.010189931839704583e-02
1.035783582677443811e-02
1.026008420934279748e-02
1.041122122357288939e-02
9.883609662453333305e-03
1.088572299728790896e-02
1.012021377682685921e-02
1.032392587512731552e-02
9.977684294184049202e-03
1.023041047155857051e-02
1.001195926219224965e-02
1.064664864291747434e-02
1.035389471799135278e-02
1.129672968139251027e-02
1.096145330617825236e-02
1.082427060852448122e-02
1.075775325298309291e-02
1.029693900297085421e-02
1.016339864581823280e-02
9.865809045732022026e-03
1.031479984521865845e-02
1.060803166280190231e-02
1.093457744767268452e-02
1.136932075023651054e-02
1.140496457616488150e-02
1.069645086924234968e-02
1.021916568279266323e-02
9.908433568974335873e-03
1.039527604977289778e-02
1.107925120741128956e-02
1.167900512615839721e-02
1.085219408075014692e-02
9.797128103673457405e-03
1.041281099120775801e-02
1.179127780099709782e-02
1.094879719118277243e-02
1.032994470248619658e-02
1.093889834980169874e-02
1.030708874265352966e-02
1.109102629125118325e-02
1.105647198855876957e-02
1.060203822950522151e-02
1.021468993276357720e-02
9.584264146784942165e-03
1.003973080466191020e-02
1.059256773442029953e-02
1.090039641906817743e-02
9.746339793006578503e-03
1.011818374196688311e-02
9.722799559434254849e-03
1.045802421867847443e-02
1.126613157490889174e-02
